study_id,image_id,roi_xmin,roi_ymin,roi_xmax,roi_ymax,width,height
b92866ae274bf695b28b2ae27e8bc1b4,b04c7c85b42e5886fb1ddf86273f80b7,1038,0,2012,2812,974,2812
caecf65d45d1bf3b259db3972da80132,f300a028034dc4a2cd7f9eba57987285,0,192,896,2393,896,2201
890398538938c4c126d4825a0c9ca418,349cb2da5b3a4ac1e58fc1ecddf1ef94,0,625,738,2599,738,1974
890398538938c4c126d4825a0c9ca418,efab084dd1c47a1f5750e4c7243751b1,1964,0,2800,2535,836,2535
b92866ae274bf695b28b2ae27e8bc1b4,b3e9bcccb175193705f4f94f06c0a9bb,1075,0,2012,2197,937,2197
caecf65d45d1bf3b259db3972da80132,1a7f2b4407e06947e1d5e07c0bee50f5,1047,0,2012,2595,965,2595
a4d12ca2beaf6714f136cdb1370b84fc,b34defc03b1fa5abdb118adc6251d242,0,229,732,2812,732,2583
a78eddaf5a0efb021e13e1509d38fc05,8f2597811c30c5b1185f53741a41c928,0,160,831,2553,831,2393
caecf65d45d1bf3b259db3972da80132,e71f904a8b9a94091c84a25a059ea8af,1136,105,2012,2431,876,2326
a4d12ca2beaf6714f136cdb1370b84fc,54716121c39ea4f99484a063f81a719e,1326,94,2012,2812,686,2718
6dcb4f036e7a15ca0d14514d99b6168d,4ef89ca43b0b1e52c7cfbd3b1817ce07,1865,434,2800,2560,935,2126
a78eddaf5a0efb021e13e1509d38fc05,62368ea4a996d3a22d5fefbf5e9e240a,1976,117,2800,2265,824,2148
c08d2b284f17700e6283db74df18c27d,4ab7502258a0f32ba81b39966639c0b1,1806,0,2800,2431,994,2431
ee2b9aa2efd32127a13f7e05f81300fd,c1dc717b59cf12044373748ca7f47c98,0,1046,791,3580,791,2534
65b536aabb9aa9bf840dccc3990cc11f,4e9a30abc9281b4571d9bf522e8c0a4c,1875,0,2800,2415,925,2415
26efe835b2281bb6ed87b85451e71f32,00ffbfd49b7723c0b03bf13e9c9d3893,0,0,837,3518,837,3518
a4d12ca2beaf6714f136cdb1370b84fc,9bbe1f4397d945131ba1833914b9bc13,0,0,1104,2812,1104,2812
b39dc24535eb59343826ada6dba9c25c,49cf2fb5ac026c585aea83e341a7794a,0,584,1260,2812,1260,2228
d7169c8f349e5c37fc0cf2ce78cdd4cb,91c76c5acb6cdf9e18869ef78c7d043a,824,72,2012,2608,1188,2536
65b536aabb9aa9bf840dccc3990cc11f,a15b471feec5426a3aa11892b4c2b44a,0,0,776,2513,776,2513
6dcb4f036e7a15ca0d14514d99b6168d,32acf8cd99383dd1ad403819685d28e8,0,0,1376,2618,1376,2618
d7169c8f349e5c37fc0cf2ce78cdd4cb,57b34fd0da5ef7b8e9afc6b269ccf717,0,117,1079,2575,1079,2458
a4d12ca2beaf6714f136cdb1370b84fc,9a88a3e60fb94b5bc30dbde599d7c14f,744,0,2012,2812,1268,2812
cf70a8015962943d8637b8b5db34ff25,da860c7c1030662471437b1c9d32ed81,0,111,1064,2494,1064,2383
ee2b9aa2efd32127a13f7e05f81300fd,4370c1f40ab1c1c73e46b38364df1498,1823,791,2670,3580,847,2789
c08d2b284f17700e6283db74df18c27d,97776093e0b4daee53cff6c7bb3f65dc,1828,406,2800,3518,972,3112
ee2b9aa2efd32127a13f7e05f81300fd,5174d32ab56c3e098c644e76ce77325d,1799,0,2654,2843,855,2843
cf70a8015962943d8637b8b5db34ff25,c8a5930d0d0c90e027b7b950e5f20607,902,0,2012,2158,1110,2158
37e35a4b82c0d4366468d31e6fc26ed8,1d984ba4bfc94da6b09b643d92a860d1,0,478,1003,2819,1003,2341
a78eddaf5a0efb021e13e1509d38fc05,5038f039079f077b63ccabe467c10c0c,0,0,878,2764,878,2764
306403cfb1c05e7ea2085d5a5d41c15f,0bc95339e56209dc81e8a8f409342932,0,565,1338,2723,1338,2158
d7169c8f349e5c37fc0cf2ce78cdd4cb,69b872a225cb0e218a26a8a313ee3ef4,0,0,1229,2812,1229,2812
b39dc24535eb59343826ada6dba9c25c,f0145a954896e58d096c148c1de36ad2,822,0,2012,2812,1190,2812
a78eddaf5a0efb021e13e1509d38fc05,268fcb7441027a1788f43c0f45a08df8,1865,0,2800,2717,935,2717
65b536aabb9aa9bf840dccc3990cc11f,8aff72c26877956d98baa43d26db6e8b,0,0,905,3518,905,3518
c08d2b284f17700e6283db74df18c27d,8f78a63ed3ad4cb5458ee4047fe43564,0,309,1129,2508,1129,2199
37e35a4b82c0d4366468d31e6fc26ed8,638c5add72878d7dc5198ba43ea18daa,1854,0,2800,2871,946,2871
ee2b9aa2efd32127a13f7e05f81300fd,fa006ca529380c89622854e6034ce1a4,0,0,790,2925,790,2925
65b536aabb9aa9bf840dccc3990cc11f,ae0aaede836d92513ae9c8d4c79cee7b,1737,0,2800,3518,1063,3518
cf70a8015962943d8637b8b5db34ff25,48d67e59b596a5d42b2ca037839979e1,0,0,1114,2812,1114,2812
caecf65d45d1bf3b259db3972da80132,c4b825cce4882638df82df7fe66ca108,0,0,984,2525,984,2525
306403cfb1c05e7ea2085d5a5d41c15f,ff81c51e04a1ae9df0e7a5785c54a23b,0,0,1433,2764,1433,2764
b39dc24535eb59343826ada6dba9c25c,2eadeffef6806bfd0eb88f5afc36a3e2,826,252,2012,2362,1186,2110
b92866ae274bf695b28b2ae27e8bc1b4,18642ae6608b3b9f1fd35f63286e00df,0,0,853,2434,853,2434
e94fda97124d71d1c44067a08563a23c,a3ec7c9c4dfe0ea1b69e66f75752f33b,0,752,757,2912,757,2160
2a7135493f5db99ea044ed1ecc98a23b,57f53ed16c1f94df812e3c38e29fbd60,1763,380,2800,2762,1037,2382
37e35a4b82c0d4366468d31e6fc26ed8,c2f83a95553029e47253f05e245bf5fd,0,0,1042,2742,1042,2742
306403cfb1c05e7ea2085d5a5d41c15f,e6b4e9fba435ba9ecc4d000203be245c,1491,0,2800,2539,1309,2539
2a7135493f5db99ea044ed1ecc98a23b,ae11bc8148353ad7c7865b87c9c6c6a5,0,0,1207,3518,1207,3518
b39dc24535eb59343826ada6dba9c25c,d833cd148b04ecc7a7976abb6a40d9b5,0,0,1266,2812,1266,2812
306403cfb1c05e7ea2085d5a5d41c15f,39f5b65850c68a262aadbd400c44f6af,1559,723,2800,2849,1241,2126
6dcb4f036e7a15ca0d14514d99b6168d,63f3624d1d9f2fedf1713b34752dd86e,0,73,864,2856,864,2783
65d3434250194d7df9dda9db408fcdcc,149f526f27f4d19250e1ef5f562d1f9d,0,0,894,2687,894,2687
6dcb4f036e7a15ca0d14514d99b6168d,6ef8d1ffb11ad11a2235ee6f53ee3d6f,1766,0,2800,2659,1034,2659
d7169c8f349e5c37fc0cf2ce78cdd4cb,be320285b835f2429b96322830363c9f,571,0,2012,2812,1441,2812
2a7135493f5db99ea044ed1ecc98a23b,d60001fe06aa2ab1d11c65454cb866d7,0,290,1231,2928,1231,2638
65d3434250194d7df9dda9db408fcdcc,cbee70c089b301e8678e06b26865e8ac,1901,0,2800,2605,899,2605
65d3434250194d7df9dda9db408fcdcc,508d8a62ef2b584eab250759e3d03be1,0,351,793,2562,793,2211
e94fda97124d71d1c44067a08563a23c,0640a83af17f281c5b3a0b5fa397dba0,1898,0,2800,3331,902,3331
26efe835b2281bb6ed87b85451e71f32,2fc8c5a43e4f95e343deb3e68e06749d,1959,621,2800,2849,841,2228
e94fda97124d71d1c44067a08563a23c,5bc4db398fcb705df58a67f6057e4f59,0,0,802,2966,802,2966
c09e40eae92f6b0df2e2ec73d0d1a6c0,ef081d0a5a51409b94648e5eeec57598,0,0,1332,2812,1332,2812
cf70a8015962943d8637b8b5db34ff25,858e0ce737918077617ee3caef4bad77,992,0,2012,2598,1020,2598
37e35a4b82c0d4366468d31e6fc26ed8,7217bbdb4d9191749825b341c193774f,1869,676,2800,3052,931,2376
890398538938c4c126d4825a0c9ca418,182052c727c75eabc616db7d2f2e6d45,1918,0,2800,3518,882,3518
c08d2b284f17700e6283db74df18c27d,06e3b706691143522063524c57643a12,0,0,1078,2450,1078,2450
26efe835b2281bb6ed87b85451e71f32,7d57c6559d6e1c4577968864162a5f13,0,483,801,2716,801,2233
2a7135493f5db99ea044ed1ecc98a23b,c071120b63051f6f4efa9ef8300aef37,1595,0,2800,3518,1205,3518
c4616e578514926bba85d33c235fab6b,62265b997df64d29620a18e25fe39e77,0,559,741,2670,741,2111
65d3434250194d7df9dda9db408fcdcc,1bab8d8f8bfecfc7006ca1bb4bcd6035,2050,298,2800,2474,750,2176
e94fda97124d71d1c44067a08563a23c,c8c2cf64205751316bd0511094f80f7e,1973,673,2800,2751,827,2078
b92866ae274bf695b28b2ae27e8bc1b4,7893369b6c9bd0d9cb7bde2a80f8e092,0,0,961,2571,961,2571
26efe835b2281bb6ed87b85451e71f32,e29e00a6f2f7d024c5a71672dbce0fe0,1921,0,2800,3518,879,3518
c09e40eae92f6b0df2e2ec73d0d1a6c0,60d85d5f776ee0ad3001be91b884c861,661,0,2012,2812,1351,2812
c4616e578514926bba85d33c235fab6b,89138934f37af9cc0d21cec7f546f255,0,0,830,2451,830,2451
890398538938c4c126d4825a0c9ca418,5a5f443b83effe5e0fd1f0cda0659f33,0,0,1103,2691,1103,2691
c4616e578514926bba85d33c235fab6b,e7bea2e7c5fcd472c66ef49fbcd16de1,1954,0,2800,2620,846,2620
c09e40eae92f6b0df2e2ec73d0d1a6c0,c171a74a1751b265c31c58310feb86fe,0,0,1373,2812,1373,2812
c4616e578514926bba85d33c235fab6b,5247f45a2df0076686e2737a1a63e407,2079,393,2800,2421,721,2028
c09e40eae92f6b0df2e2ec73d0d1a6c0,d26dd65c4632e32901ec60a2a4459ba9,618,0,2012,2812,1394,2812
b295c54775e24878c2766bb08e967b7d,0199876f77e823efd839aa465a29615d,0,205,1332,2780,1332,2575
14290a04440d358c2eca8a0cab72104b,4361c880ef3ed3700c13fbcfc3416802,0,0,895,2698,895,2698
b295c54775e24878c2766bb08e967b7d,7a9b6f88deef46d4891f93b998add637,1738,281,2800,2692,1062,2411
f5124f37c7cb81b887a36ed4298079a4,a3ef83a27202216be5f3f4d53960e0c4,1148,0,2012,2389,864,2389
f5124f37c7cb81b887a36ed4298079a4,b2d4bb6ef0a8f823c3db59d6e9c3ab81,0,0,827,2812,827,2812
b295c54775e24878c2766bb08e967b7d,f27bb07c360c17d0bf28046d1d3425bc,0,0,1294,3518,1294,3518
bce61e596a604a79408c142988cbbfc2,0b7dc86b85866611a7432ff0d448076f,0,0,1236,3518,1236,3518
14290a04440d358c2eca8a0cab72104b,73f52c743baa3076b9f7c3e94b57713f,1798,579,2800,2681,1002,2102
b123bcd385130b5d089f3fc9a7d24a11,ea6315e2609ae718347fb9f603ba0953,1883,0,2800,2557,917,2557
90307bfa363ae51b7e3c634a420aa295,ea9bd07990464c12ef02e7dfceefd00a,0,0,850,3007,850,3007
f5124f37c7cb81b887a36ed4298079a4,92ffc77a5e0dedfe473e7674a54c83a7,1199,294,2012,2274,813,1980
14290a04440d358c2eca8a0cab72104b,03ea8b1445b94e3084e5442c49a3bbff,0,387,776,2371,776,1984
8b6ad9ea67c424d1d795d63cebcb0ba2,dee16719f73d93d5858acd708c825e98,1650,0,2800,2655,1150,2655
d4248770c30564e08edf4ccceb0c9872,d1e3311a877adc417170cd4f04e3834b,1731,232,2800,3518,1069,3286
bce61e596a604a79408c142988cbbfc2,1eb12db5f1a85f86f037daa8496a5c3a,1763,257,2800,2484,1037,2227
b123bcd385130b5d089f3fc9a7d24a11,54b2fd916363b3e07667e3f1d65f085f,0,771,902,3518,902,2747
8b6ad9ea67c424d1d795d63cebcb0ba2,9f73f707fbf0700d46cdb27837ea926b,0,0,1212,2521,1212,2521
f5124f37c7cb81b887a36ed4298079a4,d57a2ad803e225bdc1410bfe4aaccfaf,0,286,802,2163,802,1877
90307bfa363ae51b7e3c634a420aa295,221d3c72ddfb08fabe205ee7c885d0e4,2001,578,2800,2588,799,2010
cb160f911982d27efe832e0efe7cf80c,d8dca51034cc4041d6330668ea04f47e,1475,470,2800,3518,1325,3048
b123bcd385130b5d089f3fc9a7d24a11,18cc292c6f06556cbc245fba50202aeb,1932,713,2800,2582,868,1869
b295c54775e24878c2766bb08e967b7d,ea5bc4d62d181c0cb65f6863cb7a7560,1707,0,2800,2628,1093,2628
c3355392bd916127c468d33ab5f5e2f2,49d5e527fe0df2f7f28246b52cea8f68,1745,0,2800,3518,1055,3518
8b6ad9ea67c424d1d795d63cebcb0ba2,0a755b9b3fb2b6772a3af4acd17a2cac,1637,444,2800,3518,1163,3074
8a3741516f575bee5d724941c6949d49,8f17bfc036d32051dbff5750e5e07e8c,2000,612,2800,2534,800,1922
c3355392bd916127c468d33ab5f5e2f2,f4df69c84863c640404e9b431fcba5bf,1817,298,2800,2587,983,2289
14290a04440d358c2eca8a0cab72104b,b5fed5ff19b0828fbcd1222d1d74e1b7,1852,0,2800,2439,948,2439
8b6ad9ea67c424d1d795d63cebcb0ba2,50fa5eab3f30e53d4db613b269328c61,0,482,1230,2692,1230,2210
d4248770c30564e08edf4ccceb0c9872,2de7aab8e5906ed64cfc31186bfd8124,1658,0,2800,2814,1142,2814
d4248770c30564e08edf4ccceb0c9872,af034ffd23c13bc76188df701d276d1b,0,0,1054,3518,1054,3518
fe787609c066851ac11d96909ba2b644,af5c3f9e3b64ead393c4b160eb3349f8,1675,0,2800,2821,1125,2821
c3355392bd916127c468d33ab5f5e2f2,72ab6e4e6df2cef01276afbdaed7e851,0,0,906,3518,906,3518
3a9884de21c77dfba8e36830b99953b8,0aeacff541def83154c78a96c0da59d1,1954,336,2800,2974,846,2638
fe787609c066851ac11d96909ba2b644,5d5960ded41f31f8fff79d51a6863eeb,0,0,1152,3518,1152,3518
0c3cd01c531222495a97cfd916207a5f,02b99cd63c43cb758a4421dcbb112b3b,0,449,1000,2662,1000,2213
69c2fcc988af46811a7351ea2b0d5336,8ffd54ef3629ed684db479cdf2f5b906,921,0,2012,2621,1091,2621
d4248770c30564e08edf4ccceb0c9872,7523652bd0fe2a7845b62c0fad9a12c9,0,346,1041,3518,1041,3172
69c2fcc988af46811a7351ea2b0d5336,b6c0b132664a9efded1830d35fad1772,0,0,1120,2331,1120,2331
b123bcd385130b5d089f3fc9a7d24a11,d52161ca0d73ced5fde02dc6cb04918e,0,0,919,2434,919,2434
3a9884de21c77dfba8e36830b99953b8,28ef642bd8ea333bbb9c30ef57148860,0,0,985,3518,985,3518
0c3cd01c531222495a97cfd916207a5f,f3c622b040645e94c0983638b4d672e3,1909,0,2800,2650,891,2650
cb160f911982d27efe832e0efe7cf80c,6910810548b0b349302982fe9561bbb8,0,0,1370,2796,1370,2796
69c2fcc988af46811a7351ea2b0d5336,052906999cca33a2efef9992b1ebf385,964,0,2012,2812,1048,2812
0c3cd01c531222495a97cfd916207a5f,0b0de5967b221f31304980cac005b532,1860,698,2800,3518,940,2820
fe787609c066851ac11d96909ba2b644,c306fcb24e2f16f8582d210f7625b5e6,1866,554,2800,2893,934,2339
3a9884de21c77dfba8e36830b99953b8,950ab17559fe4286eb89fdb337af6044,1870,0,2800,3518,930,3518
4ec333f1533a44a0a49dc0df02df7302,3b63b8e78a39a87d15d04ee609dba24f,0,948,691,2919,691,1971
8a3741516f575bee5d724941c6949d49,fd02b2297cc0728b297649dd69d1319f,0,0,782,3518,782,3518
90307bfa363ae51b7e3c634a420aa295,1a4fe71a81c42845c3d99cecf7ddbc53,1994,0,2800,3518,806,3518
69c2fcc988af46811a7351ea2b0d5336,1a1a4edb97ee31ebfa7804ccc57d340f,0,0,1115,2812,1115,2812
cb160f911982d27efe832e0efe7cf80c,2207f6819b0ec3438514254825f4b674,0,0,1326,2629,1326,2629
cb160f911982d27efe832e0efe7cf80c,fd8796901d613c8373b7a97f5596f252,1573,0,2800,2964,1227,2964
0c3cd01c531222495a97cfd916207a5f,ba8948b3353201b069eff2f8a23c0f21,0,0,952,2537,952,2537
90307bfa363ae51b7e3c634a420aa295,3dcb5131ff9a071cea240b1fc30a674b,0,532,848,2497,848,1965
8a3741516f575bee5d724941c6949d49,98014caa2dafcbc8640c9ae8c92cb966,1983,0,2800,3518,817,3518
bce61e596a604a79408c142988cbbfc2,731cb45c5d9f53d118d3f1cb9b82da7b,0,620,1127,2901,1127,2281
3a9884de21c77dfba8e36830b99953b8,f90f2045c64f0d0bae5bc3d714568404,0,539,914,2829,914,2290
4ec333f1533a44a0a49dc0df02df7302,7e2348de2a02a6c9173ad21a0661a326,1970,0,2800,2720,830,2720
13043999292ccc6976e7be1f3de1a2d2,e7559498091d5d4f3790fbffcd2aa317,1764,0,2800,3518,1036,3518
fe787609c066851ac11d96909ba2b644,27e0bc4647d8bdb17cf5e187a2854ad8,0,0,1039,2665,1039,2665
13043999292ccc6976e7be1f3de1a2d2,64bdf04c5242fe5425ae9af58ee094ce,1881,230,2800,2562,919,2332
8a3741516f575bee5d724941c6949d49,6dc6e19557ebe25cd53db52687b14fa3,0,880,783,2845,783,1965
13043999292ccc6976e7be1f3de1a2d2,32775bc76e8a5980fc201f6147d08e76,0,231,846,2593,846,2362
4ec333f1533a44a0a49dc0df02df7302,2abb77fa979cdaa9b312e88de0a54f22,1965,465,2800,2489,835,2024
34d7bea129afd12bdf176fcbd473d073,fbfc3b8154c8506017aa740b796459cf,0,450,929,2671,929,2221
c3355392bd916127c468d33ab5f5e2f2,aa9d7b258c429f1d9cc3545c12f8d438,0,483,918,2849,918,2366
4ec333f1533a44a0a49dc0df02df7302,01b9f2649779fdbcfc5ee2935772d5dc,0,0,791,3518,791,3518
4c90daefefdbca85c74f370c0b83a48e,b93194b853501cc30232060c7e6d32c1,0,0,918,3518,918,3518
bce61e596a604a79408c142988cbbfc2,1f155bb1b4a25a107eaf73ba58f0e118,1637,0,2800,3462,1163,3462
26e74fa867f68dcb2990a422a7102778,e92bf0e05d82679478c66b919b22771e,0,586,700,2670,700,2084
34d7bea129afd12bdf176fcbd473d073,dc5c10118b451eff0565fec00f17f431,1662,0,2800,3518,1138,3518
27f4118d7f1af29823b6743aab119704,224a36ea4a133195a7f6970d91bc564a,0,40,1049,2469,1049,2429
4c90daefefdbca85c74f370c0b83a48e,1487131ce39436ed1e87b2cf0d43a882,1883,62,2800,3518,917,3456
26e74fa867f68dcb2990a422a7102778,22893eb3ea38ed6ffaaf27cdd7fb7a83,2056,720,2800,3518,744,2798
34d7bea129afd12bdf176fcbd473d073,37842afa1a154c27d2332e8ebb8a25a6,1783,277,2800,2737,1017,2460
27f4118d7f1af29823b6743aab119704,30cb14e2c3a107316deea6c72af6eb85,798,0,2012,2812,1214,2812
4fd750b605d0f8a215372f2607d3f74b,72c31e1e796698a814916e39a1ad5f79,0,0,965,2771,965,2771
4fd750b605d0f8a215372f2607d3f74b,edadc3febe4f8ad24e7975af2ac38db3,0,403,974,2954,974,2551
ac64f451efdec30a66ae9a2e85ae6ca7,496579d4327ff195ef9c2a4c19314f4d,0,0,1147,2812,1147,2812
4fd750b605d0f8a215372f2607d3f74b,bde352a89a067fa1212111ace3bebc2d,1865,0,2800,2643,935,2643
4c90daefefdbca85c74f370c0b83a48e,5a78fd549acac83398bc11e623cbb0ca,1897,0,2800,3518,903,3518
13ba54b82fef7fc38b8dc7ccaf72d2f8,a21f374522ee9f2045eae4feaefe6a49,2108,619,2800,2657,692,2038
32f07a78114fa2c7684de6bf49ac5ff4,e04a2193610f7950f95fb603ecd15e2c,0,0,946,2572,946,2572
32f07a78114fa2c7684de6bf49ac5ff4,d2606ec05e54366ae826e5c54f7bb0e9,0,462,1036,2642,1036,2180
ac64f451efdec30a66ae9a2e85ae6ca7,1d2780e0e3296ede57d49bf62a21987e,0,0,1177,2781,1177,2781
26e74fa867f68dcb2990a422a7102778,b1d163e9f4fc88316e45cb595ed48b77,0,0,798,2620,798,2620
f617e22345a8617107fbf9899021f6d8,0ede5f125328275d7f5fe1d575d7462a,1931,0,2800,2390,869,2390
ac64f451efdec30a66ae9a2e85ae6ca7,7293af19b90a4b7767354bedfb38ee8a,787,0,2012,2812,1225,2812
df8e328bf4c4fcd7b58cd1e1385caefa,2427e5983f1accde7ee857560962dca9,0,627,957,2805,957,2178
34d7bea129afd12bdf176fcbd473d073,0205def375e7d5b45cc8ee505cec0181,0,0,1076,2999,1076,2999
13ba54b82fef7fc38b8dc7ccaf72d2f8,76966adbb0aa463c804bfb52f0237c91,0,595,638,3141,638,2546
4c90daefefdbca85c74f370c0b83a48e,0640632f74e635db1a56cd7037b4296b,0,39,941,2556,941,2517
27f4118d7f1af29823b6743aab119704,f0147cd189de285c14c11269672b72d8,0,0,1241,2812,1241,2812
47c0063d4a353afdc6e4a3c13e9ca72b,5384717f2788ccfd7a64d809145dd269,0,222,996,2833,996,2611
26e74fa867f68dcb2990a422a7102778,6e93cac1a35270f9abcece684208a7a3,1996,0,2800,2466,804,2466
47c0063d4a353afdc6e4a3c13e9ca72b,dfe9ffafc2b6948fda7705cd30a987de,0,0,1061,3112,1061,3112
f617e22345a8617107fbf9899021f6d8,833235e518f81b9b2085b7ad57f74773,0,565,903,2583,903,2018
27f4118d7f1af29823b6743aab119704,a28f514444b10f6ed9ceb28580e09b75,988,125,2012,2456,1024,2331
13043999292ccc6976e7be1f3de1a2d2,a0aca8e99ab8acd229cf0d529d4a83f8,0,0,819,3518,819,3518
df8e328bf4c4fcd7b58cd1e1385caefa,97ca1ae2796161f71d73aa5f6923dd92,0,0,897,2691,897,2691
df8e328bf4c4fcd7b58cd1e1385caefa,0dbd996a6c97aedf17299e26528e2647,1937,0,2800,2374,863,2374
f617e22345a8617107fbf9899021f6d8,a73feb3846f14d5c094960a38e8b4504,0,0,906,2489,906,2489
0d61c6431481b6c679347e5add1e62cb,011542ad9bcacf3ab23b07d9f61be440,0,656,839,2556,839,1900
ac64f451efdec30a66ae9a2e85ae6ca7,f48012719be7c588ba4e27838acc0b01,876,85,2012,2812,1136,2727
0d61c6431481b6c679347e5add1e62cb,b4180258ea958c9a145fa01f898a85bc,1238,581,2012,2504,774,1923
0d61c6431481b6c679347e5add1e62cb,599d4b7d4789dfbbab057220c1380d41,0,0,849,2812,849,2812
13ba54b82fef7fc38b8dc7ccaf72d2f8,77cd7f704a9af66d0a9042e657645589,0,0,928,2876,928,2876
a017641ca18e65247fa837317e215c1d,37f26e0e5539abd699a199b599a38020,1930,476,2800,2794,870,2318
a017641ca18e65247fa837317e215c1d,18d029685815d3309113c099e4e36d0b,0,0,1089,2909,1089,2909
f617e22345a8617107fbf9899021f6d8,674b912cb00d9fedee2a87cb036420c2,1987,804,2800,3518,813,2714
47c0063d4a353afdc6e4a3c13e9ca72b,1af33f6d2d4589e55251ab8d61eab00d,1801,0,2800,3518,999,3518
b5830688b54200e6c0b7444a6846fab2,4c1b0979ce36390475022cd826716eed,2208,872,2800,2649,592,1777
05807329c4519ff58f75600ee48208ff,08855602733225029b4992cf0f4947a7,0,426,870,2433,870,2007
05807329c4519ff58f75600ee48208ff,30e3be131ad0be037ffba3c3d911f931,1953,679,2800,2629,847,1950
b5830688b54200e6c0b7444a6846fab2,a0b8fc4ebba0bfb9dd806b8931323134,2164,0,2800,2492,636,2492
4fd750b605d0f8a215372f2607d3f74b,39b153efc94f896edde1ca8637aa5260,1868,413,2800,2423,932,2010
0d61c6431481b6c679347e5add1e62cb,372a2f7d2cf1d3226e912f4535f4e1a2,1205,0,2012,2439,807,2439
13ba54b82fef7fc38b8dc7ccaf72d2f8,c672ce372389835c51941726e508e4b0,1916,0,2800,2888,884,2888
a017641ca18e65247fa837317e215c1d,2e0a36c4001dde84e3ce42103d4fb5ee,0,665,894,2920,894,2255
32f07a78114fa2c7684de6bf49ac5ff4,e809974112ba34fe4b57fdebe58edd2b,1854,0,2800,2647,946,2647
32f07a78114fa2c7684de6bf49ac5ff4,640423311f7a6d29cd69bd4731733ff1,1886,737,2800,2775,914,2038
df8e328bf4c4fcd7b58cd1e1385caefa,8f1fe596e43428dd596eeaecf8471c72,1842,390,2800,3518,958,3128
b5830688b54200e6c0b7444a6846fab2,a4095855836907f3633c283b022fa061,0,0,688,2518,688,2518
a017641ca18e65247fa837317e215c1d,e71cbf87fa5637cefc3943c2137e9607,1817,0,2800,3013,983,3013
eb4958718053ebd1ceda6c4a91179f53,feb1f082126b3fa2b69de787a34fc71e,0,0,771,2501,771,2501
47c0063d4a353afdc6e4a3c13e9ca72b,e1b008dd77df0f637ba78e11b8cc9c42,1772,520,2800,2757,1028,2237
92b217bae2409440e6b6d8c7e239b1a3,54241020a444215ad9e2deb13b43e837,1227,0,2012,2702,785,2702
92b217bae2409440e6b6d8c7e239b1a3,21017ef646ccf1dcb07c43f4a1648d96,0,162,648,2418,648,2256
b5830688b54200e6c0b7444a6846fab2,3c47a8b41f26f3b37660d55a12bf8e00,0,594,595,2482,595,1888
983edc1f3069e02b4dcac14bcc56eae9,c89a6b1d740a555ee1755e05eebcbb12,1786,467,2670,3580,884,3113
eb4958718053ebd1ceda6c4a91179f53,3b2da13037c8411a88d23a1417b5f2be,1906,0,2800,2764,894,2764
b35426a79901fbdc9ecc7095fb7dc0b2,0011e7c3e74e8117b693861d9972a519,2094,296,2800,2459,706,2163
05807329c4519ff58f75600ee48208ff,7402bc6e203ceee1c8fcc1d441969bef,0,0,910,2382,910,2382
92b217bae2409440e6b6d8c7e239b1a3,ca8969414d2d84248ce720e55813e4c1,0,0,847,2812,847,2812
eb4958718053ebd1ceda6c4a91179f53,ddb2f463e5fd40c7c1076a1ba0ae74cc,0,0,832,3079,832,3079
983edc1f3069e02b4dcac14bcc56eae9,3c805f12a8adee0efbe0f00510c71a89,0,0,864,2778,864,2778
eb4958718053ebd1ceda6c4a91179f53,b54fe9ae5a9eb5ef8c44a9556bec6925,2029,401,2800,3518,771,3117
92b217bae2409440e6b6d8c7e239b1a3,45b6f52e7c6e09472c1799f20579680e,1386,345,2012,2460,626,2115
b35426a79901fbdc9ecc7095fb7dc0b2,52343780daad9461e920be3d530bb98e,0,669,783,2652,783,1983
58f3b88710b77148a0d53179dc50debc,1708716a3223be9f5128cd36af08909c,0,270,820,2245,820,1975
67060319d052feb6d9c1d1784c174762,733f068e97490467156dc7cf93eadc97,0,524,946,2803,946,2279
e5a14d55eb5de443c6917d256651309b,dff3ff1be2ea5f9c47dadf8de0c8a189,0,536,886,2760,886,2224
05807329c4519ff58f75600ee48208ff,51dfaf3220c79d357c80e2564d5b0f30,1845,0,2800,2477,955,2477
d2a7691ae7060b61124ceda0716280b0,5b1eb0a6402f14712409c14d5921e1ad,1995,322,2800,2440,805,2118
88c96a7e0c5c25efdeacd0ec10207c34,97f84d13d5a4810f6ca6bb7abcc7aaca,0,585,1019,2782,1019,2197
7f7fb318655b51c5e87a9c50969451f0,d2165e85531727818764ba1e149738c6,1379,0,2012,2401,633,2401
88c96a7e0c5c25efdeacd0ec10207c34,06f424b51f160d30abde95305ff1d317,0,0,1131,3518,1131,3518
2cd96b136024987ed4b7c239d4f13ead,415aef63deab52f28a19a7ef0ef8a541,1951,468,2800,2402,849,1934
983edc1f3069e02b4dcac14bcc56eae9,0fd9df4481684c810f6c084607304199,1747,0,2686,3580,939,3580
2cd96b136024987ed4b7c239d4f13ead,cb081e911a5e5f935035ebbba27b4744,0,0,925,3281,925,3281
e5a14d55eb5de443c6917d256651309b,5ed9df938078dec274a0c4b74c98a302,1893,375,2800,2488,907,2113
f252ecb07d20e3b884b2d2ba248d3548,6f2f210d833e9ac89107fa06da9c9baf,0,0,838,2627,838,2627
e5a14d55eb5de443c6917d256651309b,69f37651e5f30bc877e086f41ed0495f,1930,0,2800,3518,870,3518
d2a7691ae7060b61124ceda0716280b0,36bdf5e009f00570085cea4ff27750c4,1819,0,2800,2808,981,2808
008b8e61390fcb4c0873258c15b0a53a,b25443ab817d5590d25b733c1e59192d,0,717,779,2630,779,1913
f252ecb07d20e3b884b2d2ba248d3548,11d3a3addff65ab30200f0c54cf2b1b1,1873,284,2800,2298,927,2014
2cd96b136024987ed4b7c239d4f13ead,482805d6e22dc74cc56749662ab046da,0,387,877,2431,877,2044
67060319d052feb6d9c1d1784c174762,f89062f2767713f3f82195136f9d31ae,0,0,978,2897,978,2897
008b8e61390fcb4c0873258c15b0a53a,f1f79501410a98782c0a03b48e66df83,2093,67,2800,1997,707,1930
f252ecb07d20e3b884b2d2ba248d3548,e418023abf35d0ebc26ba59ffc6f37c8,1900,0,2800,2690,900,2690
58f3b88710b77148a0d53179dc50debc,fae41bac7dfd57e27c7afbb0e2920998,1909,169,2800,2284,891,2115
67060319d052feb6d9c1d1784c174762,6cf9d213c0b6db95c21b13601e60b290,1823,0,2800,3518,977,3518
2e04a1577090334b35b621af180d63c2,ec55a30b54a9c4fb0f2f5f346978fc6d,0,327,1168,2304,1168,1977
cbc3523f9e8f1e7b81b93aa9595657b9,6ddc45a46eb9c51dc4822f9bcc87e9a6,0,0,1615,2752,1615,2752
008b8e61390fcb4c0873258c15b0a53a,63d3f4fe3f265d310a1023bcf8336a49,0,0,686,2492,686,2492
d2a7691ae7060b61124ceda0716280b0,3317519c8764c95aa6161e27c27da364,0,0,979,3010,979,3010
7f7fb318655b51c5e87a9c50969451f0,ed18572443af29ae551e4f4058a921db,0,50,617,2398,617,2348
daf8dc90cca8578719834bf481e8b2d0,e7782728fb7d9e2e7e60a7f8aaafca66,1831,0,2800,3518,969,3518
daf8dc90cca8578719834bf481e8b2d0,1a6db21db78200644db12ab41ee1eb07,0,568,821,2728,821,2160
88c96a7e0c5c25efdeacd0ec10207c34,23e8a6cf9b2d2e618565cf129108be82,1736,521,2800,2723,1064,2202
008b8e61390fcb4c0873258c15b0a53a,e13c80239d7714e3d964b5f3e37bcff6,2121,0,2800,2359,679,2359
454a382faabd501a14392c98943b1364,6e2c77bef5f0e6ce30b710fef975c632,1927,450,2800,2608,873,2158
cbc3523f9e8f1e7b81b93aa9595657b9,3e8afd6dda83113aabbecb917957a040,1967,93,2800,2431,833,2338
7f7fb318655b51c5e87a9c50969451f0,9482abf8dd4d7598d9395bae90514cd3,1150,0,2012,2812,862,2812
f252ecb07d20e3b884b2d2ba248d3548,148122e767093082f30ad2597bb74fad,0,0,821,2187,821,2187
67060319d052feb6d9c1d1784c174762,a5a0a1067e22969e5aa4f2d0fa43ae55,1893,656,2800,3518,907,2862
d2a7691ae7060b61124ceda0716280b0,81d70207da9af87f2a26c92e8a503565,0,738,890,2834,890,2096
2cd96b136024987ed4b7c239d4f13ead,a735a3f825381ab9ac6af1ca44de9e24,1846,0,2800,3518,954,3518
454a382faabd501a14392c98943b1364,610f1fd90e8cc9627ded3ddce320fb82,0,656,813,2760,813,2104
454a382faabd501a14392c98943b1364,4ff68327e679f5a91d9801597dc32fc4,1885,0,2800,2572,915,2572
cbc3523f9e8f1e7b81b93aa9595657b9,3faef1b95dc382558a59da66e4b2db85,0,479,721,2597,721,2118
daf8dc90cca8578719834bf481e8b2d0,c5d1937ed647de155a8cf8b815c66901,1948,321,2800,2693,852,2372
983edc1f3069e02b4dcac14bcc56eae9,20ee5cc309e96c10fc7920eb4f41ae6d,0,0,903,2583,903,2583
58f3b88710b77148a0d53179dc50debc,8bacdd8f26bc89f570c4ec7effebabb1,1858,0,2800,2638,942,2638
58f3b88710b77148a0d53179dc50debc,56f8c1fa0780ef536439fbbc9b4c38df,0,0,808,2691,808,2691
ddaec1f1ba9bc017b59690c7b7e1e6c5,eccd79fabc62fc0ad56ba454f22902ed,2049,333,2800,3258,751,2925
2e04a1577090334b35b621af180d63c2,f49e664f612e51a50555baf50d2c64a8,1781,475,2800,2324,1019,1849
daf8dc90cca8578719834bf481e8b2d0,2cf3ebeacc4b8fbd54554543008ee959,0,0,833,3518,833,3518
ddaec1f1ba9bc017b59690c7b7e1e6c5,57d5dca45187157c46744f678fa908e6,0,660,692,3392,692,2732
7f7fb318655b51c5e87a9c50969451f0,5cf7f77780ceadbedece1683c36586c8,0,0,898,2812,898,2812
ddaec1f1ba9bc017b59690c7b7e1e6c5,9b95321e8372b0abc53a2970111d73e5,0,0,836,2922,836,2922
fb9d9c771561abef492df58889845617,bbea8c08e0aca5de634ca62cee2ef3e6,1863,94,2800,2232,937,2138
2e04a1577090334b35b621af180d63c2,606ae40e523a58866884aa1f2a167af5,1678,0,2800,2722,1122,2722
e5a14d55eb5de443c6917d256651309b,4c1c564851ee1551ea846caab6ad82c4,0,0,811,3518,811,3518
cbc3523f9e8f1e7b81b93aa9595657b9,c58a0ea18b196e85d3cac37d1c660401,1922,0,2800,3518,878,3518
88c96a7e0c5c25efdeacd0ec10207c34,41b862d043b1f21d97b4b015d08f5794,1655,0,2800,3493,1145,3493
ddaec1f1ba9bc017b59690c7b7e1e6c5,09e2ee1a214fad17ad136d4815b1a6fc,2024,0,2800,3518,776,3518
454a382faabd501a14392c98943b1364,9f143858729a6664a3b750a063f07a88,0,0,873,2423,873,2423
2e04a1577090334b35b621af180d63c2,637b1d3a0e6dc428bed76b5149237775,0,0,1052,2674,1052,2674
b35426a79901fbdc9ecc7095fb7dc0b2,2911c8ebb09a01278854515490e95474,0,0,909,3240,909,3240
b35426a79901fbdc9ecc7095fb7dc0b2,accadbff900b9952950a415004a6aeff,2023,0,2800,3518,777,3518
fb9d9c771561abef492df58889845617,4b1626b4e5963703d0bf27c8f006c23c,0,475,958,2703,958,2228
fb9d9c771561abef492df58889845617,3389709ec984a41386263f182065ccfe,0,0,973,3518,973,3518
c438ab62d45749a13b6d5cb4f77038c8,a76be7910d7ba9530ed91779b391a533,0,710,1112,2793,1112,2083
7ac5bd45e5d5fca171e070d73a2170d5,ca8c8d8c1dcec7c8c94e2454aa776970,0,287,662,2160,662,1873
fb9d9c771561abef492df58889845617,7b07c73707279be4a705780a882c3549,1825,0,2800,3518,975,3518
7ac5bd45e5d5fca171e070d73a2170d5,bed3876095746621094457c257b0f7f1,0,0,710,2459,710,2459
c438ab62d45749a13b6d5cb4f77038c8,d03a16fe4c77c9b25842ba3a308f2a97,1736,0,2800,2458,1064,2458
dff1587d6206757cc366f179b88f8e54,c7ca3b12b84d106eae9310b1fe5fd907,2019,0,2800,2872,781,2872
c438ab62d45749a13b6d5cb4f77038c8,c96b07bc0f0b54250b8b204acc74d70a,0,0,1155,3518,1155,3518
7ac5bd45e5d5fca171e070d73a2170d5,b683d3daba4183d5887e8f175b174de6,2071,0,2800,2446,729,2446
9d3e84bbaf70b59cdd57ba1c0b30363a,4f6289ef0c7f03480853e72fbd875c9d,1977,0,2800,3409,823,3409
c438ab62d45749a13b6d5cb4f77038c8,7d7af005726c38909ab17e6970afa65b,1785,590,2800,2719,1015,2129
9d3e84bbaf70b59cdd57ba1c0b30363a,db740251bf849e30958d9261d4b0a23d,1954,0,2800,2757,846,2757
74ed35166529d02ae75db962881e5e32,e226ea17d7df2404d23f25e655ed7c44,1183,182,2012,2812,829,2630
dff1587d6206757cc366f179b88f8e54,0bfed0f82d061cf72caf30d885534764,2126,105,2800,2171,674,2066
5f09a3e4fe10f7c63fd0c8c438487baf,fd3d48e6177353a248ac8c6a5b31083a,0,481,816,2543,816,2062
9d3e84bbaf70b59cdd57ba1c0b30363a,ec23c22a58c2a99a17e267e26ee19926,0,664,661,3518,661,2854
7ac5bd45e5d5fca171e070d73a2170d5,b0aca2f811dcc30d74c39a7aa16b84d0,2110,496,2800,2366,690,1870
38b062f3a3ebc9c7f7b6dc291d8e69d3,7e797ca956a924f6482a3016f8910f01,0,0,641,2214,641,2214
38b062f3a3ebc9c7f7b6dc291d8e69d3,7a0c25a5a38f8ade7048f583682e740a,2120,0,2800,2224,680,2224
9d3e84bbaf70b59cdd57ba1c0b30363a,11976b7d75596b40158a7bc184d3bf7a,0,0,791,2732,791,2732
a902fa8af43e4310f61cc5a2afa2cbeb,cfb7b1b69ed1c294f9686ae5e42ea8e8,0,596,870,3518,870,2922
5f09a3e4fe10f7c63fd0c8c438487baf,5f1cdfedeb427c7646f9a35188706fac,1965,422,2800,2390,835,1968
850c3dbbdf4afbf8468d31f8051be6f6,3e26a93da1ccfb0cf24019d034e99451,0,562,599,2458,599,1896
5f09a3e4fe10f7c63fd0c8c438487baf,6be36e44c95f35bd81e687ac6d5bceea,0,0,830,2624,830,2624
74ed35166529d02ae75db962881e5e32,4cacdcc43d8ca79aa62b354ec2cd45b1,0,116,900,2812,900,2696
dff1587d6206757cc366f179b88f8e54,c73abe5fa4a39101a3ea7e612e058da4,0,0,849,3518,849,3518
5f09a3e4fe10f7c63fd0c8c438487baf,1f38a980405f89ea4941aaa55f86b3e0,1959,0,2800,2621,841,2621
dff1587d6206757cc366f179b88f8e54,5b64439257e56aa059ae424a7613eeea,0,489,712,2601,712,2112
b0b8a20cc3a04a24bf03ebaebdc6f0b8,526953b6dda80f65eaf0732fc8d105a6,0,500,973,3518,973,3018
850c3dbbdf4afbf8468d31f8051be6f6,ec9477ee8b60f14857c324dd63b71b87,2262,725,2800,2435,538,1710
850c3dbbdf4afbf8468d31f8051be6f6,45fd8949b20bf781633561c32d8c7342,2117,0,2800,3518,683,3518
38b062f3a3ebc9c7f7b6dc291d8e69d3,a9b6bb80c1baf7a9d845c61751721a5f,0,733,586,2211,586,1478
38b062f3a3ebc9c7f7b6dc291d8e69d3,8c22f2910119008f5c69fa347b7a5bc0,2172,610,2800,2186,628,1576
74ed35166529d02ae75db962881e5e32,a027ed473fe87f19a550b8cf1f92827c,1091,0,2012,2812,921,2812
a902fa8af43e4310f61cc5a2afa2cbeb,b265dd3363160ba9ee2dd78759f7f03d,1914,0,2800,3101,886,3101
a902fa8af43e4310f61cc5a2afa2cbeb,b57c03d571a79a037a6e63194ae923ff,1979,650,2800,3518,821,2868
a852d73fa8b570c3d916ed33815e0c2f,6c232f9beceb37580265b4610489359c,2106,98,2800,2569,694,2471
850c3dbbdf4afbf8468d31f8051be6f6,3cf9650c32e6ee389137d73abc6aa79f,0,0,739,3518,739,3518
b0b8a20cc3a04a24bf03ebaebdc6f0b8,deb15d94a09fb04980ed8bbab3c7dd08,1709,0,2800,2666,1091,2666
b0b8a20cc3a04a24bf03ebaebdc6f0b8,dd75d9842917b524fe47ab0c054d63bd,0,0,932,3328,932,3328
919f518e970369e72c8bc6bbf2f23196,4791bb1a315601af743c5fed74d7bddd,0,589,1036,3410,1036,2821
63e9c7e4580417300591509843b7e793,0554648840035782faee16ea072c3cd2,0,161,909,2445,909,2284
a902fa8af43e4310f61cc5a2afa2cbeb,2e7df7e047d83d145fe8b5283800b637,0,0,844,3317,844,3317
74ed35166529d02ae75db962881e5e32,372272fdeb1ae9e182f84e5fe03f8ed7,0,0,1034,2812,1034,2812
a852d73fa8b570c3d916ed33815e0c2f,969dad1eb8ca237e6b26ebd27b7fdeef,2017,0,2800,3518,783,3518
b0b8a20cc3a04a24bf03ebaebdc6f0b8,142d65306ae044c9fde94e2bd236663b,1625,225,2800,3518,1175,3293
919f518e970369e72c8bc6bbf2f23196,087f170536c8d2716f99cdebf57bee12,0,0,1067,2544,1067,2544
63e9c7e4580417300591509843b7e793,aad79df56d0a9ab77c4edc3959f761ce,1922,0,2800,2591,878,2591
2f68ba66a44d9b3722aabf4e89f5e397,77904852d41cfd00c82bc5e43df6794f,1782,0,2800,3518,1018,3518
cc764da4a23a0587b8e0249548af2393,6d2073d9f755cb33741a7781887e1d86,0,182,793,2581,793,2399
f6d019734e9cbc89bc5c932500ae2eef,90d6d1f9da25192c420983c3b62e4f2c,0,738,585,2490,585,1752
964092a42ef51df9fa709bec818d70e7,f287796450dbb0735c5fe4e0dffb8110,1930,701,2800,2552,870,1851
964092a42ef51df9fa709bec818d70e7,117c61217ee49f61ff0cc56a47634711,0,552,839,2485,839,1933
a852d73fa8b570c3d916ed33815e0c2f,41ea7376581f4653561b0d93a7cde5ee,0,0,770,3518,770,3518
f6d019734e9cbc89bc5c932500ae2eef,98eb70f1fe286de5e1580ecb2b4d9fe2,2145,856,2638,2572,493,1716
43b687a25f4b20a4914a6af0aae551a5,4c55c8a35773031b9a05269c40f3f9cf,0,905,858,3518,858,2613
964092a42ef51df9fa709bec818d70e7,e02ab29b48912c6a45d829b2c657a736,1842,0,2800,2863,958,2863
63e9c7e4580417300591509843b7e793,a4fe26967262db7f177d232650f2bcf0,0,0,1017,3490,1017,3490
dfd4bbb6b3f86f23e2edd8807e32d5d2,43403603e122a9ac881ebe9a25f7da06,1120,0,2012,2442,892,2442
cc764da4a23a0587b8e0249548af2393,4785b56fa6a49b939087d0544a04e65f,2042,354,2800,2568,758,2214
2f68ba66a44d9b3722aabf4e89f5e397,94f801488d2efd3c87821f5cebc5f6f3,0,0,1027,2655,1027,2655
dfd4bbb6b3f86f23e2edd8807e32d5d2,bf669fdff923c0dbc42f5da650f76806,1045,335,2012,2446,967,2111
a852d73fa8b570c3d916ed33815e0c2f,996afe5978952c26c7d2e851d328eb80,0,822,732,2719,732,1897
f6d019734e9cbc89bc5c932500ae2eef,b1c8712c58b7c7cec2a2cea1a8714640,0,0,678,2463,678,2463
f6d019734e9cbc89bc5c932500ae2eef,2aef9676610d7acf772e8f70ad7f01fb,1586,0,2670,2633,1084,2633
298f65f718635afbfb4b1117412584cd,2bea2c8ed1caf91d70b6b76fe11a72fa,1748,309,2800,2533,1052,2224
964092a42ef51df9fa709bec818d70e7,770ae47f5d18f8f176da86bb749149c1,0,0,915,2850,915,2850
2f68ba66a44d9b3722aabf4e89f5e397,1a4677099a01689844f64df3337de382,1788,0,2800,2890,1012,2890
43b687a25f4b20a4914a6af0aae551a5,76eefb48703f15f1ef3c4c9b9ae00d57,1957,0,2800,2748,843,2748
fac21d0f88f16a86a4f518a9379d0c76,d901e0dadd66c45cde4a5c593a53c800,1691,551,2800,2716,1109,2165
4c9457a1f9538368bb36d2e2a50387f2,4e70d32f02b9e54325581492d9b64e5f,2027,805,2800,3518,773,2713
fac21d0f88f16a86a4f518a9379d0c76,95f1d00c75c5ecf9db7f537dbc6b800b,1564,0,2800,2731,1236,2731
fac21d0f88f16a86a4f518a9379d0c76,1dc8471075edd0ebbd310b1414437c17,0,588,1158,2785,1158,2197
4c9457a1f9538368bb36d2e2a50387f2,db4e167111a11324156ff9e5a8a95c7e,0,0,890,2920,890,2920
63e9c7e4580417300591509843b7e793,c05fec08d421b855c5a4c13ce2798ca7,1860,0,2800,3518,940,3518
2f68ba66a44d9b3722aabf4e89f5e397,98dd746736d7827ff1ecb89893fe8dba,0,359,1030,2724,1030,2365
f2f2620ccca943b43dbd9a97952ed9a9,2037a16c573a1a9406e8ee14f1db6077,0,0,1227,2678,1227,2678
298f65f718635afbfb4b1117412584cd,352c0f09fb88c46a953fcfb4e26865ca,0,492,1122,2700,1122,2208
cc764da4a23a0587b8e0249548af2393,472a2fe6865d2f3825e12758b3b194f2,1938,0,2800,3518,862,3518
4c9457a1f9538368bb36d2e2a50387f2,ed423da416db8268640cb0e02b1aa42b,1949,0,2800,3518,851,3518
e1c3cc6765de248f369615f18686e8bc,ebc17d41c9e4f24e06e3fb67ceaba70d,0,0,919,3518,919,3518
43b687a25f4b20a4914a6af0aae551a5,f4264bec8a16ee7599869e02756a331c,2052,449,2800,3518,748,3069
298f65f718635afbfb4b1117412584cd,ad6978b778e5009cd21e4a1107eb139e,1697,0,2800,2411,1103,2411
e1c3cc6765de248f369615f18686e8bc,b01f5091400a6ad13e0cc894ad3d72fd,1783,0,2800,2897,1017,2897
43b687a25f4b20a4914a6af0aae551a5,52a4c4e01cbd1bf2dc2235e3aadf7b6e,0,0,923,2708,923,2708
cc764da4a23a0587b8e0249548af2393,bf4f5e24c8c3d8e4c8474059eb865db0,0,0,871,3518,871,3518
dfd4bbb6b3f86f23e2edd8807e32d5d2,768e23b837b6d8a467a8b5c460a6bbec,0,0,1114,2484,1114,2484
919f518e970369e72c8bc6bbf2f23196,0009951416aad84eb87f1b94d89ec991,1763,543,2800,3437,1037,2894
919f518e970369e72c8bc6bbf2f23196,c3b9abb81b434239ca4108962efbf639,1757,0,2800,3266,1043,3266
fac21d0f88f16a86a4f518a9379d0c76,5ba0e60dd72c24e80a27e0dbfe184f74,0,0,1340,2946,1340,2946
f2f2620ccca943b43dbd9a97952ed9a9,6f87189e6581635c351ce6c3614236c9,0,20,1199,2812,1199,2792
e1c3cc6765de248f369615f18686e8bc,f91b70530ca76e16eb25db379f132464,1875,366,2800,2569,925,2203
dfd4bbb6b3f86f23e2edd8807e32d5d2,02fe5233c545765557bbaa4131a88146,0,148,1104,2320,1104,2172
e1c3cc6765de248f369615f18686e8bc,da5bc3673b3955cb623c3793509107c9,0,622,861,2714,861,2092
4c9457a1f9538368bb36d2e2a50387f2,c7fc9b9b1d28f1f6c98bae1cb7d9cd6c,0,0,902,3518,902,3518
9dd7e7c0883199643838e533967168ba,3021b65eae85c96690996963f7258b84,0,0,846,3459,846,3459
9dd7e7c0883199643838e533967168ba,343c59223f43aeb9bbb401347e248387,1933,0,2800,2771,867,2771
f2f2620ccca943b43dbd9a97952ed9a9,484903888faf36b2a6c53440094f11cb,796,0,2012,2679,1216,2679
9dd7e7c0883199643838e533967168ba,d3f556f21e808cf9e3bb1c70e1ded86e,0,692,697,2695,697,2003
7488c5e22bd56c1580ce5534026d174f,8b8e63a34f98b466d35b80ccc92fbf82,0,0,1004,2653,1004,2653
298f65f718635afbfb4b1117412584cd,028435348a0e7f91f57befc29a898f02,0,0,1097,2678,1097,2678
10b9efa3bb9b9cf8b571a3e506d25da2,b0b4d92689f2566e774a4950220b6d08,2067,521,2800,2345,733,1824
9d70df5a83f33ec2d4c1f9eed8151f6e,3fcc4242c9e4a841fa6843880f1b18de,1962,858,2800,2853,838,1995
10b9efa3bb9b9cf8b571a3e506d25da2,d63f70262f64cf848dbcd24d4174eb20,0,0,717,2966,717,2966
adc5f6e6a2413a64e54278708e2cd19b,43a491ea2265b43b62b91000bcbc79dd,1025,0,2012,2529,987,2529
f2f2620ccca943b43dbd9a97952ed9a9,08dc75187ec597c673f31e47bd2508f5,764,224,2012,2812,1248,2588
7488c5e22bd56c1580ce5534026d174f,16b095f73a9f0563d01d6158401ec7f5,1964,502,2800,2539,836,2037
9d70df5a83f33ec2d4c1f9eed8151f6e,78b8785fdef8396d3bdda73685378793,0,0,771,2396,771,2396
269a9c5817814c1b918ecacda31d427c,9da1a5ec0f7bbceeb22ddb3dbbec57d9,2134,0,2812,2596,678,2596
9d70df5a83f33ec2d4c1f9eed8151f6e,40a249b00a4f0d3591f817b0d55f070e,0,529,819,2804,819,2275
e12a5f79da33bf8d8e5455110f10ab2d,956c1dab281ccb860dd338c7bbeb71da,1897,476,2800,2498,903,2022
cced2d4608bb8f1f17ef2778ac13752e,39334bfa210f4eb36bf3012d10a0587c,1604,99,2800,2427,1196,2328
10b9efa3bb9b9cf8b571a3e506d25da2,cca84b1f7c9e3ef543650c80fa2af7c1,2124,0,2800,3518,676,3518
9d70df5a83f33ec2d4c1f9eed8151f6e,0d6987fc066d2fad238b5c15f4e9bf8e,1966,0,2800,2543,834,2543
269a9c5817814c1b918ecacda31d427c,cc8d20fb54924dd5463407e1b53281d2,0,376,708,2302,708,1926
7488c5e22bd56c1580ce5534026d174f,c9cc24c22f3078480915f8aaaf588026,0,323,1011,2582,1011,2259
9dd7e7c0883199643838e533967168ba,02f3eb46b8ddb31c5be17172ce213287,1945,0,2800,2333,855,2333
cced2d4608bb8f1f17ef2778ac13752e,6fac9c3066bec5493ca400aa8709fbc6,0,578,1071,2881,1071,2303
adc5f6e6a2413a64e54278708e2cd19b,e60583e4f3da09764b80996d8d242d7e,0,0,962,2515,962,2515
4a64fff107f5b6751010808bc54e0a39,7768bdc867d55f1ec2a595b732847e70,1652,0,2800,3518,1148,3518
e12a5f79da33bf8d8e5455110f10ab2d,90f3a3561e64bec90aab32b0fd161dcb,1835,0,2800,3156,965,3156
3a8f23f7f6579db75bbc1ef192574da8,e9e7716d3d6e9896914d11efe17bd0d5,1897,0,2800,3518,903,3518
10b9efa3bb9b9cf8b571a3e506d25da2,a637cc7c43a49bd8dc9ca6493a4877d2,0,713,773,2517,773,1804
269a9c5817814c1b918ecacda31d427c,93d73dcc375beef7317418682953cb2d,0,0,754,2468,754,2468
7f093503e341bcec486b4330ad0c5271,ca5f655013896c9a94e9d1ef4abb897b,0,637,978,2869,978,2232
adc5f6e6a2413a64e54278708e2cd19b,067ed66b9269030560dade364eaf1d99,0,341,978,2418,978,2077
e12a5f79da33bf8d8e5455110f10ab2d,5361c17395bb3de8b532c5e7d4ca8664,0,0,947,2644,947,2644
4a64fff107f5b6751010808bc54e0a39,35aa6839083c0448a068fecd7b336242,1723,196,2800,2580,1077,2384
178ff8ed1d0e3027d33a09c8deb71783,bac044c4f2ef821091dcd7e411378f0d,0,797,1113,2908,1113,2111
7488c5e22bd56c1580ce5534026d174f,2efc66e1c5410c378dc85624ac66d2e2,1716,0,2800,2705,1084,2705
178ff8ed1d0e3027d33a09c8deb71783,9a841a79995e8752758899d8162748d3,1732,271,2800,2638,1068,2367
7f093503e341bcec486b4330ad0c5271,8a03ed916b46541f6bfcd950747d0807,0,0,1028,3518,1028,3518
57353041de453e62e1c589ae0450bc76,b13410198cb6089c1396f954015a28aa,1776,334,2800,2658,1024,2324
178ff8ed1d0e3027d33a09c8deb71783,4ff22641f21ac7fcb34fe66222a02534,1418,0,2800,2834,1382,2834
57353041de453e62e1c589ae0450bc76,d15dc650c9595e5ac5c1b5e253761905,0,0,1130,2928,1130,2928
3a8f23f7f6579db75bbc1ef192574da8,002c891e7df8ec9df8390c214c70fc64,0,600,753,2866,753,2266
7f093503e341bcec486b4330ad0c5271,33403b661b08ad41a9c949a2c4dfbce3,1758,0,2800,3518,1042,3518
cced2d4608bb8f1f17ef2778ac13752e,9ae7413250accd8c3d4f202b691c421b,1514,0,2800,3229,1286,3229
80c1b8936ec57c51af6cea3fe07b25d3,a602c9cff1052ab1601e0ab111d7abaa,1080,271,2012,2522,932,2251
e1462a82634fdaf159fb0d5b7c497cc9,77b09a68344a758585c89413b93bdb85,0,0,943,2640,943,2640
80c1b8936ec57c51af6cea3fe07b25d3,779930661ca5021cded0fd94a02283aa,1032,0,2012,2812,980,2812
4a64fff107f5b6751010808bc54e0a39,2ee25914b7b9ef12e11b644cd2044893,0,203,1002,2646,1002,2443
3a8f23f7f6579db75bbc1ef192574da8,49bd6145a8f84e2a2212e381911901c6,2037,487,2800,3217,763,2730
adc5f6e6a2413a64e54278708e2cd19b,fa8823dcb7a78e2fd43f1555e732a559,1022,83,2012,2230,990,2147
269a9c5817814c1b918ecacda31d427c,7cc5d629c947dae4491227c374fde538,2198,1045,2812,2865,614,1820
fe97163790007e5539f8da8181f4374b,c44f22812f3bc45f49498bded8056914,2047,294,2800,2431,753,2137
178ff8ed1d0e3027d33a09c8deb71783,2a045d99496dc7e93b080b51bed5b735,0,0,1084,2731,1084,2731
fe97163790007e5539f8da8181f4374b,9a2e9873a287b8078dedf5ad645a4862,0,539,752,3518,752,2979
e1462a82634fdaf159fb0d5b7c497cc9,fb7597e54cfc9367ed11fc44027a4c5e,0,819,787,2898,787,2079
3a8f23f7f6579db75bbc1ef192574da8,2301e93165d3a946700a3e2a692a0f40,0,0,821,3518,821,3518
4a64fff107f5b6751010808bc54e0a39,e47968a7c6380ffaa577c96fc8b43750,0,0,1060,3428,1060,3428
957131e9de2efc7a74813d9ff5e43bc5,62a75e0ea282da6d3d2d3d58586eb054,645,138,2012,2630,1367,2492
57353041de453e62e1c589ae0450bc76,686c9c4b3bd36755a0ba9fa3af3fcc64,0,758,997,3518,997,2760
e12a5f79da33bf8d8e5455110f10ab2d,a327cce6756d6a5b59ce6df35d1c95da,0,590,939,2552,939,1962
e1462a82634fdaf159fb0d5b7c497cc9,219a055616c7eb7e520381c267c01111,1999,318,2800,2388,801,2070
80c1b8936ec57c51af6cea3fe07b25d3,ab7021739ca7b2cf0d041058f60b24d4,0,0,1031,2323,1031,2323
57353041de453e62e1c589ae0450bc76,0033486d8e272f4914b6e6220b21297f,1677,0,2800,3210,1123,3210
cced2d4608bb8f1f17ef2778ac13752e,05fc8cb53034a6e05d54efc36eb2a57c,0,0,1146,3518,1146,3518
e1462a82634fdaf159fb0d5b7c497cc9,844ef79dea92bacbd63f1e10960fb6cd,1914,0,2800,2669,886,2669
957131e9de2efc7a74813d9ff5e43bc5,76535d460a21a41e1bda86f0d6742111,0,0,1453,2812,1453,2812
8ff33ae1b61d3bfad83e301a92a818e1,307f1177cea6b465ba2ff2c0bc6e2110,0,0,953,2952,953,2952
7f093503e341bcec486b4330ad0c5271,82af47f48507c82c3f3ba03b6a5de7c2,1943,642,2800,2614,857,1972
957131e9de2efc7a74813d9ff5e43bc5,43f6a1154490ceb90f62d50770fe9636,0,0,1452,2591,1452,2591
80c1b8936ec57c51af6cea3fe07b25d3,66c8c2b941e77cb93d1ea86849693941,0,0,999,2812,999,2812
6702d1c138b7b8de229c0377ff13eb92,ebe4661d6e85b6115b1b177967c262eb,1756,611,2800,3366,1044,2755
957131e9de2efc7a74813d9ff5e43bc5,18a10e43b45786b4311bed1e5e5a56dd,440,0,2012,2812,1572,2812
fe97163790007e5539f8da8181f4374b,23ad7fe9b48851480b0d31994b5d45bd,0,0,874,3207,874,3207
fe97163790007e5539f8da8181f4374b,14387f59b61cfdebf1fc0ac124efaf6d,1982,0,2800,3337,818,3337
6702d1c138b7b8de229c0377ff13eb92,8a4fcb75a239855f38b02f8264153894,0,511,1133,3494,1133,2983
6702d1c138b7b8de229c0377ff13eb92,933ff1fbab775db4bdf2420c9f1f9395,1750,0,2800,2801,1050,2801
8ff33ae1b61d3bfad83e301a92a818e1,afeea3082728d352c0f3760bd1639846,1868,0,2800,2935,932,2935
b62d019b2016d4f8c2a745c9091e2b36,b1c92942b8dd6dd89fc15a0276c37ece,1993,0,2800,3277,807,3277
8ff33ae1b61d3bfad83e301a92a818e1,89b6b7c3e689ef2ba1070a5a664052bb,0,0,997,2390,997,2390
b62d019b2016d4f8c2a745c9091e2b36,e4b98b04cdb66c6ea252332e1edbf415,0,0,819,2758,819,2758
b62d019b2016d4f8c2a745c9091e2b36,868d720577915dffb177fdbbf19e5327,1942,0,2800,2539,858,2539
57a4265e8c0b48912ad561e43c352648,2c6ef964f3040ffe9354e119cd17f351,2205,722,2800,2768,595,2046
8ff33ae1b61d3bfad83e301a92a818e1,b6effaa5d1e71d70f4d2e4f94e6e3508,1802,191,2800,2455,998,2264
6702d1c138b7b8de229c0377ff13eb92,c789ca6791ac57bc89e1df3f7d88907d,0,0,998,2773,998,2773
57a4265e8c0b48912ad561e43c352648,40c35bcac2f790e1de54eba254c3bfab,0,675,772,2821,772,2146
a22854b8bc1e6379b5da1460772e8f18,1307acd7051982c2fdf1a6183043a672,0,355,1304,2681,1304,2326
a22854b8bc1e6379b5da1460772e8f18,3b0d07c9aa884ce2231c4a033df0e967,1621,452,2800,2768,1179,2316
57a4265e8c0b48912ad561e43c352648,fe30f66829f6d7f39de3fbad88488c33,0,0,786,3249,786,3249
d8245da0e82b44954f356b5435d965d9,c43428ec92d054d8b60125f68854579c,0,339,990,2483,990,2144
b62d019b2016d4f8c2a745c9091e2b36,4b8e86e5bc4bc741d762a2e3758495f5,0,0,857,3249,857,3249
a22854b8bc1e6379b5da1460772e8f18,3ffa9ba240d0483c3ff0b3606b605518,1509,0,2800,2823,1291,2823
a22854b8bc1e6379b5da1460772e8f18,5c15ebb43ff92a59c24e4927b46a2904,0,0,1273,2884,1273,2884
57a4265e8c0b48912ad561e43c352648,7b5400af7bca47538070174c1383243d,2078,0,2800,3202,722,3202
d8245da0e82b44954f356b5435d965d9,09025dbf5abd08828ecd4ebf03724341,963,327,2012,2393,1049,2066
0d8fc33c55f2f6af87ee3bd16614e208,b624f33dbfd1e4af5cbbc9ca5e51e010,0,0,961,3518,961,3518
6259db6b8b3dddd5a405324eff653e10,f832f75c4e7be42dc4738bf42638de02,0,390,916,2639,916,2249
4d7251459f544291749639dd9265b804,332f534b838d237a0dbb010907d532ca,1847,0,2800,2792,953,2792
d8245da0e82b44954f356b5435d965d9,bfba9033df55b46c51ca0a5f3b4dfcf3,0,0,986,2367,986,2367
b2beb627f682c1a4e619091854a2530d,083405a27176a8757d635803ddc234f0,0,173,1038,2347,1038,2174
6259db6b8b3dddd5a405324eff653e10,b19b2a395abfa11b131b3a6cfdc15739,0,0,1054,2828,1054,2828
0d8fc33c55f2f6af87ee3bd16614e208,c1b626dbe028a9872412d7646892e446,1848,0,2800,3287,952,3287
5134abe041ad60df1277fc6d5a8cb1dd,7248576e4cab860bf65d449d630dc747,0,678,831,2783,831,2105
4d7251459f544291749639dd9265b804,b59098ed7ee314b9bc068d5072cde0ab,1819,416,2800,3518,981,3102
6259db6b8b3dddd5a405324eff653e10,1978098e86fcf90bdb83a489e07afb8c,1799,358,2800,3518,1001,3160
4d7251459f544291749639dd9265b804,06073969e7453f71ac8108c6081dc9b8,0,360,913,2616,913,2256
6259db6b8b3dddd5a405324eff653e10,5b3c3fc8e1a34d1fc0d8bd36141fb5da,1831,0,2800,2489,969,2489
4d7251459f544291749639dd9265b804,dbfffde4219dfb6aab1a5fe2d21a99d0,0,0,896,3018,896,3018
a6782fd2829b4659f63386d2049c12f0,ac2588a3102be5a47374246fc8dbcb76,0,308,900,3013,900,2705
ea9eae3db9c40e4314d67a104e5e2504,5ec0409a43d2fffc5c37dc3316b48232,0,822,766,3518,766,2696
a6782fd2829b4659f63386d2049c12f0,c8a936ae984e9fc933f00a8cf8312a0e,1979,0,2800,2660,821,2660
5134abe041ad60df1277fc6d5a8cb1dd,eeb36fadfb3f5eaa2f1e1d7269d6cf33,1957,237,2800,2366,843,2129
a6782fd2829b4659f63386d2049c12f0,88a74cef35dbddadcc27f545dc7fd30d,1982,714,2800,2727,818,2013
5134abe041ad60df1277fc6d5a8cb1dd,a07cc2bfae2189f6c5d0a819d59fb6c0,0,0,936,2396,936,2396
542fab889ac90df4df4b0f06db83eb56,885dfcce9bbc3acfbc5ed85a05a30d11,1689,390,2800,2767,1111,2377
d8245da0e82b44954f356b5435d965d9,4dd908b41dbb97c46b7a8127ef88a647,875,0,2012,2558,1137,2558
542fab889ac90df4df4b0f06db83eb56,38045c109de6e518cac1adbeb1d637a5,0,582,1077,2939,1077,2357
542fab889ac90df4df4b0f06db83eb56,c3a425e6612f040a8e68aa80eb66a9c3,1685,0,2800,2787,1115,2787
7744a9f1ae12c807616509cf5cd03c8b,5743a1e1f866684ce2efff8efe8fcee0,659,151,2012,2812,1353,2661
ea9eae3db9c40e4314d67a104e5e2504,c53372aa6906a9db1e9a8eea0f0729ca,1948,0,2800,2614,852,2614
a6782fd2829b4659f63386d2049c12f0,d167dd5ac16d3f7dc17323f81e4d0ad2,0,0,884,2573,884,2573
46293ae7e87ee76a172f0ac1b2d06ea5,4423b990aa10c68511fed6215a175878,0,0,1179,2778,1179,2778
ea9eae3db9c40e4314d67a104e5e2504,6bfd7c4bd1045a1258b57901aac48797,1981,811,2800,2700,819,1889
5134abe041ad60df1277fc6d5a8cb1dd,8ce0e68630681b659d5f63638b55aedc,1916,0,2800,2494,884,2494
cc24ed94ca4f3b5761d7103425bb7caa,7068e67b95502b6b88e60409fe117ee3,0,290,1197,3518,1197,3228
dc0e490edf47e9c17bff79a4a6b0000f,971964ed338f22ac357dc109efe7fbb3,1912,335,2800,2700,888,2365
0bf6399c0d8579630234df0c2bfbcea3,8b06d822b096470bf3b058635a6edfb3,2143,713,2800,2470,657,1757
46293ae7e87ee76a172f0ac1b2d06ea5,4fd1b67469a0426e6a1b81fa9465950e,1578,0,2800,3031,1222,3031
1be3436ba4ea2d8afc9920e4ae29401a,dd0ee9c70c871f6bb6adfccbbcab650c,1225,601,2012,2492,787,1891
1be3436ba4ea2d8afc9920e4ae29401a,6d8e3f07722f2241bde618920e3c075b,0,582,720,2812,720,2230
cc24ed94ca4f3b5761d7103425bb7caa,58cc3cc58cbcbc4f760c44bdd27e86db,1498,0,2800,2793,1302,2793
7744a9f1ae12c807616509cf5cd03c8b,c524e31048009e01ce4e35b124b95919,0,0,1463,2812,1463,2812
a07a6c74f76340994d76e75849846ef3,84f451b4a008e729604feb03179090e6,1984,817,2800,2938,816,2121
0d8fc33c55f2f6af87ee3bd16614e208,dd0b143a10f7dd0cedb9de5f146005aa,1956,331,2800,2558,844,2227
46293ae7e87ee76a172f0ac1b2d06ea5,61307f3b694af1caad07109e62531cbb,1715,272,2800,2709,1085,2437
cc24ed94ca4f3b5761d7103425bb7caa,7acc23e5f474ceed8359c015ddddd166,1517,0,2800,3197,1283,3197
542fab889ac90df4df4b0f06db83eb56,bdb6fda93b24bcacca6e1e2d3babdb2a,0,0,1098,2772,1098,2772
7744a9f1ae12c807616509cf5cd03c8b,221ff994ffc7c7e0df9dc4badc7d2348,0,18,1201,2210,1201,2192
46293ae7e87ee76a172f0ac1b2d06ea5,c99fc0b9b7bc0618d0b156db5d1905d8,0,187,1089,2437,1089,2250
a07a6c74f76340994d76e75849846ef3,e627af8925e7529ad2ea7445a3511251,0,0,940,2639,940,2639
48e179c885baf4e507e3817ed0f54e2a,c7fc3ac1b1467ed706461ead74a6c334,1816,639,2800,2614,984,1975
1be3436ba4ea2d8afc9920e4ae29401a,9d11fcaae2bdc8075b4e955ef300d65a,1232,0,2012,2355,780,2355
1be3436ba4ea2d8afc9920e4ae29401a,96353b15c83b9c3c9757e907c5c4b8e3,0,0,811,2812,811,2812
48e179c885baf4e507e3817ed0f54e2a,3b4fca41b0db45fd8cd26f3276197c7a,0,415,914,2402,914,1987
5d6b1c5fbb53a4ad8c89f04534af3bf6,bed3bf570e8d814433402daecd937291,0,0,1062,2311,1062,2311
1d80107f16dcec71ac819d7655f03d07,e0ffb4482c7a4420aa64cb2fe018203c,1878,0,2800,3518,922,3518
5d6b1c5fbb53a4ad8c89f04534af3bf6,887dcfa5508ed1b8fe862a3a5300e876,1920,625,2800,3518,880,2893
ea9eae3db9c40e4314d67a104e5e2504,7aaaf4b22084c931492b021b98f970ca,0,0,883,2497,883,2497
a07a6c74f76340994d76e75849846ef3,d5c4ae2c70f40ff36ab2e31cfdd811ad,0,264,905,2579,905,2315
0d8fc33c55f2f6af87ee3bd16614e208,37e7f2519f2f4d398c954e20b95a9ab5,0,493,903,2956,903,2463
60ecf41b7df55c1c49ab9cad1e86ed1f,1de5c06a0144e29e52a6600494ee8bba,0,599,879,3412,879,2813
5d6b1c5fbb53a4ad8c89f04534af3bf6,85d6b3e2f030be021f8afea7df59099c,0,528,1013,2682,1013,2154
dc0e490edf47e9c17bff79a4a6b0000f,21746116eb466e3b49d1107e173bb0f7,0,0,1002,2632,1002,2632
da3aeea6956795e35b7b0cd05ffc0251,6204355e61f8b936d4a7cef2aff1a316,0,570,954,2649,954,2079
dc0e490edf47e9c17bff79a4a6b0000f,467c18c839009865825d3eea18edefde,1672,0,2800,3233,1128,3233
5d6b1c5fbb53a4ad8c89f04534af3bf6,3fc7056e2f64f799078dd5099d5e9280,1841,0,2800,2562,959,2562
1d80107f16dcec71ac819d7655f03d07,d0e76351817f5b440329d3e4a0735bd5,1853,150,2800,2668,947,2518
1d80107f16dcec71ac819d7655f03d07,4fbd644b2b0ea2a67b1b3ce93bc1496b,0,0,939,3501,939,3501
a07a6c74f76340994d76e75849846ef3,b3b1ee6495c486b8a6a6a2db5abda251,1928,0,2800,3518,872,3518
60ecf41b7df55c1c49ab9cad1e86ed1f,371c064003460608af2a2f6e8b044ee3,1940,0,2800,2593,860,2593
cc24ed94ca4f3b5761d7103425bb7caa,e1d29d1daf503e108de3a83eb8d5e60e,0,0,1275,2851,1275,2851
da3aeea6956795e35b7b0cd05ffc0251,a95e9f4f4a87ab3229dd92e85c4c3957,1952,379,2800,2393,848,2014
1d80107f16dcec71ac819d7655f03d07,ecb232ca63e0bbd028d577e277623cae,0,296,927,2634,927,2338
b7a1e2240ba9a60c525d9624246c1979,abe8b13b85bd86bd5b1a72c900166301,1923,0,2800,2810,877,2810
af608d6323e6368d5f9dec7133535d2a,12934acf251e53cab1a31cd4ae780ccc,2099,765,2800,2610,701,1845
7c49a0d284532fa3e537ac87991c9608,a6dad62e2c8528abf3e74324325cc6d3,0,650,660,2482,660,1832
7c49a0d284532fa3e537ac87991c9608,4f4ec8188be1ef6fae98b49d91d88fee,2070,501,2800,2503,730,2002
7c49a0d284532fa3e537ac87991c9608,e617a3753fa8b569c63665274fe3697c,1963,0,2800,3333,837,3333
af608d6323e6368d5f9dec7133535d2a,a2d22769cfb8879e945d1dcbd582f389,0,780,739,2693,739,1913
af608d6323e6368d5f9dec7133535d2a,655fecaaab36a69f33d76cfd0049faf1,0,0,744,3518,744,3518
a44f32645649ab61218e70609ba2f0cf,bca3475a9b4b74bff2473e66bc48e592,0,0,923,2766,923,2766
5fe871c9ceeff9270666c76ebba7ecaa,3d16f6cbaf9d401fe47809bb97eda147,1921,470,2800,2537,879,2067
7744a9f1ae12c807616509cf5cd03c8b,cb5ad3f6dfe1a0355c2ea265d7a878c5,609,0,2012,2532,1403,2532
0bf6399c0d8579630234df0c2bfbcea3,9172518d9ab53ab32a6ba00b2812cc7e,0,0,689,2470,689,2470
a99009b5becce42e46f78a06a20a29d7,e6edc38781d8bb71f5b35c060b8195cf,1871,228,2800,2308,929,2080
a99009b5becce42e46f78a06a20a29d7,680acb11dd4de7a2dc59d5e0ce473f4b,0,280,913,2344,913,2064
60ecf41b7df55c1c49ab9cad1e86ed1f,c2be4da803e43f11965eaff49874f190,1824,409,2800,3518,976,3109
5fe871c9ceeff9270666c76ebba7ecaa,77a86a7f303573208e863e2051d5044c,1931,0,2800,3518,869,3518
5fe871c9ceeff9270666c76ebba7ecaa,1be99e75ecacafacbe1bf4a2d9333210,0,0,941,2386,941,2386
0bf6399c0d8579630234df0c2bfbcea3,886653df52dd2a2170d8789cf498979a,0,668,743,2526,743,1858
b2beb627f682c1a4e619091854a2530d,2507452fc2c67e1a53b18d6b4e5b03da,1713,61,2800,2259,1087,2198
f0679a6088bd85bee2a1738e19b71b99,a0fec771dfbd9b0a0dbbc8153b8c581f,0,452,1020,2668,1020,2216
f0679a6088bd85bee2a1738e19b71b99,dd33c02bfdbe7311bf87e2955281c01d,0,0,1066,2969,1066,2969
a99009b5becce42e46f78a06a20a29d7,8966eee3b6d7b4b3db1fb366a96934ad,0,0,948,3518,948,3518
f0679a6088bd85bee2a1738e19b71b99,f5846706821519ab98dc8c6b9f269d33,1670,502,2800,2749,1130,2247
dc0e490edf47e9c17bff79a4a6b0000f,56883dc744ad1e56ba9a8b147c74fa8b,0,265,877,2602,877,2337
da3aeea6956795e35b7b0cd05ffc0251,5b3419df1d0cca341601bb02ee8cfa90,0,0,990,3518,990,3518
48e179c885baf4e507e3817ed0f54e2a,c8eb3088a3bc5e6bba7a7d5abc1c2fb2,1802,0,2800,2437,998,2437
a44f32645649ab61218e70609ba2f0cf,51a893399540e5e2eeb09b86abf8494e,0,538,923,2552,923,2014
5fe871c9ceeff9270666c76ebba7ecaa,86a0d9196d7c8361607f9e95146d90de,0,401,879,2428,879,2027
af608d6323e6368d5f9dec7133535d2a,a2850b716d6c9c2aaa6421b870934aaf,2073,0,2800,3518,727,3518
a44f32645649ab61218e70609ba2f0cf,0e68497cf6886695ae942dc1f84ff8f6,1991,0,2800,2853,809,2853
a44f32645649ab61218e70609ba2f0cf,bbaf01b64b44be70d783445d87ec8ded,2043,808,2800,2778,757,1970
a99009b5becce42e46f78a06a20a29d7,900a9b2f7f810d55f66617861866f10b,1747,0,2800,3518,1053,3518
f0679a6088bd85bee2a1738e19b71b99,e8280ae928a560b3f32db40cedd9ef27,1658,0,2800,3518,1142,3518
ef30e6edc1c762e4c5e145e0c75d450d,96a829eba1e676ce4a26c26cc84c0ce7,1878,842,2800,3518,922,2676
0bf6399c0d8579630234df0c2bfbcea3,ff2755d4376493ff2af7d6e14be153a1,2072,0,2800,2479,728,2479
f89214e649de29a9e050564b894f4036,0a0c8b8a32ff32b0feb0d76e93b8dcad,2230,414,2800,2367,570,1953
60ecf41b7df55c1c49ab9cad1e86ed1f,d599747ff56b8da0ecf19abfa57f4c9b,0,0,923,2598,923,2598
9b8a8833eeba37a48c20f0f37f000047,da7e1a4d6a7ea3e48c9300d66ad25374,2024,529,2800,2392,776,1863
9b8a8833eeba37a48c20f0f37f000047,480a3cf31b07b062b323715a80c53847,1888,0,2800,3316,912,3316
7c7751e70391f842a984f66eb93f48fa,1e5ca19fd4553f2424739f11f380db3a,872,0,2012,2812,1140,2812
ef30e6edc1c762e4c5e145e0c75d450d,100324b418b45b2aa170b4dcc0bea014,0,534,1040,2834,1040,2300
7c7751e70391f842a984f66eb93f48fa,a27ef074800878514ba46a06f7f02ea5,0,0,1169,2812,1169,2812
ef30e6edc1c762e4c5e145e0c75d450d,dd730c62be4fec662779c3ccfbc5181d,1766,0,2800,3518,1034,3518
ddcd0198751be0229c4de98a98a0bbc6,c804e6dff487b5ba1b4c03754a35d859,0,423,933,2760,933,2337
9b8a8833eeba37a48c20f0f37f000047,b0103386b6dab78d0344f577c431dc4b,0,848,842,2846,842,1998
ef30e6edc1c762e4c5e145e0c75d450d,ca5791a775ca00bab778128eac67de6c,0,0,1076,3518,1076,3518
da3aeea6956795e35b7b0cd05ffc0251,77a90dc2c55c98af55c296fe181b756c,1907,0,2800,3195,893,3195
00464e1a9bfd88d33466321e03a55c1a,e7ad5afd2fb520aca0409c734315e385,1932,0,2800,2770,868,2770
e918d30cfad5b412496285cc3f49d582,b29708792468e2e3916d0f0bd683a2cc,0,408,983,2779,983,2371
00464e1a9bfd88d33466321e03a55c1a,97191e6e909300638a2a40c63f53a1d3,0,370,801,2611,801,2241
ddcd0198751be0229c4de98a98a0bbc6,b611d5c604258a23e1078ccac3f9baab,1858,0,2800,2582,942,2582
ddcd0198751be0229c4de98a98a0bbc6,ec5d27c025c263c9201605c86bdb4ee9,1847,381,2800,2729,953,2348
b7a1e2240ba9a60c525d9624246c1979,e837e7073f30aba0c78670b8edff38f7,0,822,755,2755,755,1933
25a29e8d0f00eb2642db5e943c719ea1,23374cb5222c77f1f221b4f9226c6828,1722,0,2657,3403,935,3403
00464e1a9bfd88d33466321e03a55c1a,643e9d162da220e8dbad171600375576,0,0,924,3391,924,3391
e918d30cfad5b412496285cc3f49d582,68ecc323a6e90037511f017c518b770f,1713,486,2800,2745,1087,2259
00464e1a9bfd88d33466321e03a55c1a,1ae7d3012efee08737b9036e20649630,1969,26,2800,2363,831,2337
c659e0e01ed8e0ba6dc0adf5418eeaa9,9ba92f29441854cfcb0c2abc08a013c6,732,141,2012,2521,1280,2380
25a29e8d0f00eb2642db5e943c719ea1,a2dab6ee07fb83ca87ec77de2749ea79,0,378,827,2429,827,2051
e918d30cfad5b412496285cc3f49d582,ec947c441c987504b83d79e4ccc33cbb,1702,0,2800,2705,1098,2705
25a29e8d0f00eb2642db5e943c719ea1,09a68223f6735b9a5a61b6a4a1a88312,1789,805,2663,2831,874,2026
9b8a8833eeba37a48c20f0f37f000047,116a7bd5a30ffeeb2c892064f21bd360,0,0,803,3518,803,3518
c659e0e01ed8e0ba6dc0adf5418eeaa9,4ece7d50c3a446ccb0639d2bafe507d9,0,165,1437,2554,1437,2389
40ad72cd8195d39bacc1e0e65a9b9301,49b84457ef6fe3e4f0d912bc12edd09d,0,645,730,2855,730,2210
cb2bcbefc286fa099c17357f21e5fd65,4491bb7b27099a3781f8c147f7c64f8b,0,67,1134,2506,1134,2439
40ad72cd8195d39bacc1e0e65a9b9301,f704e29ff3176919861760179cd92574,2038,318,2800,2853,762,2535
7c49a0d284532fa3e537ac87991c9608,1cfb1d7f513466d8ca7900c23346d309,0,0,796,2444,796,2444
dabe91ba1df76cc06a21c8e594c2a966,421283266b14b52d0bfada0cb341659f,2092,759,2800,2932,708,2173
e170cbb8163e78032bc89cb572e91bcf,9472c7027d8809c6ff8f0d3f46e7b69e,0,539,1135,3518,1135,2979
dabe91ba1df76cc06a21c8e594c2a966,0d08356a2638c214fbc6cbeb24251c0c,0,454,812,2701,812,2247
cb2bcbefc286fa099c17357f21e5fd65,01b1d087d00f67e4bedf0cad8a32a8a3,974,0,2012,2241,1038,2241
3cfef576e26f5f82ec37c207d406b38a,646a8026c7980f5bc53fa0934a9a6e9d,0,516,1248,3090,1248,2574
a7d52ac2bcbd314fea3b074097ebc80d,6533c32a9d1a16270f8e169a12b4e33a,1993,487,2800,2494,807,2007
c659e0e01ed8e0ba6dc0adf5418eeaa9,b170cb834c8bccc382bc8a1b667e6100,661,0,2012,2812,1351,2812
883bc8c06915c1a904f66dcf2d637111,cee1ecd0f122b70043085b58ddc12f47,924,0,2012,2812,1088,2812
883bc8c06915c1a904f66dcf2d637111,817773d952e08804d5fc07673e9b7221,0,0,1156,2407,1156,2407
883bc8c06915c1a904f66dcf2d637111,ad25723e2c0497300a91e627503edb5e,0,0,1169,2536,1169,2536
883bc8c06915c1a904f66dcf2d637111,d0244a44f478ef39f253c25fcf9a09dd,831,0,2012,2510,1181,2510
c659e0e01ed8e0ba6dc0adf5418eeaa9,ba7d2eab34163056d0639065e6f16455,0,0,1610,2812,1610,2812
b7a1e2240ba9a60c525d9624246c1979,5d3c4adce7322f25ae8aee680afeb489,2092,511,2800,3441,708,2930
dabe91ba1df76cc06a21c8e594c2a966,185d72636122b93911abdbe015985e40,0,0,851,3518,851,3518
a7d52ac2bcbd314fea3b074097ebc80d,4668c98509c5dd51a3e15e215fcd660b,0,952,750,2861,750,1909
ddcd0198751be0229c4de98a98a0bbc6,f2e776e50d067da06ce54613eff6e817,0,0,872,2715,872,2715
cb2bcbefc286fa099c17357f21e5fd65,16c89b32286dcf814fbbc19c4b48ad9a,886,0,2012,2435,1126,2435
40ad72cd8195d39bacc1e0e65a9b9301,d34c978d1e6bede7680d71f4a808e303,2010,0,2800,3373,790,3373
e170cbb8163e78032bc89cb572e91bcf,9c4463386020681e781d22df561db21f,0,0,1064,2431,1064,2431
e170cbb8163e78032bc89cb572e91bcf,1345736d677301d1373490eba1462708,1816,0,2800,2450,984,2450
dabe91ba1df76cc06a21c8e594c2a966,f9aac8cc7862518a7cf89d8b733ec1dc,1960,0,2800,3341,840,3341
a7d52ac2bcbd314fea3b074097ebc80d,d22d36b820786d47a9134c5d3bcaeac8,0,0,797,2464,797,2464
35c623293e2f2a5897e77a41e2a4390f,3f25d53e4ba2ab76ffa54fad13b2b2d6,709,14,2012,2179,1303,2165
e480e873a319b8caa10cb1508d537252,4b1622945825039ac9f6c571127b2f65,0,0,945,3012,945,3012
e143347c4090b01438486009f54edc6c,80a14d91cec2a138d6e1ca0890b910ef,877,221,2012,2812,1135,2591
e918d30cfad5b412496285cc3f49d582,fae50db4b8bfc26e8726bff3ba93503c,0,0,979,2739,979,2739
3cfef576e26f5f82ec37c207d406b38a,8bed1a8a7eba0dec98b31fcdf93c6670,1525,296,2812,2922,1287,2626
e480e873a319b8caa10cb1508d537252,f869506487d3829a4a5860c27e0d123c,0,455,1142,2675,1142,2220
e480e873a319b8caa10cb1508d537252,2a04163be4ae7d6f70732904202cc934,2020,261,2800,3413,780,3152
e143347c4090b01438486009f54edc6c,bd631246edb643f8b1305551a95b0ea0,965,0,2012,2740,1047,2740
3cfef576e26f5f82ec37c207d406b38a,758f244ee63b11692fa627ce500852b9,0,0,1203,3142,1203,3142
35c623293e2f2a5897e77a41e2a4390f,79fabf79999721b103fafff5ff993b9d,0,0,1241,2703,1241,2703
a7d52ac2bcbd314fea3b074097ebc80d,8186698e14c468ad89401bbb4c1a60e8,1933,0,2800,2506,867,2506
9355c6b80ab80257f1c99ec644a5798e,91b400a71701d0631ca289fde31d5129,1845,0,2800,2443,955,2443
25a29e8d0f00eb2642db5e943c719ea1,08fde7d2098b4d924dbead7edcbd8ac6,0,0,830,3580,830,3580
e143347c4090b01438486009f54edc6c,a8127d3564e20bf0d4d737a6caaab3ec,0,344,1034,2812,1034,2468
e170cbb8163e78032bc89cb572e91bcf,0bcaab5b0101f600c66face5d4f38e63,1722,510,2800,2505,1078,1995
9355c6b80ab80257f1c99ec644a5798e,bc58e54ec75acfc3acfb248f409ff2f4,0,0,1072,2243,1072,2243
3fe8b534f8ce4d0d999a8d08143b795d,001af7aa97d673118c775aa8d93150e8,0,460,950,3518,950,3058
6d3f483e86b8cebae20771da1f691013,939975fbe5319d176363cefb43ede60c,0,0,736,2622,736,2622
8138169c67834e4e979fa17f38a826ad,f2786858678ae3f92196a0024533eaaa,1831,0,2800,3518,969,3518
e143347c4090b01438486009f54edc6c,693cc6a0623b00dc6bead2136d15d7f5,0,0,1070,2686,1070,2686
9355c6b80ab80257f1c99ec644a5798e,87207460ecda3b86f570e495a65cef48,0,837,961,2585,961,1748
3fe8b534f8ce4d0d999a8d08143b795d,ecd6c0a4a1225735c4df720c05d817e2,1784,0,2800,3518,1016,3518
8138169c67834e4e979fa17f38a826ad,7945a387c25907a33f32da0ad4ef8b16,1978,800,2800,2736,822,1936
8138169c67834e4e979fa17f38a826ad,2afcccf0ef40e7f87c2ba3079de2459f,0,568,835,2612,835,2044
6d3f483e86b8cebae20771da1f691013,6e6682015b76f7296395a8071f885c2c,2309,249,2750,3580,441,3331
35c623293e2f2a5897e77a41e2a4390f,d936bb37222f813ccb364b377bc81fdc,0,254,1303,2537,1303,2283
9b9636fabbf0932014232744b9dc74e1,3f516dce4b24cf2d22cfab0b69da69af,0,0,1274,2812,1274,2812
e480e873a319b8caa10cb1508d537252,cc646314fbef56ce4636bb29623e5ad2,1690,0,2800,3518,1110,3518
da17728ab905a565051f16986aafda50,fe0bb24c391db0953019bfbbffba0898,949,0,2012,2540,1063,2540
40ad72cd8195d39bacc1e0e65a9b9301,42882dbdddc0ec3d19b8da5516a9af58,0,0,885,3193,885,3193
6d3f483e86b8cebae20771da1f691013,f54aa7d53a71325f44844f6be1f214d8,0,819,858,3580,858,2761
f9aa18796db72a289f87f5c18ae11b62,80c26563027fe12d1744084c0c25c1fc,1893,672,2800,3518,907,2846
f9aa18796db72a289f87f5c18ae11b62,71dde8da1600b9cb9710db24240ec6ba,0,0,953,3313,953,3313
da17728ab905a565051f16986aafda50,bcb1ae36b77c5324ff9243999acc20c2,0,329,1039,2278,1039,1949
9b9636fabbf0932014232744b9dc74e1,0c16243ac42e69a7b85db8a96e872424,733,177,2012,2550,1279,2373
55dfb11244b9a73d5ec8131783f5b7f7,7abe75a9e5f07ccbefcfdc0a3ad033b5,0,0,798,2710,798,2710
f89214e649de29a9e050564b894f4036,fb7cdf465fb81bb00cf9bc4dcd87d985,2133,0,2800,2540,667,2540
289fe0ca73d026c26b9302683e67c8e7,ced7fb45a295ec898d637d01ea217c23,1850,0,2670,2464,820,2464
9355c6b80ab80257f1c99ec644a5798e,74a7701753ba871a4ae648ced460b15a,1961,587,2800,2474,839,1887
55dfb11244b9a73d5ec8131783f5b7f7,3bb3b2b2842c76b37df73a4efcea25ba,2084,619,2812,2718,728,2099
cb2bcbefc286fa099c17357f21e5fd65,1a091cda903e0f9ee1ff90a484dbfe3a,0,0,1060,2317,1060,2317
55dfb11244b9a73d5ec8131783f5b7f7,fa0104443e2e60effcb1e0222a9b015d,2001,0,2812,2723,811,2723
da17728ab905a565051f16986aafda50,8cb4a0dc68419564f4247d2b58f16bc0,912,413,2012,2498,1100,2085
f89214e649de29a9e050564b894f4036,452082134e18abd6eec53cb0f7dcec7b,0,730,546,2560,546,1830
9b9636fabbf0932014232744b9dc74e1,97e500e2a0444dfadedff65c418d2e3b,0,249,1276,2581,1276,2332
b7a1e2240ba9a60c525d9624246c1979,56da1c43c72a9f796cc19308cb8ecce5,0,0,761,2622,761,2622
7c7751e70391f842a984f66eb93f48fa,0cee66d2ca13bd24f4375136443bf08c,836,0,2012,2538,1176,2538
289fe0ca73d026c26b9302683e67c8e7,d1a2eaf3a8a4613630e0aa2d9e581f2e,0,798,902,2969,902,2171
f9aa18796db72a289f87f5c18ae11b62,862857b510038e20da883ec41aaa0915,1807,0,2800,2936,993,2936
9b9636fabbf0932014232744b9dc74e1,9a71a3b935f81a42b6e768325d1633ae,594,0,2012,2812,1418,2812
da17728ab905a565051f16986aafda50,09c7c41323c29e418790f733ffb291c1,0,0,1033,2460,1033,2460
6d3f483e86b8cebae20771da1f691013,ba5090e4d217a99c298baecb3712b11a,2102,0,2766,3580,664,3580
8138169c67834e4e979fa17f38a826ad,ab1cc5dddfa890b18ae7cc7b093b4772,0,0,971,3518,971,3518
55dfb11244b9a73d5ec8131783f5b7f7,7a897efcb670c33df189932c91af9f28,0,377,781,2678,781,2301
3f8ad54f66c2cb71548bfa0ec7ba88f9,3bf39db5f55dbadd875a6aae874766c9,1503,0,2800,3104,1297,3104
3fe8b534f8ce4d0d999a8d08143b795d,6b57d7b051f63461c9b6e26944911b19,1770,190,2800,3141,1030,2951
f9aa18796db72a289f87f5c18ae11b62,aa7c65f65ae50caf8dab6c0ebcd6b987,0,486,842,2617,842,2131
b2beb627f682c1a4e619091854a2530d,37ecf052d5aacbb8038e93f7faa1bd72,1694,0,2800,3010,1106,3010
3f8ad54f66c2cb71548bfa0ec7ba88f9,7fe133b67a91fd90f2983b64034642d0,0,0,1454,2857,1454,2857
3fe8b534f8ce4d0d999a8d08143b795d,091e8ca6357e7ba4877b5985297afffc,0,0,983,3230,983,3230
289fe0ca73d026c26b9302683e67c8e7,d3037343496cfedecd611d2d928cf15d,1872,1009,2718,3114,846,2105
7c7751e70391f842a984f66eb93f48fa,8df813abce325d098454d9a021093f10,0,0,1208,2451,1208,2451
4750397b660089d86b710468f871fa30,17eb421532af2adaaf92b5b6679c329e,0,509,1143,2704,1143,2195
3f8ad54f66c2cb71548bfa0ec7ba88f9,316ba621104216dae9abc50a25aab02c,0,0,1325,3518,1325,3518
35c623293e2f2a5897e77a41e2a4390f,428046624e040cef05bbe813375fcbb1,863,0,2012,2574,1149,2574
4750397b660089d86b710468f871fa30,ebdf08cd471a1e5ca0eb6adbddb9ed39,1778,160,2800,2300,1022,2140
3cfef576e26f5f82ec37c207d406b38a,23db13def3d7b27ac274cafd7bb6fc16,1567,0,2812,3234,1245,3234
3f8ad54f66c2cb71548bfa0ec7ba88f9,e1ad3882c48c3e953b037813ff8fbe3a,1388,0,2800,3518,1412,3518
c857a26efa451a9387c597350d999b3f,33587a502b939ad09affdbefc93847b5,1804,0,2800,3518,996,3518
289fe0ca73d026c26b9302683e67c8e7,e4ca726357ae6de845d1f65de62a7ddc,0,0,894,2488,894,2488
c857a26efa451a9387c597350d999b3f,a5d30518abe266f695f7573f81a6b8ee,0,730,732,2551,732,1821
83e3a5bd20660755a22d5763c82fe204,970538b13f221bac8b19e3b701b6fc6c,0,0,885,3518,885,3518
c857a26efa451a9387c597350d999b3f,98d20c31fc272a117548caab8092a306,0,0,917,3491,917,3491
48e179c885baf4e507e3817ed0f54e2a,55b9fdd9ee0728525d3d10c613dd70a3,0,0,916,2356,916,2356
c857a26efa451a9387c597350d999b3f,b9b8036a5390190c794b64795ecc8266,1922,485,2800,2401,878,1916
83e3a5bd20660755a22d5763c82fe204,262ff38a88c44e1fb5a13652ef2bc246,0,408,917,2637,917,2229
83e3a5bd20660755a22d5763c82fe204,dc4171aca504b425f69dd20937b4d637,1809,0,2800,2633,991,2633
83e3a5bd20660755a22d5763c82fe204,eb8a6f79ee3c2afb4274018196879c59,1846,482,2800,2597,954,2115
4750397b660089d86b710468f871fa30,c45989efa3b7e3b24ecc93362019b2a8,1527,0,2800,2867,1273,2867
b2beb627f682c1a4e619091854a2530d,94e6eca726589b1f37a0af04aede56da,0,0,1097,3057,1097,3057
69ba5efe675f9a447b41b77cd967c0d0,6a2c349d80adc1db81a0232ace3ca96e,0,893,707,2627,707,1734
aa1cbd86ac292d6a2e2bb507918b5d68,d08f8a56f9ba914c879b442ba4662f0d,0,0,841,3518,841,3518
4750397b660089d86b710468f871fa30,72336b4dcb3b540b5f8c5c09e351cda9,0,0,1136,2854,1136,2854
f89214e649de29a9e050564b894f4036,d6f9df92115172433286de1be428bde3,0,0,660,3518,660,3518
7e691b1890bbdaf84db26cabddf32668,bf0cb08fc94c6565e7466a47571dd6df,0,340,922,2528,922,2188
aa1cbd86ac292d6a2e2bb507918b5d68,b6fb5629db27ff180978fd1e0dee745d,0,0,739,2497,739,2497
aa1cbd86ac292d6a2e2bb507918b5d68,0efcab3be6ebd43d5ed6a67518a23750,1971,0,2800,2538,829,2538
7e691b1890bbdaf84db26cabddf32668,85b5c12e6e77fd17c3cafe2ed51d326b,1995,0,2800,2844,805,2844
25433a66ff47c793dbd295d07078cc7e,b23f19bc01e2549742b381d338d521fc,1485,369,2800,2543,1315,2174
69ba5efe675f9a447b41b77cd967c0d0,f6668e4c1c38fa96db5d0815487a75a9,2116,481,2800,2317,684,1836
308b244f07c39973d914c24bd1bbc8e0,76964854884c622458d697105530a14b,2115,0,2800,2210,685,2210
69ba5efe675f9a447b41b77cd967c0d0,c7bfa97eddd3241bc7a2f0ea09e63b6c,2005,0,2800,2466,795,2466
3780f3f82ed54874cf296b9df745b2ec,2a0f17e36af85d2554a590102c606216,1944,0,2800,2475,856,2475
60736b7e5415958737aac6b52a478dd4,734c69b99caf0ec5202ccb871243785e,0,561,871,3518,871,2957
25433a66ff47c793dbd295d07078cc7e,e1b1e63ebf0c1ec306c401fa42f0fe4b,0,222,1360,2672,1360,2450
a2f36ab036769cc51a0bc8ec24e3668e,4dc344306dfc781ab966c99d7e2079e0,1019,0,2012,2187,993,2187
25433a66ff47c793dbd295d07078cc7e,4f53e66cab72e6c0c9a0bfda8700de37,1393,0,2800,3518,1407,3518
69ba5efe675f9a447b41b77cd967c0d0,2850c6268cb184bf74fd7e448436690a,0,0,841,3518,841,3518
3780f3f82ed54874cf296b9df745b2ec,592636bf7c4772093541ecce0deae5da,0,323,702,2448,702,2125
aa1cbd86ac292d6a2e2bb507918b5d68,4c3f4e80886dd224c36e6ce5ebca3e15,2129,433,2800,2309,671,1876
3780f3f82ed54874cf296b9df745b2ec,9171b145834c4271c6ac758e63ae1d3c,2017,0,2800,2628,783,2628
a2f36ab036769cc51a0bc8ec24e3668e,a59d9ff9fed419707db6b4ed94045ee4,0,255,1007,2336,1007,2081
60736b7e5415958737aac6b52a478dd4,9d5f4ada4dcfb76e9dca76d02ecf7fc1,1842,0,2800,3325,958,3325
a2f36ab036769cc51a0bc8ec24e3668e,d49734a8e4e2ec1875fb6db8212d5df0,1029,0,2012,2253,983,2253
60736b7e5415958737aac6b52a478dd4,91f04e259126225e3ff5eca83314c268,1805,633,2800,3388,995,2755
3780f3f82ed54874cf296b9df745b2ec,ebb3dc93cab43186c0bec067dbc0a60c,0,0,832,2732,832,2732
3c8e6674baff44c803f15c6facaa8d16,517e42b0bd883dfcd1a3d21f9e153141,0,0,1033,3484,1033,3484
a2f36ab036769cc51a0bc8ec24e3668e,6dc4ab52d7cdae0e0856f0f62bab7585,0,0,1041,2507,1041,2507
7e691b1890bbdaf84db26cabddf32668,f2c77bfa012080232b8460cef7886819,2004,350,2800,2406,796,2056
308b244f07c39973d914c24bd1bbc8e0,b57e631d341a80c582b28ee433e1d5eb,0,576,942,2577,942,2001
308b244f07c39973d914c24bd1bbc8e0,93c3a9640a12b9df15e6f19323530b45,0,0,822,2338,822,2338
308b244f07c39973d914c24bd1bbc8e0,d1cb928f955a7e64e3ac99c81f46f660,1920,617,2800,2496,880,1879
b57a5a2715f6f07f9363e82a1732bd7c,32608b04b570f9d1b4590047e7b1a815,0,0,1054,2395,1054,2395
8c60ac267e7ac61dbab806f2da63cb28,d89ff68b25b2cfe20ce44d229b74a4a5,0,0,1265,2756,1265,2756
3c8e6674baff44c803f15c6facaa8d16,34216550483ece943600a39d1344ad5d,1730,0,2800,2787,1070,2787
fb3c1cc19b52c3e425b1b2ecbe9061a0,7db3dfaa8dfd0a3251ffdc096ccbc9f9,1393,466,2012,2193,619,1727
3c8e6674baff44c803f15c6facaa8d16,c0712e09b7004d63ce425ea0203083b6,1754,0,2800,3513,1046,3513
3c8e6674baff44c803f15c6facaa8d16,c7ea2cdde51a9a4e23941813d3604d46,0,446,1081,2604,1081,2158
847699afe18a9333cdcab569ab4de33b,fe93d1808f2ee14ec3f90ddb596d6454,0,657,1067,2683,1067,2026
a84319213c91e4830695759e91fdd601,0f4dec7a4af18aeeac3ba3ac3eef2f3b,0,0,753,3518,753,3518
847699afe18a9333cdcab569ab4de33b,3fcd329e30ecb62d056f2ed19232b40b,1782,0,2800,2449,1018,2449
b57a5a2715f6f07f9363e82a1732bd7c,035b0223ac7c0f0b3357ddbc32515510,0,507,1136,2967,1136,2460
25433a66ff47c793dbd295d07078cc7e,94e20f0ca9da86341afccd7525941e94,0,0,1459,3518,1459,3518
847699afe18a9333cdcab569ab4de33b,02236ba6ae89a0051144b957ebcdc7d7,1764,274,2800,2369,1036,2095
a84319213c91e4830695759e91fdd601,010a74f3faa44e2b33596b4095825160,2276,467,2800,2381,524,1914
a84319213c91e4830695759e91fdd601,67450baed891c04193eeb617dfe0bb76,2202,0,2800,3518,598,3518
8c60ac267e7ac61dbab806f2da63cb28,f0587c6876722e4b6aeb4d6a57ef7f3e,1546,0,2800,3072,1254,3072
f38d66102385b4146652249b032a49f4,db35381e9dbe48d240ecefdc70b07a4a,0,637,1026,2826,1026,2189
fb3c1cc19b52c3e425b1b2ecbe9061a0,53700c28820ae426cd2afd5e7903f0a3,0,424,847,2400,847,1976
a84319213c91e4830695759e91fdd601,86e86d53a55b2cde8e8c71a0e9ebddb7,0,111,557,2726,557,2615
f38d66102385b4146652249b032a49f4,1279799aeade5abfc40e6b48bd9b4b9b,0,0,983,2746,983,2746
847699afe18a9333cdcab569ab4de33b,320351b8516fc5b5d80d71ad69c845ee,0,0,1059,2573,1059,2573
00a369b4ec1e5e0ff34e6bd838e5f2d6,b70e49d5e28ad1ac33920a9b641c7b8f,1678,0,2800,2942,1122,2942
fb3c1cc19b52c3e425b1b2ecbe9061a0,cdfbb3fbfe82a5ca471e2730148198f0,0,0,834,2550,834,2550
5ea2b047d048f5a68bf3f74744c9f3fe,83e256bf18711f13340dfd3e423aa23d,0,256,921,3485,921,3229
a7794293e92e0ef8094491f210fde7a3,3da8f5d0e881a4c27ca2b2fc06974215,2192,770,2800,2491,608,1721
5ea2b047d048f5a68bf3f74744c9f3fe,7aa508d2ea97007f04bc5d5f07bcf09c,1803,0,2800,3518,997,3518
5ea2b047d048f5a68bf3f74744c9f3fe,2635bc8d264f164d5e1e93359b30d965,0,0,1026,3518,1026,3518
5ea2b047d048f5a68bf3f74744c9f3fe,1a18873c4d62c0190a0c189f75977ce9,1966,594,2800,3518,834,2924
00a369b4ec1e5e0ff34e6bd838e5f2d6,e851ee79457fd5251b630a54ec061cad,1760,682,2800,2963,1040,2281
a7794293e92e0ef8094491f210fde7a3,0982a797413a84a002f52ece6eee0cf2,0,0,797,2237,797,2237
f38d66102385b4146652249b032a49f4,6549c9a72432a32782c813224a4618a2,1817,0,2800,2795,983,2795
a7794293e92e0ef8094491f210fde7a3,71ebe2af28d8c3deee3a4e809c28e4e5,2093,0,2800,3104,707,3104
4fbf67c19f3ea29e7955172de6ca5262,82c75cd06fc7eacbd99f74729a20d516,0,720,839,2701,839,1981
00a369b4ec1e5e0ff34e6bd838e5f2d6,2feab51140b38f9ec90e17b7006501b2,0,0,1096,2797,1096,2797
891ff1343a54c212f973f1b83ec4952c,9b941fde3b9c95f6a9dd25d4755e9536,0,601,1108,2685,1108,2084
891ff1343a54c212f973f1b83ec4952c,8774c3168171c4fd5b07cca26794b2a2,0,0,1073,2566,1073,2566
891ff1343a54c212f973f1b83ec4952c,70d5736bb3a5c07b282814f88c7a90dd,1711,0,2800,2529,1089,2529
891ff1343a54c212f973f1b83ec4952c,298ad12c358872c500de1c0021438ccd,1695,774,2800,2906,1105,2132
c7efc618457fab6c75860ad3023a056e,adeaebcb76aa4fa61126de2871f17b00,1802,462,2800,3518,998,3056
56629fc99e03439cf4d215f5e4e16883,72c89cb59e96aa3f2c22dfa37d856ed0,715,0,2012,2455,1297,2455
00a369b4ec1e5e0ff34e6bd838e5f2d6,f3cbed97f4bb7897467e1e8bab45966e,0,520,1027,2775,1027,2255
f38d66102385b4146652249b032a49f4,69b618cba41594fc7db6265f0e2c4d8f,1724,494,2800,2710,1076,2216
b4793c38ac56c6d63a1c1c661b5e3ba5,55da557ae2901af73610f74f9e3bc333,1654,425,2800,3263,1146,2838
b4793c38ac56c6d63a1c1c661b5e3ba5,3245094e48fb4a459aae3b7d238a488e,0,571,1211,3078,1211,2507
b4793c38ac56c6d63a1c1c661b5e3ba5,882b30e3340087216ebb86d18a8a6f82,1672,0,2800,3103,1128,3103
b4793c38ac56c6d63a1c1c661b5e3ba5,32fb68388841a410d98b9148689054af,0,0,1215,3088,1215,3088
56629fc99e03439cf4d215f5e4e16883,4b3ffd52d68c0ee5ea8cbabe272f44fa,0,0,1404,2277,1404,2277
6dd6bdebc3a1f39a12ac755f44e7b24d,1e9055192ded555d1ca3c235541fa86e,1796,497,2800,2614,1004,2117
6dd6bdebc3a1f39a12ac755f44e7b24d,daa3797274473b4b25765d71bafb121b,0,0,1042,3518,1042,3518
6dd6bdebc3a1f39a12ac755f44e7b24d,f9dc8dfce9c1748472be54890748bec6,1713,0,2800,3518,1087,3518
59bc4e2a043210e055a9a89154738cc3,d2cf63a6f8474f1b182c3cdae19c40ef,1090,0,2012,2136,922,2136
0db4125de02b759551d83243f7a3e43f,c971c934ddc1379aa89121e82d118153,750,0,2012,2812,1262,2812
56629fc99e03439cf4d215f5e4e16883,fd6b6d49524ca761d3465526b48ec242,563,87,2012,2486,1449,2399
c7efc618457fab6c75860ad3023a056e,a42275264e5c92ac2f49e6a858f9a6ee,0,302,1234,3005,1234,2703
c7efc618457fab6c75860ad3023a056e,6f8e34d9a3a750468528290d5813eb1a,0,0,1144,3518,1144,3518
fb3c1cc19b52c3e425b1b2ecbe9061a0,0a43f069c323d47655a3505780407b27,1212,0,2012,2412,800,2412
59bc4e2a043210e055a9a89154738cc3,1d7590a1209ddaf86b076057f89ca19a,0,53,910,2812,910,2759
fe61ad0161113db6541d2eb036a643ed,991ef61ff40bcdce779998db52b2d317,0,669,968,3518,968,2849
56629fc99e03439cf4d215f5e4e16883,de6d8922a958ea3e0d7c5a42120bb1e9,0,0,1410,2812,1410,2812
0db4125de02b759551d83243f7a3e43f,bd6deb262e9ed558fe0e63e53a1fd3ca,0,24,1138,2812,1138,2788
ed977bccc4eb1386b607e5de6cc95ec5,878a804f530a1598f911e7046af0c3e7,1827,563,2800,2978,973,2415
6f83efb75078325f2fcef6aeb4f43db3,8a480ad6328f8088b9e03a4910bffd1a,0,610,1100,2557,1100,1947
6dd6bdebc3a1f39a12ac755f44e7b24d,acef44787b0007a7f1c0fda10bf2a9d2,0,609,1002,2824,1002,2215
c7efc618457fab6c75860ad3023a056e,d35088ba2248709b2b303a5a4060840c,1609,0,2800,3518,1191,3518
6f83efb75078325f2fcef6aeb4f43db3,da8dc9b7370c0f81e2ca3257165e6ccb,0,0,1007,2433,1007,2433
6f83efb75078325f2fcef6aeb4f43db3,b585d24eaaaa75d362b995b29bf15993,1745,596,2800,2655,1055,2059
fede4ad436908ef7250370ffb6ff9b41,7cc9cf5fed3153d94415b8e07c9c38da,0,0,1045,2365,1045,2365
59bc4e2a043210e055a9a89154738cc3,52aeb4a3e00777c5d47e35512fc21e2b,1146,0,2012,2409,866,2409
7e691b1890bbdaf84db26cabddf32668,1d7fd4154e7ab84bea4e34e9594cda26,0,0,898,2825,898,2825
59bc4e2a043210e055a9a89154738cc3,06da3636e47508be7acad8039bf6f8b9,0,0,961,2646,961,2646
ed977bccc4eb1386b607e5de6cc95ec5,20ca5508823ad798127f58138e104f64,0,603,999,2906,999,2303
8565b917b12b926ff5b2323001ecc5fd,499819b86744f7fa1954e9f6f06ceb70,0,916,952,2907,952,1991
ed977bccc4eb1386b607e5de6cc95ec5,30d18565f078f8b51781751804b50923,1723,0,2800,3457,1077,3457
840089a7333e2984f54f4dd213500f16,f3dee44f17d451479bf163107dbb9cf4,1107,0,2012,2664,905,2664
a7794293e92e0ef8094491f210fde7a3,618d0ae4ca9acda1b49168e11b60b81b,0,734,715,2601,715,1867
840089a7333e2984f54f4dd213500f16,29012052ad99994281e990611170b0a2,0,431,820,2812,820,2381
af3978e524395222062f243c0e242ce8,4b369025f043494dfc4a5c3072f475b4,1807,261,2800,3503,993,3242
0db4125de02b759551d83243f7a3e43f,259af0cb2c8f9dab12bc223bbb5b8ecb,718,0,2012,2812,1294,2812
840089a7333e2984f54f4dd213500f16,67f49885895019878c47b21422cec4c9,1124,330,2012,2812,888,2482
840089a7333e2984f54f4dd213500f16,5954cf3018f39f13bddee31d9eb6da8f,0,0,1070,2640,1070,2640
7e2b960ea67fee7c4e487c331179b47e,198b5967aaa577ad4089badb22689972,0,0,759,2936,759,2936
7e2b960ea67fee7c4e487c331179b47e,80516f8fb8d8013c769fb1c6a29d9f2b,1951,0,2800,3518,849,3518
af3978e524395222062f243c0e242ce8,ac29cdde40ab51b85ce43e2100027fa4,0,0,1002,3518,1002,3518
4fbf67c19f3ea29e7955172de6ca5262,c8eaf85acec033af21171b30d5bfd5f9,1885,0,2800,2457,915,2457
af3978e524395222062f243c0e242ce8,ec4c3d7c99c60be4b61fd83d42541f76,0,807,891,3518,891,2711
7e2b960ea67fee7c4e487c331179b47e,fc63ae5f807e0c9965e2e42fd54f33c1,2120,0,2800,2879,680,2879
c2f0bececa585ee9b2a8928058f32d31,5ce8731019992ce4fb81f310c496e946,2041,614,2800,2740,759,2126
7e2b960ea67fee7c4e487c331179b47e,e2aac118bc937b21a9be2c705b6cbab9,0,0,855,3518,855,3518
8e99a02da5c3e3bb91217555f38d44f8,5994b548921f5337856faf0ab96d8015,0,0,751,2588,751,2588
60736b7e5415958737aac6b52a478dd4,a7959b15668d5ef90b181533d5ac3cac,0,0,875,3504,875,3504
4fbf67c19f3ea29e7955172de6ca5262,198427f64db68fef481abdec3557384f,0,0,831,2381,831,2381
b57a5a2715f6f07f9363e82a1732bd7c,d5499996b585893625635e1e27fbef02,1783,350,2800,2609,1017,2259
c2f0bececa585ee9b2a8928058f32d31,c34abee387b5179066c1604295405606,0,610,719,3518,719,2908
26c18cddf6d1aa7d0660d1d69b24cce1,33ecea182121857a26933662ca212509,1843,0,2800,2517,957,2517
c2f0bececa585ee9b2a8928058f32d31,a4c883b4485bfbabf5f47751f3d58236,0,0,913,3516,913,3516
a3456568de27dbd8779b625c4bce62c2,fb70e8efc229dec56b6616774d4cc889,1986,605,2800,2734,814,2129
fede4ad436908ef7250370ffb6ff9b41,47eb1c3850e8d48d539f93a976b0e21c,0,0,1104,2583,1104,2583
af3978e524395222062f243c0e242ce8,72a1cc88b83f9c2e574b59e51385c134,1753,0,2800,2711,1047,2711
8e99a02da5c3e3bb91217555f38d44f8,a0e4265d4a13198df6479265f108dfa2,1492,360,2012,2175,520,1815
6f83efb75078325f2fcef6aeb4f43db3,b877c055ac8fed4f5be3b0ade95b41c1,1873,0,2800,3333,927,3333
ed977bccc4eb1386b607e5de6cc95ec5,0298a7e443b178300c714a59a3883576,0,0,1113,3518,1113,3518
0db4125de02b759551d83243f7a3e43f,fdff568ddb7a45057ea91e4fe98c6263,0,0,1199,2812,1199,2812
a3456568de27dbd8779b625c4bce62c2,219c54ec822cf6a03f8a783559395538,0,0,839,2908,839,2908
26c18cddf6d1aa7d0660d1d69b24cce1,a187dc179e60c3114e80ad8844b432a7,1824,435,2800,2740,976,2305
4f8feabfc8bda759faf63c608c7d98c4,4cd3238c44974790d1a5cc66e1157619,0,0,680,2812,680,2812
7bb82359496060cc5af7fd939e760ff5,58183b4a66c7a8f0c3d7e1182e7dddca,1923,697,2800,2631,877,1934
8565b917b12b926ff5b2323001ecc5fd,0ac86e301fab6ba95448cb71d78b664b,1963,0,2800,3518,837,3518
a3456568de27dbd8779b625c4bce62c2,f8654f8d490c347c960bec035dc4fd15,0,617,811,2775,811,2158
fede4ad436908ef7250370ffb6ff9b41,3250d763663b849b9fb145920376148c,1792,0,2800,2451,1008,2451
7bb82359496060cc5af7fd939e760ff5,76bfc1fd58e796dc262d8980ef37c1f0,0,0,951,2659,951,2659
26c18cddf6d1aa7d0660d1d69b24cce1,6af8d96f0a1b1bfffe253b66db65dcef,0,317,945,2715,945,2398
4128d4d93fe7371691759f212588cd92,2682bff9b89f87ca6a9242cbcf4256be,1461,0,2812,2802,1351,2802
c2f0bececa585ee9b2a8928058f32d31,3055bc1d8f97e0e18d3366cdb61d70f5,1888,0,2800,2910,912,2910
4fbf67c19f3ea29e7955172de6ca5262,88beddf6fbdece9f8e235963f14a4f9a,1924,650,2800,2628,876,1978
4f8feabfc8bda759faf63c608c7d98c4,6d80b811f387f5ae72ecb6223c9c6112,0,591,675,2318,675,1727
fe61ad0161113db6541d2eb036a643ed,ed21f1707a660a92988fb1020bc31a45,1948,0,2800,2462,852,2462
309d6b876f43ad5f0829f7f632fe363e,2fd4945012b6e0b7affe8cccdefc060f,1657,856,2800,3518,1143,2662
fe61ad0161113db6541d2eb036a643ed,0d6ee321220fddce300e3deced631c18,1879,613,2800,2580,921,1967
a3456568de27dbd8779b625c4bce62c2,8afb8bd35a076183d081438d102268d3,1972,0,2800,3196,828,3196
fede4ad436908ef7250370ffb6ff9b41,0ebe130eba778b54f8f35f6298224a08,1791,323,2800,2443,1009,2120
6e509329ef8ef0d3e63d2024e6a1835c,e0a444eb7896cac70f6c44c54f528d29,0,0,827,2479,827,2479
948bf68244fa6c00dc9963dcd62cd14c,b6c7b7ecd66d7dba1fa601170b9b6ebf,0,0,911,3518,911,3518
309d6b876f43ad5f0829f7f632fe363e,2eb04e9f39eaafa47292c975086ed9e3,0,693,1052,2850,1052,2157
7bb82359496060cc5af7fd939e760ff5,c778dbdfa83495f7c23657eef83802a8,0,497,780,2578,780,2081
6e509329ef8ef0d3e63d2024e6a1835c,7d5e674e3f77cf653f5e42390b880baa,2180,263,2800,2221,620,1958
26c18cddf6d1aa7d0660d1d69b24cce1,c9d5013fa989d4d1cac31281fd632a79,0,0,947,2620,947,2620
5227b4cebf4102403818f365bdb145ab,889e2c590b0c720e02f0e50e15c52c24,2000,0,2800,3481,800,3481
81a3d3ca18dc782be78c4fcd9ab92fe6,c7c8b76fdf86e2bdd474edd819b2e634,0,0,906,2482,906,2482
81a3d3ca18dc782be78c4fcd9ab92fe6,ea2be8929f46b0ed84e7c823b47c8565,0,339,830,2812,830,2473
81a3d3ca18dc782be78c4fcd9ab92fe6,c2cba967a36f3978d0120b21c91de295,1237,138,2012,2253,775,2115
4128d4d93fe7371691759f212588cd92,4afca14421444ba0184608751cb4b3ef,1579,90,2812,3022,1233,2932
948bf68244fa6c00dc9963dcd62cd14c,173ab35b733efd1769292f1b4143686e,1874,0,2800,2401,926,2401
81a3d3ca18dc782be78c4fcd9ab92fe6,69d50f971f3ac36bc16387f2fe53415c,1071,0,2012,2295,941,2295
6e509329ef8ef0d3e63d2024e6a1835c,ec08f5c23dddc74b30c49d1e4a0edddd,0,865,571,2815,571,1950
5227b4cebf4102403818f365bdb145ab,047d83ae85e4dbf1934bca1379199f82,0,640,837,2458,837,1818
4128d4d93fe7371691759f212588cd92,5195a772ac1480857c199d3a508c4b80,0,0,1596,2850,1596,2850
7d0280e8a0f2b5f0740ce98b741be3a4,f21cc70a1f93c7b9e8f8c8ee936a7f96,0,0,686,2510,686,2510
7d0280e8a0f2b5f0740ce98b741be3a4,e06188ede43ba66f395074bd34c9206d,0,0,749,2485,749,2485
7d0280e8a0f2b5f0740ce98b741be3a4,7bd2f9c4be671b08791fd0d7ab7d9963,2138,109,2800,2341,662,2232
8e99a02da5c3e3bb91217555f38d44f8,6589854365c87e9b3307be2186fd3245,1276,0,2012,2326,736,2326
3faa0c43ed25892ac737aa88a164b605,d8e0c598a53542c5e84ae739f218e70b,0,0,1162,2838,1162,2838
6e509329ef8ef0d3e63d2024e6a1835c,d7eb6d14e08176d4a7e8ded4219beca9,2008,0,2800,2333,792,2333
485b348b1286b86df6ca1f55ac0e8b55,4e50ef07765aabce19a275ffbfbf5ba4,1921,285,2800,2841,879,2556
8ca2d99d2e5d26575b941f2fc02212e2,10ae74d1e5ff1c3addca6a2410c2211f,1971,0,2800,3518,829,3518
8ca2d99d2e5d26575b941f2fc02212e2,d838dc1fa3b1c99fad6af99fef9f2b77,0,967,592,2847,592,1880
3faa0c43ed25892ac737aa88a164b605,5370a80b0e6697779bdc7da72f94f0c4,0,0,1313,3518,1313,3518
309d6b876f43ad5f0829f7f632fe363e,b7aca7e708e0c93137ef63332665ea27,0,0,1076,3378,1076,3378
8ca2d99d2e5d26575b941f2fc02212e2,797db63f4b3f835684ac457ad3b99d26,0,0,703,3518,703,3518
5227b4cebf4102403818f365bdb145ab,f6134abd9929d8749885eddf27148a00,2002,605,2800,2341,798,1736
5227b4cebf4102403818f365bdb145ab,725b6c9ee3307d01cbf3d582f03b0a1c,0,0,926,3518,926,3518
aabeb36658ed6317bcd1dc9ee77f2a75,8badbcf6d55d261758b9b72d8f403a80,1899,601,2800,2789,901,2188
3faa0c43ed25892ac737aa88a164b605,b0323567d20abb70c4b9979b0fbd8646,1601,30,2800,2469,1199,2439
4f8feabfc8bda759faf63c608c7d98c4,5b1ef12840f193097b6074483d6f411d,1262,0,2012,2812,750,2812
175f10693af82fdf9bdf9e711697ec13,30caea823462601262e5d393e6d0312a,0,0,1072,2278,1072,2278
8c60ac267e7ac61dbab806f2da63cb28,7cd0d77de4c205eaba6246c958d81a44,0,0,1112,3518,1112,3518
aabeb36658ed6317bcd1dc9ee77f2a75,d6a17aed32a0e1d366248e3de8d6c4ba,0,281,924,2534,924,2253
3faa0c43ed25892ac737aa88a164b605,c461133c5a0596434904bb44b4b2d90d,1521,0,2800,3140,1279,3140
14d7759bbb8f931a9a9eb39a41015b59,8471cf760ccf3ba0d2129450cf189d24,0,0,835,2249,835,2249
14d7759bbb8f931a9a9eb39a41015b59,3e4a9c632fd6099087e633534b5d93e5,2197,501,2800,2497,603,1996
1caf7a7178dbc3fb9649b93ba42115a7,36f1d0a7b515cef7eab05bdbfde38094,1894,0,2800,3518,906,3518
8e99a02da5c3e3bb91217555f38d44f8,5b41781d034be3a0fb0661d3739633c0,0,344,749,2345,749,2001
948bf68244fa6c00dc9963dcd62cd14c,e719f13e0cf334599f966ac921063207,1995,509,2800,2386,805,1877
175f10693af82fdf9bdf9e711697ec13,031592807c30b54e2fb4bd2400e634e8,0,557,936,2503,936,1946
14d7759bbb8f931a9a9eb39a41015b59,0ed1e8f4097a78e0e3146c8859dbbeb9,0,775,639,2778,639,2003
1caf7a7178dbc3fb9649b93ba42115a7,80d1c8b91477afa2378cbfc7f1266dac,2058,530,2800,2347,742,1817
175f10693af82fdf9bdf9e711697ec13,8d26641339b55a0b7baee70e4653197c,1702,0,2800,2401,1098,2401
b9103cf98ee7f3b2fba1a5aae945b311,2205fbb6b2e8a942bd796fa0e4d53f61,1888,884,2800,2990,912,2106
2b5b33daabd523f9cac843588371c234,477679e346801e5e019b3343c0976ac9,1883,491,2800,3518,917,3027
175f10693af82fdf9bdf9e711697ec13,a84d04f4abe98ed9629dc7f4629cc2b2,1739,635,2800,2635,1061,2000
2b5b33daabd523f9cac843588371c234,e6aa31cbce920491ecf678c93b023e87,0,0,943,3166,943,3166
7d0280e8a0f2b5f0740ce98b741be3a4,7f9b800970edb5fdbe0449747158bc39,2056,0,2800,2363,744,2363
fe61ad0161113db6541d2eb036a643ed,fa4f9cc52819bd2aa35c57ad8a83113a,0,0,903,2543,903,2543
8ca2d99d2e5d26575b941f2fc02212e2,d64b7ce8548a24f937b8df55d7ac7e9c,2239,643,2800,2591,561,1948
087ad7c30f838b9d1e09f41c164fb1de,2b9c47affbc6f0bb2c1c3240a6eadfb5,1677,591,2800,2724,1123,2133
b9103cf98ee7f3b2fba1a5aae945b311,d3369c1fa2d30676c43800ccfe29def3,0,508,918,2705,918,2197
485b348b1286b86df6ca1f55ac0e8b55,07dd04fa798aa0ff5770c38ecc91e7c1,1848,0,2800,3518,952,3518
087ad7c30f838b9d1e09f41c164fb1de,bed812bf9e4968ac7c4597dbaa3ea102,0,0,1306,3023,1306,3023
2b5b33daabd523f9cac843588371c234,ed694813928629b945a5f617d5a7c563,1885,0,2800,2915,915,2915
4f8feabfc8bda759faf63c608c7d98c4,d8ec178181b14e078409f9f0586772da,1384,388,2012,2076,628,1688
485b348b1286b86df6ca1f55ac0e8b55,060d271ab49c9076607a99260f7469f9,0,333,1046,2664,1046,2331
14d7759bbb8f931a9a9eb39a41015b59,e877611566c0962f5cdbbb0375e9acb1,1978,0,2800,3518,822,3518
b9103cf98ee7f3b2fba1a5aae945b311,e3b7ab3f7b67be5266477cdd919dc807,1981,0,2800,3404,819,3404
485b348b1286b86df6ca1f55ac0e8b55,e80badc3a65ada471bffcb7a712cc6f7,0,0,1938,3518,1938,3518
4128d4d93fe7371691759f212588cd92,0dddd9fce00e2dba24a40b27753c657e,0,492,1575,3046,1575,2554
948bf68244fa6c00dc9963dcd62cd14c,1513f5d691d471605b882f111d388d46,0,692,847,2697,847,2005
aabeb36658ed6317bcd1dc9ee77f2a75,e49c3200bee89f30075e77bf357e9a4f,1772,0,2800,2545,1028,2545
7bb82359496060cc5af7fd939e760ff5,7c8fb70be572ca8452f8d91e6ffe3e15,1926,0,2800,3518,874,3518
087ad7c30f838b9d1e09f41c164fb1de,a85ac091a89801aac3eb283706798184,0,491,1337,3518,1337,3027
8565b917b12b926ff5b2323001ecc5fd,a7f87991b62c5ab8392d8ed602143fc1,0,0,990,3126,990,3126
aabeb36658ed6317bcd1dc9ee77f2a75,a51f8f878d4bb6e9a95773a69debdcbf,0,0,1071,3518,1071,3518
2b5b33daabd523f9cac843588371c234,644f862518b651ad86dcd53ad345eb19,0,410,862,2348,862,1938
8565b917b12b926ff5b2323001ecc5fd,33c9f2578078cf3f03d563dfbecc061a,1861,222,2800,2452,939,2230
1caf7a7178dbc3fb9649b93ba42115a7,8a284a47f941a8be6a83bb2d0f249224,0,0,683,3518,683,3518
3aa51ffbd236d5927741c17b410d3004,5c20c3b387e0f919f544c40556dfeef9,0,751,878,3518,878,2767
1caf7a7178dbc3fb9649b93ba42115a7,7dc416da53ec8c2abecf3646e0846ace,0,111,571,2726,571,2615
3aa51ffbd236d5927741c17b410d3004,4f59b018c9242aee6006c7a77852440e,1791,0,2800,2447,1009,2447
087ad7c30f838b9d1e09f41c164fb1de,7dfbe3904f587a19a534a9283da14ea5,1569,0,2800,3291,1231,3291
309d6b876f43ad5f0829f7f632fe363e,4677de1c259f6fa390aa905c7d21a1e2,1621,0,2800,3518,1179,3518
3aa51ffbd236d5927741c17b410d3004,3940f8590ea2c3b01a00bf73a34d5726,1792,0,2800,2938,1008,2938
8c60ac267e7ac61dbab806f2da63cb28,20a8aa6cad57c332baa758037fc6b895,1662,518,2800,3518,1138,3000
b5f345f7f866c1e16654c71458b42b28,506d483640c60335933717dfce7972d2,1679,605,2800,2770,1121,2165
b9103cf98ee7f3b2fba1a5aae945b311,0fa9488c4f16c6f21f6c00b502982e0c,0,0,981,3518,981,3518
3aa51ffbd236d5927741c17b410d3004,825225cddb9e04f05e9e9c5ca29e4f35,0,0,1019,2893,1019,2893
db0a0066744e1fc705f2403ee3aac1ad,6bc5b44f1249dcd776a0b41f0bf2773f,1788,0,2800,2833,1012,2833
b5f345f7f866c1e16654c71458b42b28,6c6db2a55637d1d2b1d8fb13c1101a7a,0,0,1092,3518,1092,3518
b5f345f7f866c1e16654c71458b42b28,316a96559e4fbceb1ebeb1b687207fd7,1727,0,2800,2633,1073,2633
b57a5a2715f6f07f9363e82a1732bd7c,5e79d3f4aa6210b55a4f75f1e82f28e3,1787,0,2800,2396,1013,2396
fe3c93204e8bdc66c58b2c5e659b8085,816f88cb2846bcc348c83fdd55532d1f,0,442,694,3040,694,2598
b5f345f7f866c1e16654c71458b42b28,b91ebd979550aa889bbcaf311a7669ab,0,442,1170,2626,1170,2184
db0a0066744e1fc705f2403ee3aac1ad,e8334ebed785fb69bb970c76f072f6fe,0,0,1087,2958,1087,2958
70f2d5f952d35de4d6f28b4fe587c7ae,6800ade3adfcd3950f2f711e2b9cf3ce,1754,835,2800,2806,1046,1971
db0a0066744e1fc705f2403ee3aac1ad,6c49d30a9b9fe1fa542a8180e7404bca,0,311,1143,2474,1143,2163
92962e595b7b0d2a8223318cf0da7755,d18caf86030ce5249596135d97663b9b,0,677,970,2929,970,2252
92962e595b7b0d2a8223318cf0da7755,15cc4064ee4c50709f49715639d5b94d,1599,0,2800,3518,1201,3518
db0a0066744e1fc705f2403ee3aac1ad,edef19ed74739e18980916bdca3c18c6,1913,443,2800,2458,887,2015
cce8d13e5e4e9412608850f48bdbd5a4,49ae36431c74c7c9263b8c0c56ccb7ce,0,0,937,2418,937,2418
70f2d5f952d35de4d6f28b4fe587c7ae,d363c8b572883f21729d13ea046b28cb,1645,0,2800,2574,1155,2574
afa8d58b60cf82ce642d5c917fb6c8af,baf35608bdc87173cd8cc6ed7000ca83,0,633,838,2650,838,2017
e9077726518d64474b72c7edf143d498,dcd7470c35758ec9467d0b1fd1e7d546,1294,121,2012,2189,718,2068
e9077726518d64474b72c7edf143d498,096c3c41c715dbc508059d7f062a27a4,0,0,776,2633,776,2633
e9077726518d64474b72c7edf143d498,105dd45e54af99ae19df1766b3def18d,0,279,614,2177,614,1898
cce8d13e5e4e9412608850f48bdbd5a4,7fbefa727e177f31f18705cc94ba532e,1116,392,2012,2029,896,1637
e9077726518d64474b72c7edf143d498,bb7cdf3aaf81dc28497cf8dda9f2c57f,1158,0,2012,2645,854,2645
9d748a25b28d9dbe249f7b9c759258df,75f0f091a9dc057a428db5761eff3475,1913,504,2800,2717,887,2213
47cf2f06d9bcad5e50eb780b3c3c3e3d,9d90f87e9a1dde99acf9e23efb6ce2eb,1797,0,2800,2832,1003,2832
9d748a25b28d9dbe249f7b9c759258df,10e3136f3e11277d87ce71d123f7ba68,1815,0,2800,2719,985,2719
ea92b23b07118974d880d2e8ee560971,a4e897b7f7e703e4be35b33905fd6410,0,679,887,2713,887,2034
ee7f5b44c65775d7333eaf11c7bfec28,63fc521ced493ebfa0ecffd0799c848b,1986,578,2800,2449,814,1871
41aabf1214439580e6ab7b4d23a836e2,a68a1920d6d0de5537168a41fb70e139,1920,0,2800,2390,880,2390
cce8d13e5e4e9412608850f48bdbd5a4,7a37baad98583761d13a0756516198fa,1100,0,2012,2438,912,2438
ee7f5b44c65775d7333eaf11c7bfec28,815a01df4d652b3f9767ac1e8601f588,2030,0,2800,3275,770,3275
70f2d5f952d35de4d6f28b4fe587c7ae,522f8c4861dd5651dd63017d3bddd66a,0,0,1247,3518,1247,3518
c9051c2206d2a665ae0ee4c558719c90,efe79988b541628934b92b765e31150c,847,0,2012,2812,1165,2812
41aabf1214439580e6ab7b4d23a836e2,5899949ed2e472199815b90e5aacad67,0,0,861,2580,861,2580
9d748a25b28d9dbe249f7b9c759258df,a21d115cf8ee3fb882b46470dc06fcde,0,0,923,2881,923,2881
41aabf1214439580e6ab7b4d23a836e2,78451d4b68941dc6805bb6ed08f86412,0,970,810,3071,810,2101
afa8d58b60cf82ce642d5c917fb6c8af,2239d320d35b1d7ee84c9ad5bc692096,1831,0,2800,3518,969,3518
47cf2f06d9bcad5e50eb780b3c3c3e3d,9f47865e37fddaae14024860c575a6b3,1936,536,2800,3201,864,2665
ee7f5b44c65775d7333eaf11c7bfec28,0030e8ecd610d6a0d1a53f2c2ee5cc20,0,713,782,2493,782,1780
afa8d58b60cf82ce642d5c917fb6c8af,729fae337639d825ca83e563c6efedc6,1905,345,2800,2432,895,2087
df6c67e042bbc9616e308f48b0a24093,09ae1eaac08b4663905f5b7bd0bf5ce4,0,0,883,2168,883,2168
cce8d13e5e4e9412608850f48bdbd5a4,6bfb8bcac56353ee741b2950dd41c05a,0,247,869,1996,869,1749
df6c67e042bbc9616e308f48b0a24093,7373b5fb04b980df745a4862950c857e,1131,0,2012,2440,881,2440
c9051c2206d2a665ae0ee4c558719c90,2375bc5e05fe20c5387c9fea2898730f,0,317,1389,2596,1389,2279
ea92b23b07118974d880d2e8ee560971,483e7d8d8c20c915dfca13f6135f4753,1822,501,2800,2608,978,2107
48b219f5747a2ca83df8e4b747071388,4c5e5a766b0ffde3f6f9bb279ddbe5b0,1993,413,2800,2362,807,1949
c9051c2206d2a665ae0ee4c558719c90,bb13eafc80fe41e55365ef631491a664,0,0,1294,2712,1294,2712
95cd59c69b542572baa1b2842b9c617d,d4c34b838c2afc0b909e365e924d2ded,0,0,969,2533,969,2533
92962e595b7b0d2a8223318cf0da7755,3440854b50b8f16336924a30e559ae20,1664,424,2800,2779,1136,2355
48b219f5747a2ca83df8e4b747071388,15ab8d5d2795df7529eb1e2431b63db4,1916,0,2800,2692,884,2692
ee7f5b44c65775d7333eaf11c7bfec28,46c7681ca4ce3840dbb571888ac441f6,0,0,802,2957,802,2957
df6c67e042bbc9616e308f48b0a24093,96001bb680ea4964e5260a075c0dcf81,0,0,913,2439,913,2439
47cf2f06d9bcad5e50eb780b3c3c3e3d,ccf173875b853181130cbebfda97109c,0,420,857,2532,857,2112
afa8d58b60cf82ce642d5c917fb6c8af,9a36c4f689724d68a620e37355f1ad59,0,0,1000,3518,1000,3518
307b707e167d17864a338ec076139efd,5c15960e2488741103a5cf13081b8e21,2110,560,2800,2501,690,1941
c9051c2206d2a665ae0ee4c558719c90,6e0cbe91b32ff2f1af88696d1e60d9f4,768,68,2012,2311,1244,2243
adb59c502dff0650c1e40c1b77eff927,6d4d6534c88db357c47256d768509107,0,583,982,3511,982,2928
9d748a25b28d9dbe249f7b9c759258df,9dd69d2561b3d625a5f4f24a3f4f1c4b,0,721,972,2918,972,2197
48b219f5747a2ca83df8e4b747071388,170751477cbb8a7359b50dbb61cd7e5d,0,0,841,2653,841,2653
ea92b23b07118974d880d2e8ee560971,ff4923e46c08fe17ef2d9144b1d300d1,0,0,1085,3207,1085,3207
76c9da038078c93d58565d20706258cc,4f4dd6a388dad534024009670c3f7d0e,0,761,592,2677,592,1916
4bd3102ddcf5234c9b5c2dc15de47ee4,028652e6cf22ce4c78e163e161a50035,0,652,606,2676,606,2024
cfac0d62a935de7dfd7df69462e2e858,2a1896a0280bdae51ffbfedad63a7325,0,0,1028,3518,1028,3518
76c9da038078c93d58565d20706258cc,2cf6c2efb694501ad511089380646cd1,2143,0,2800,3518,657,3518
95cd59c69b542572baa1b2842b9c617d,a110a8dfc5cd1826cac846b0b30e6f8b,1799,0,2800,2433,1001,2433
f295a00aa0df8155addaf7a0b0b23d97,f3ef7dfff663d69cefedb2ba3a628e50,1849,892,2800,3518,951,2626
48b219f5747a2ca83df8e4b747071388,b28747ed9b38b880619dec52b6c5ee2e,0,315,790,2399,790,2084
df6c67e042bbc9616e308f48b0a24093,1f95a8d6a8afe8117ffd3df6337562db,1166,0,2012,2342,846,2342
adb59c502dff0650c1e40c1b77eff927,a690ad5a54b34388259e8e69e65f0ac1,1934,519,2800,3518,866,2999
41aabf1214439580e6ab7b4d23a836e2,c4b665e0e20dc564c143f24a57fa344f,1865,0,2800,2733,935,2733
92962e595b7b0d2a8223318cf0da7755,c19095e9c5a49e18ee2c7739d3c00dc6,0,0,1055,3518,1055,3518
76c9da038078c93d58565d20706258cc,3d1845b12522c65f90070262d34e5f90,0,0,687,2666,687,2666
cfac0d62a935de7dfd7df69462e2e858,e55cc9853847355a2cd92a360dace53a,0,91,983,2598,983,2507
adb59c502dff0650c1e40c1b77eff927,a4e7b0cbbc13bcd0cd084741e338af64,1922,0,2800,2694,878,2694
307b707e167d17864a338ec076139efd,7ac9e761d03ad228036e06c03f4dabbb,1967,0,2800,3518,833,3518
75c76912cfd50764905118e316d0e4fc,b2e2c2ad1c86af1eb0632c6f64279c8d,0,438,920,2637,920,2199
cfac0d62a935de7dfd7df69462e2e858,f3d24f4b89745fc057992d5577831c60,1895,0,2800,2285,905,2285
cfac0d62a935de7dfd7df69462e2e858,7f4222c62bd7e581bb321b525f7ef217,1877,0,2800,3518,923,3518
75c76912cfd50764905118e316d0e4fc,710a7c98f74b262d4a071d676c524b25,1078,432,2012,2543,934,2111
4571acaa221cdca2853428052e59985b,a35a25dd798e16c04753fdf6248c8168,0,0,877,2383,877,2383
75c76912cfd50764905118e316d0e4fc,6aaee2bc9e36a0a7bb1437d493ce2dc3,0,0,850,2728,850,2728
ea92b23b07118974d880d2e8ee560971,7d631ee86144c8090105ed6d1d388637,1718,0,2800,2621,1082,2621
adb59c502dff0650c1e40c1b77eff927,9c31ad1633f87eb61be0769a9368dd01,0,0,969,2517,969,2517
307b707e167d17864a338ec076139efd,380faaaabbd8a3d8502bfb62506b67b4,0,574,705,2544,705,1970
4571acaa221cdca2853428052e59985b,f661a37a572d7da24684439046ccc850,0,572,993,2714,993,2142
75c76912cfd50764905118e316d0e4fc,b5376f21b3a4fc116310f5adee3e0791,1242,0,2012,2812,770,2812
fe3c93204e8bdc66c58b2c5e659b8085,12d49e21deaac4581a26d44b6e3ac47b,2061,229,2800,2360,739,2131
4571acaa221cdca2853428052e59985b,b5bf2aafb96321b9ed5c2c12e9d590f0,1853,0,2800,2472,947,2472
76c9da038078c93d58565d20706258cc,530eceeb7639d0b27a80da57fd1ca6a5,2252,762,2800,3518,548,2756
307b707e167d17864a338ec076139efd,ef9237990d9c26507e23e48f1aeef4bf,0,0,752,3518,752,3518
47cf2f06d9bcad5e50eb780b3c3c3e3d,c6d7806d1445b19f88fb5e97876a9dc9,0,0,967,2859,967,2859
05c2e71cbb1e9271fc9cc137538dd5e3,81c1caee2526eba7e4b3afa56bb77839,0,0,1033,2613,1033,2613
4571acaa221cdca2853428052e59985b,52092e69278ec47bbcdb01cb7d4ac51e,1817,570,2800,2676,983,2106
25fe380ee410d20734531d0e365a79a2,c56f14d35338a06f1f43dccdfbeb5a52,0,0,832,2472,832,2472
f295a00aa0df8155addaf7a0b0b23d97,42e2ad9302c7a096c9c1e61cf9ee00dd,0,438,940,2566,940,2128
5dee1ad991bc8be9eeac618378ce4124,e56793d32cedeb173ef9f69e20d52426,2248,838,2772,2459,524,1621
7c8b9ff908b9cbcd44e4f69e7fb7dff5,0a198af660dd4ea9940f99359a94cc88,0,481,748,3127,748,2646
7c8b9ff908b9cbcd44e4f69e7fb7dff5,fccf6e3c22a1b58065a4014ebccc42fd,1904,568,2800,2635,896,2067
7c8b9ff908b9cbcd44e4f69e7fb7dff5,33161b63ec2b40cdd57808b6f5b70490,0,0,858,3181,858,3181
fe3c93204e8bdc66c58b2c5e659b8085,d49d17e411b45fb05bee7490af43a402,1939,0,2800,2571,861,2571
4bd3102ddcf5234c9b5c2dc15de47ee4,8f616394781a94707f3e002289534561,2038,0,2800,3518,762,3518
ce43c941db976c50f421b7dc251b149c,e248a2e70689314b932907d33055934e,1879,461,2800,3039,921,2578
ce43c941db976c50f421b7dc251b149c,63c7a7684469f81becaefc0e65b5a60d,0,0,1197,3113,1197,3113
8dfbf4883e8984486d20a8a80f268972,49b5538e2ec0b86265549bf30b053675,0,0,1117,2505,1117,2505
ce43c941db976c50f421b7dc251b149c,b2de23e679a90e2e200d1b7803d3b927,0,0,992,2314,992,2314
1b63360a6cbcd0011bc030fe7856cba9,92864bde310d9fad2fbc6e7682c3d483,1813,326,2800,3518,987,3192
5a057a7082053d163ccf2705927f6aaa,e3c6d21510c247f17f2ddbdeb5f9f572,1988,1071,2670,2866,682,1795
95cd59c69b542572baa1b2842b9c617d,0939019fd916e0748e07d9546cd8bdf5,1878,297,2800,2371,922,2074
25fe380ee410d20734531d0e365a79a2,992e0622c948e672c8b0a39316e12852,0,420,854,2434,854,2014
95cd59c69b542572baa1b2842b9c617d,85658aa8f4a721f81d797f876b9c6458,0,266,947,2559,947,2293
77d9490076a5c9f56bcb61a36b3b08b6,74ec54a256a79020f76fef72f21b94c8,873,0,2012,2674,1139,2674
05c2e71cbb1e9271fc9cc137538dd5e3,3c58c35e83a9250fc55edfb026c26374,0,576,1134,2596,1134,2020
4bd3102ddcf5234c9b5c2dc15de47ee4,a5d22e18c290f1c7b67dd2f10a874000,0,0,783,2603,783,2603
f295a00aa0df8155addaf7a0b0b23d97,bfad94b8dda5421aee87b8d7709d6164,1803,0,2800,3348,997,3348
5dee1ad991bc8be9eeac618378ce4124,7c58aa637e09504f3ebffcd328136a1a,0,0,1294,2718,1294,2718
fe3c93204e8bdc66c58b2c5e659b8085,ae25b58ff92760b7869e5ee5fd867907,0,0,823,2416,823,2416
77d9490076a5c9f56bcb61a36b3b08b6,15a7eeee2a2962b7e2579d6b29fd98a9,948,100,2012,2227,1064,2127
5dee1ad991bc8be9eeac618378ce4124,7754c11b58a68726e88fa29ea95b2668,0,1011,627,2680,627,1669
7c8b9ff908b9cbcd44e4f69e7fb7dff5,a69efe7bf66350b7315596851acdf99d,1918,0,2800,2529,882,2529
d83817281146df15fb5b4fadeeefe1da,240bb45672bcf3e07257f395c412d986,0,424,897,3518,897,3094
4a76d4e94c5affed195c8b9ae51d73dd,a3c7dfe11210370a57bfea2d7be946e3,0,60,1391,2812,1391,2752
25fe380ee410d20734531d0e365a79a2,9e4042008cc3ab6bef18539fbe169eae,1107,0,2012,2480,905,2480
6dc52ee6affd97d9a840e0891ab43dea,19dfad0135207acf9825e033d506feaa,2049,444,2800,2539,751,2095
4a76d4e94c5affed195c8b9ae51d73dd,a0f6d5791dda4964c9731584982c2c38,763,201,2012,2812,1249,2611
8dfbf4883e8984486d20a8a80f268972,9a3caa1cc44943864265197bad8bbafe,0,346,1201,3016,1201,2670
8dfbf4883e8984486d20a8a80f268972,71741029dbe2c137f854c4b0748e1224,1663,0,2800,3518,1137,3518
77d9490076a5c9f56bcb61a36b3b08b6,8ac7247d390b5e73840be56d23a9a51a,0,0,1089,2583,1089,2583
ce43c941db976c50f421b7dc251b149c,f1f0da5fa265486d48b0d0eeaaf307cd,1847,0,2800,2852,953,2852
6bc5c5c2839b40ef91e70e8ce202777f,70b662378d31b0022c8782359c772765,1622,373,2800,2544,1178,2171
6dc52ee6affd97d9a840e0891ab43dea,9ccd04812349f7baa5c3930db371ceaf,1842,0,2800,3518,958,3518
4a76d4e94c5affed195c8b9ae51d73dd,226730fd7bf1aeada3b854a28b352085,0,0,1523,2812,1523,2812
81d305107fff67366fa498a725a7a710,13b80852b3cdd0899c6eabb210c87765,1928,692,2800,2587,872,1895
1b63360a6cbcd0011bc030fe7856cba9,d05bc1b0079dbb899e5504d84135cf61,0,430,959,3518,959,3088
05c2e71cbb1e9271fc9cc137538dd5e3,774a97da43778b43720622b030af14e0,1634,553,2800,2632,1166,2079
70f2d5f952d35de4d6f28b4fe587c7ae,ba75af9ab5f44b3452a60fd22e555669,0,422,1153,2567,1153,2145
d83817281146df15fb5b4fadeeefe1da,8975932e99482f7ad994559512e6fd35,1851,0,2800,2691,949,2691
77d9490076a5c9f56bcb61a36b3b08b6,e518213c77e1f28b7dd9ef78802d458f,0,327,1081,2395,1081,2068
5a057a7082053d163ccf2705927f6aaa,ffba01f0cc641d47a0e88ee800f9dc87,1813,0,2654,3215,841,3215
25fe380ee410d20734531d0e365a79a2,7e560b4cefe8547f9ad2c3cf44067300,1189,130,2012,2238,823,2108
6bc5c5c2839b40ef91e70e8ce202777f,f4e62c56d1b3be9683427301a8ab2ae9,1605,0,2800,3518,1195,3518
d83817281146df15fb5b4fadeeefe1da,8a560921d6004e58f831434e5398c9da,1998,307,2800,2625,802,2318
4bd3102ddcf5234c9b5c2dc15de47ee4,515777cb673d97a4391186f0ecbec16b,2173,736,2800,2677,627,1941
6dc52ee6affd97d9a840e0891ab43dea,0a1a6ff848e2a545a9e5cfcae7565b79,0,531,859,2835,859,2304
8dfbf4883e8984486d20a8a80f268972,6ff5fd8ab17557918e45db7a55604aed,1753,321,2800,3212,1047,2891
6bc5c5c2839b40ef91e70e8ce202777f,dcad852d0f258ab38af71f372b09f112,0,380,1142,2610,1142,2230
1b63360a6cbcd0011bc030fe7856cba9,be70409635563e0a0bfcc40f6081c054,1709,0,2800,3385,1091,3385
81d305107fff67366fa498a725a7a710,94455338af31f28096ccfbe9ec0b86e8,2002,0,2800,3306,798,3306
d83817281146df15fb5b4fadeeefe1da,a6190122695ecd75b4e4d63d40b4331b,0,0,1018,2628,1018,2628
4a76d4e94c5affed195c8b9ae51d73dd,51ad46ae00399d1a9e9d2ffde435ba22,648,0,2012,2812,1364,2812
6dc52ee6affd97d9a840e0891ab43dea,41d22b2c8ae64a7a135c65c0e3285d0d,0,0,922,3518,922,3518
5a057a7082053d163ccf2705927f6aaa,ec98828ba3924fed9de1a6627b025c30,0,746,692,2524,692,1778
6bc5c5c2839b40ef91e70e8ce202777f,b45cf3ee04f77e7e936b2d140d21aeda,0,0,1179,3518,1179,3518
05c2e71cbb1e9271fc9cc137538dd5e3,20f94d4b4afaa20671594d5d683d46d4,1688,0,2800,2606,1112,2606
81d305107fff67366fa498a725a7a710,2dde5ebd2f4c3ec98c3f81fc5b249005,0,452,890,2393,890,1941
5dee1ad991bc8be9eeac618378ce4124,f0081df93a20e4a477c4fb8f5a667eee,1942,0,2681,3373,739,3373
f295a00aa0df8155addaf7a0b0b23d97,113fa9756e5b480c75b402fc6ffa1e76,0,0,1036,2776,1036,2776
5a057a7082053d163ccf2705927f6aaa,397a2860d98710c93f497d6c8a9a6897,0,0,727,3050,727,3050
b6012ae64bcd92ffb5c3de414e8b7c18,2d41305f76ae4c03622818827a68e0b8,0,512,805,2263,805,1751
81d305107fff67366fa498a725a7a710,5f0884ab98a63981fcdb3a2777eb2f37,0,0,809,3023,809,3023
facfc5f416a12f93ecddfb6af1554538,c689a2b1e0cebcead6da2524ea338e4f,1692,251,2800,3518,1108,3267
7ab33e1883d8a40d1f4b762bf21a79ee,501a06ad3fe559a34c7de8f6d8f0b43b,1899,437,2800,2399,901,1962
b6012ae64bcd92ffb5c3de414e8b7c18,17388ff45dbd50ae8888702e0b04853a,2003,998,2800,2653,797,1655
facfc5f416a12f93ecddfb6af1554538,0ebd445548cc78c518b298920d42e13d,0,697,1121,3518,1121,2821
2f8886fb77787006bf631a1a23d139e3,d504cf8e553ffcff3337c2a1d3d12abf,0,0,867,2507,867,2507
b6012ae64bcd92ffb5c3de414e8b7c18,9c2cd9f5153aca93b8311982b25b6a34,0,0,785,2408,785,2408
2f8886fb77787006bf631a1a23d139e3,2523299d22461c97fd6580d30102a1c1,2014,396,2800,3098,786,2702
96532107e1fe520dd8b0c24e43af51b4,8c8600354af09ad7f36b45c4d9cacb30,0,972,891,3309,891,2337
7ab33e1883d8a40d1f4b762bf21a79ee,aa7247215fa2eac48ae5aa028d6fd050,0,473,967,2502,967,2029
1b63360a6cbcd0011bc030fe7856cba9,bfe58a36caa1acbaff9a10c045aaa758,0,0,1078,3088,1078,3088
06394402b32dc47878880a6e92b155e6,de811fb0019804b5726d1e5b6c6f1665,0,495,1055,2757,1055,2262
facfc5f416a12f93ecddfb6af1554538,333f15dd5f4e3f392a83c2b80dd3e715,0,0,1207,2953,1207,2953
2f8886fb77787006bf631a1a23d139e3,2344efa97ae7dbffc921c9a3da1710dd,1915,0,2800,2872,885,2872
96532107e1fe520dd8b0c24e43af51b4,bd2cb5cb0662561e21229fcbacd02ded,1718,0,2800,3518,1082,3518
b6012ae64bcd92ffb5c3de414e8b7c18,7fbc8af9a2341c281978d588118f7d16,2055,0,2800,2415,745,2415
2f8886fb77787006bf631a1a23d139e3,4ae5c6945d13b75eac78a13b6f5035e7,0,439,785,3345,785,2906
6924720c5243170edfa7e47969efdacf,3f0b733f5ba90775cd1405649936d1d0,0,725,743,2569,743,1844
7ab33e1883d8a40d1f4b762bf21a79ee,25638e7990e03ce78eec3063dd520f73,1562,0,2800,3518,1238,3518
4a840882c784a146226ab8134749b8b0,4dffb1f280522cb8845cc994f8283eaf,0,356,751,2895,751,2539
4a840882c784a146226ab8134749b8b0,1b1a781af0f8075d46fd353af0db45aa,1999,1007,2800,2992,801,1985
cc35519a86199e53e5876b7788bf412e,879b333ff5d4f786e0d1556f9f0f03ca,1684,181,2800,2527,1116,2346
06394402b32dc47878880a6e92b155e6,28a37f01bcc85b603ceb68e8a0c1a76f,1910,481,2800,3518,890,3037
6924720c5243170edfa7e47969efdacf,e5eb7a0310b4adeb1fc2ff41eb667025,2068,651,2800,2562,732,1911
37c08fd1d60e1ee8eb4bec7a27b44e26,977b152f031ad5067ea4010d0ea5ae0e,0,407,1000,3518,1000,3111
3b47808baf3637f58d0d96a0855d7793,62903abea2bcc47e603d1300f49d6a99,1973,696,2800,2829,827,2133
96532107e1fe520dd8b0c24e43af51b4,77579e8dd4a2e1f66b6328fc8d23b243,0,0,1015,3518,1015,3518
37c08fd1d60e1ee8eb4bec7a27b44e26,b9cfb6cc752db524d81afebb70e82662,0,0,1052,3518,1052,3518
37c08fd1d60e1ee8eb4bec7a27b44e26,96644e4db54cfd8459a512926a00442d,1989,456,2800,3461,811,3005
675f554e9fda491bb394c0ed16180033,4a0548fe8f78167251154c12a31e551e,1792,591,2800,2729,1008,2138
4a840882c784a146226ab8134749b8b0,a9f8f1eedffe62b7e5d5e871d5f10ea4,0,0,912,3518,912,3518
3b47808baf3637f58d0d96a0855d7793,aca545027c8c3533891d73ea3057087f,1784,0,2800,2996,1016,2996
3b47808baf3637f58d0d96a0855d7793,d1a47e53553ed94bbd9e94397427ec06,0,793,875,2894,875,2101
cc35519a86199e53e5876b7788bf412e,ef34e184efd9bb62642e2171abbcbfad,0,389,1162,2600,1162,2211
d047a94657d618650c95e078d58754df,dc517b3a99ae33e5000b1c440551c0be,0,584,1249,2748,1249,2164
675f554e9fda491bb394c0ed16180033,e6bd90b663275f18003b1ea08ff60920,0,0,1076,2645,1076,2645
675f554e9fda491bb394c0ed16180033,9fc01bab2b60e35a03055d95e0791b37,1762,0,2800,3083,1038,3083
4134e44905be507b7d380fa7e413c49d,9ce618e3f5ecd4c45ea00030e73d0cad,1993,0,2800,3412,807,3412
6924720c5243170edfa7e47969efdacf,014c0ffd807ff6b77affde714f20f544,0,0,789,3518,789,3518
3b47808baf3637f58d0d96a0855d7793,0a89efb6a6eb07d27a98f9113332655b,0,0,949,2870,949,2870
6924720c5243170edfa7e47969efdacf,6a27555ee3ea30ce56c5e026faaf73d4,2050,0,2800,3518,750,3518
675f554e9fda491bb394c0ed16180033,481a93a5e088acd28c5ba5fc30b3e312,0,937,1076,3035,1076,2098
06394402b32dc47878880a6e92b155e6,238cd7afaa2dc58afefffebc18fd5885,1925,0,2800,3518,875,3518
201095eaa1994a350f0ca83533a3b564,671421d8910797444eb773cc9aeca7f3,2003,374,2800,2498,797,2124
d047a94657d618650c95e078d58754df,97f613ac6d3111fbb99603af08c3c189,0,0,1255,3518,1255,3518
4134e44905be507b7d380fa7e413c49d,b0ca8a85b6412f5c95020fb244353b41,2161,994,2800,3518,639,2524
35bf1126ecdffa8af49abd36db2de322,0b5573dd1cf124f90103d00f866c7e49,2075,681,2800,2685,725,2004
6d20837c70bbf9223c27b05abf7e2b59,531db8547537c4116577c97f12b26b85,1066,210,2012,2812,946,2602
facfc5f416a12f93ecddfb6af1554538,3b0d5fba213b97404372d3984cac6914,1709,0,2800,3518,1091,3518
37c08fd1d60e1ee8eb4bec7a27b44e26,834e9a35cdc92f2c45e31e80f9cc8ce0,1833,0,2800,3321,967,3321
3852ee62fc84cc3e9917efe5f7b8ccaa,b72547c0ec2d8250bc32be88db4c7866,0,0,909,2595,909,2595
4ac69767b3a94c05f0498121306ca85b,f4952fc751efd2931f2717f1bdb3e080,0,0,1040,2906,1040,2906
4a840882c784a146226ab8134749b8b0,b444bfa13253246208c21c70be2bf63d,1910,0,2800,3518,890,3518
35bf1126ecdffa8af49abd36db2de322,8f8b8753a20d498f979730a9388ccdbd,0,567,798,2690,798,2123
6d20837c70bbf9223c27b05abf7e2b59,99c137788ce9c8e4fa1aa58ce9f4b7ba,0,133,888,2812,888,2679
4ac69767b3a94c05f0498121306ca85b,62256a5ce7d53f0a98c5b1ddb2fcaea6,1793,0,2800,3264,1007,3264
cb5d2d7bffb25387d9d6c448263520f3,543097e16128d1a65a97724c95b9cd0c,0,438,1020,2812,1020,2374
4ac69767b3a94c05f0498121306ca85b,58e581690d698232fda2fc51643309be,0,752,976,2761,976,2009
201095eaa1994a350f0ca83533a3b564,6a1b8f73ff988df6d588d890167403c6,0,712,764,2754,764,2042
0aca0eb18af9e7ea1fca7286a1c24a67,108b829f498a38b857bcf2f6097be15f,0,416,818,2564,818,2148
7eab495d8ae42610e89e53788db3e019,62cbcf22d1f888505a2e9a67a654f749,0,702,663,2530,663,1828
96532107e1fe520dd8b0c24e43af51b4,2533548f7d953d51784ef080d391c7c4,1851,320,2800,2905,949,2585
6d20837c70bbf9223c27b05abf7e2b59,95a7bd64dfe61f5a5909471a98ff6de4,0,0,987,2812,987,2812
d047a94657d618650c95e078d58754df,d526b3a279fdcc7b16fb1583067d77f6,1544,0,2800,3518,1256,3518
cb5d2d7bffb25387d9d6c448263520f3,9179c438c80d7923d95b3b41bcafb7a3,936,0,2012,2812,1076,2812
cc35519a86199e53e5876b7788bf412e,95b5476017d87365508e20062a4e3609,1711,0,2800,2728,1089,2728
7eab495d8ae42610e89e53788db3e019,212bc03533346819d0c6d449d631f69f,2203,564,2800,2590,597,2026
470700431681491011c0b8c91b38fb47,dc64ec9081858dba163c773a5b57db01,1047,0,2012,2541,965,2541
06394402b32dc47878880a6e92b155e6,97a1a5d038ef1d6c77b2841e9e893b36,0,0,1148,3518,1148,3518
3852ee62fc84cc3e9917efe5f7b8ccaa,05b07cdfb2759f5274a3f94817b1168e,1867,0,2800,3518,933,3518
fb2d4effaacd3e142108f8f4302a48f2,396cf50b0d20391203213e99eb025642,0,313,835,2105,835,1792
4ac69767b3a94c05f0498121306ca85b,f24fb215f01c530d9f66f5ac2bec0b63,1865,0,2800,2452,935,2452
cb5d2d7bffb25387d9d6c448263520f3,829949afefa7427e06bb23b0f8c81469,942,353,2012,2812,1070,2459
201095eaa1994a350f0ca83533a3b564,1b3893d705d3e42bf4b5611f928df38a,1963,0,2800,3327,837,3327
35bf1126ecdffa8af49abd36db2de322,7e37ee2b545f00f8c54e7bcb60b0f515,0,0,845,2749,845,2749
fb2d4effaacd3e142108f8f4302a48f2,b1eed82dda1a6ef4209ffdda762a4bc2,0,0,761,2408,761,2408
6d20837c70bbf9223c27b05abf7e2b59,ed1788dff1909a1bf65e0df807191744,991,0,2012,2812,1021,2812
3852ee62fc84cc3e9917efe5f7b8ccaa,9f7ca1b00c7d15bb91c7a67164d074d8,0,0,850,3518,850,3518
fb2d4effaacd3e142108f8f4302a48f2,e212cd7f8380af00c903b88690976fb4,1150,604,2012,2329,862,1725
fb2d4effaacd3e142108f8f4302a48f2,8b5220f728e9c1a2f21cffe64c06f859,1194,0,2012,2243,818,2243
201095eaa1994a350f0ca83533a3b564,8bd4653b6c64f3be8d02431e6b8aa06a,0,0,884,2829,884,2829
470700431681491011c0b8c91b38fb47,ceedd2dea8e079bf4f3011031e12f343,1034,0,2012,2559,978,2559
7eab495d8ae42610e89e53788db3e019,3f846246573f93813db0f80ddede2792,0,0,840,3250,840,3250
6af1e9ba1aa499db1429f4825fe95a35,a7cbce17f5e83a61c6063e121db89e7c,0,346,885,2536,885,2190
6af1e9ba1aa499db1429f4825fe95a35,b161971df2c0e9d25813c0b5344187ff,0,0,839,2286,839,2286
cc35519a86199e53e5876b7788bf412e,b72c48bc6803adb9f3416dfdd5678a82,0,0,1144,3518,1144,3518
470700431681491011c0b8c91b38fb47,e94de513e266c04800a5a3ea1a15bc02,0,0,1146,2758,1146,2758
0aca0eb18af9e7ea1fca7286a1c24a67,ab6142534967998ef4de68a14271a0f2,1927,330,2800,2473,873,2143
e2c85f8e53ec0e41ad8ce106ef2ffca6,7865f541575150caa6a017b201b9f753,2034,0,2800,3518,766,3518
6af1e9ba1aa499db1429f4825fe95a35,6c30a69c1db244cbe26ea01e05b23047,1967,361,2800,2512,833,2151
cb5d2d7bffb25387d9d6c448263520f3,7ca6ddd946378271f10f14b635fd76de,0,0,1098,2685,1098,2685
3852ee62fc84cc3e9917efe5f7b8ccaa,72c663204ba55b4ad29ee7d70a328b57,1795,533,2800,2627,1005,2094
35bf1126ecdffa8af49abd36db2de322,98a0d5fde0b6c4a7c566974e14ece078,1954,0,2800,2592,846,2592
0aca0eb18af9e7ea1fca7286a1c24a67,f5e859d2278f89f4c16824d0b7499cd3,0,0,1034,3518,1034,3518
0aca0eb18af9e7ea1fca7286a1c24a67,79e03f6157c7ba1dacae7816e761acd9,1878,0,2800,3518,922,3518
4134e44905be507b7d380fa7e413c49d,1cb0734f3fe79fea682934fd36ad0ab0,0,0,749,3518,749,3518
bf163c7b90f9299403b68609b225ac36,7cec5042d100cebc51ff648ffae90c24,0,0,806,2370,806,2370
e2c85f8e53ec0e41ad8ce106ef2ffca6,b4d4db8a5a9a16456ca752a23cfd1e3c,0,0,925,3493,925,3493
e2c85f8e53ec0e41ad8ce106ef2ffca6,77b01e288f7bdd4055f9b33f139618a5,0,188,674,2601,674,2413
6af1e9ba1aa499db1429f4825fe95a35,36ccf0b91e7028900632ce90700c14cb,1941,0,2800,3424,859,3424
e2c85f8e53ec0e41ad8ce106ef2ffca6,cc9c1bf4f59a9ae83e00050130b372d2,2175,478,2800,2766,625,2288
4134e44905be507b7d380fa7e413c49d,1e80bdf69747c509869d25514bbfcced,0,785,641,2787,641,2002
bf163c7b90f9299403b68609b225ac36,e7863b9db6a391d423a18c4a8e404b10,0,801,783,2807,783,2006
a4bec8473cc1078c56ae8057a9d6dd1e,8852e0bb6849a3b40faea676b0ecd43b,0,0,793,3368,793,3368
a4bec8473cc1078c56ae8057a9d6dd1e,444ffb376a584d2ff50f1012f51009c3,1945,0,2800,3518,855,3518
bf163c7b90f9299403b68609b225ac36,840cb4ebfa49fe75660fc02cf8d7c71f,1997,619,2800,2758,803,2139
bf163c7b90f9299403b68609b225ac36,fd19f826753cdc2851bfd8026105c1d5,1966,0,2800,2236,834,2236
f1507eeee4bfe81932b6712c09faa2f6,e6c94dbf740a38cf724aa509aea40c67,721,45,2012,2578,1291,2533
f1507eeee4bfe81932b6712c09faa2f6,e227ee0074556a1ba3e3960e26a3e21d,699,0,2012,2812,1313,2812
8d1b4d0db38edfd797c01e5f05cfb27b,fdf68152eefdc00a92f54c60bed860e6,0,669,887,2726,887,2057
a4bec8473cc1078c56ae8057a9d6dd1e,ba29a0c3d614a01af983249dd13b404d,1955,222,2800,3101,845,2879
a4bec8473cc1078c56ae8057a9d6dd1e,433f80a86f6139c2159bd7a49837f305,0,751,803,2882,803,2131
8d1b4d0db38edfd797c01e5f05cfb27b,1abf4d345636b53e424070e2eedabff8,1947,634,2800,3518,853,2884
8d1b4d0db38edfd797c01e5f05cfb27b,da3b9f7e74cc45c8b8f37a6ba8dd85a5,1890,0,2800,3518,910,3518
7ab33e1883d8a40d1f4b762bf21a79ee,bef651ebf07e63d71e6001de54fc3931,0,0,1070,2538,1070,2538
5ae80fd498feb99686e48ef553e49348,374dbde13d3a6fbb7d2d2c0cfe75fe3d,0,183,991,2683,991,2500
8d1b4d0db38edfd797c01e5f05cfb27b,1ada1e4050081f533bf9f33606f4468a,0,0,979,3518,979,3518
aeffdcf271f85647d0fc28fddbab0b32,9c11a5f1296279f8f9b12e4f0a4af45f,0,0,928,2359,928,2359
5ae80fd498feb99686e48ef553e49348,12ee4dc827b551e2905d7e0f90c9829d,0,0,1000,2812,1000,2812
54411bb05c549c68bb56022311665eef,3fe7335c9d7bedb6e676ab72a631a8d1,0,0,787,2315,787,2315
f1507eeee4bfe81932b6712c09faa2f6,18e5d76a2653677e75ad3908130da0f8,0,188,1338,2613,1338,2425
aeffdcf271f85647d0fc28fddbab0b32,9006ed5cd2f901f8e40348246c0f3f3b,1887,0,2800,2894,913,2894
a0227d2dd753944b3ed688136ad07707,3f23d61363028b7210debdc78e08263a,2021,579,2800,2533,779,1954
5ae80fd498feb99686e48ef553e49348,03db631bfdce361f86e438ca97133278,943,0,2012,2812,1069,2812
a0227d2dd753944b3ed688136ad07707,bc57f2cac7587c62a7ad7a60be44fc30,0,422,882,2385,882,1963
aeffdcf271f85647d0fc28fddbab0b32,115600671e989b2ffeaac92d19d1f505,1858,50,2800,3518,942,3468
54411bb05c549c68bb56022311665eef,c0609ffc59aee6bf6fd1886de17d328f,1175,0,2012,2245,837,2245
e77e7e774cf37fc35d4631f6795016e7,3bdb69fe5febe33b25b86eea2f86f327,0,0,1000,3518,1000,3518
54411bb05c549c68bb56022311665eef,56fdedcf63ea8628749dea76e5776dca,1156,315,2012,2803,856,2488
c1028c41d309e316085e1769acdee788,a5639fa9f32c1086895d1e8df7d4981b,0,456,745,2636,745,2180
54411bb05c549c68bb56022311665eef,b46d9e3d02b04dd355c4deafae8467eb,0,387,786,2812,786,2425
c1028c41d309e316085e1769acdee788,64f00c46604c695dddaa286e146d9c4a,0,0,1021,3518,1021,3518
aeffdcf271f85647d0fc28fddbab0b32,99ca91de9c1f9fa523d17ff834bca031,0,0,948,2936,948,2936
da9e63a39d07a96cddbc708d3678efd0,2ba0d5ef4089553e1a901eec130f60e7,1740,303,2800,2671,1060,2368
e77e7e774cf37fc35d4631f6795016e7,05f5e8ffb29d27a73541a0d23893e5d5,1851,381,2800,2713,949,2332
e77e7e774cf37fc35d4631f6795016e7,384b550ed4dec5b4b58a5931ce815dbf,0,559,968,2924,968,2365
efe4b2cce4791e728d68c1e985e5615e,c899e8406fdba0f981eb595251e294c5,0,489,1032,2486,1032,1997
efe4b2cce4791e728d68c1e985e5615e,09c738d8cd172b34057a8e9e098f3e5c,0,0,1161,2378,1161,2378
da9e63a39d07a96cddbc708d3678efd0,132a914f7a63d6a6703aeceff980179b,0,0,1235,3518,1235,3518
efe4b2cce4791e728d68c1e985e5615e,90763fcccdb708902add365d3f816226,992,349,2012,2363,1020,2014
da9e63a39d07a96cddbc708d3678efd0,aa32e59925a954854ac2a6971b6ab47d,1646,0,2800,2792,1154,2792
da9e63a39d07a96cddbc708d3678efd0,1050bdd05d85383f4073672ee5b0df83,0,434,1103,2961,1103,2527
1077df930a7cbf2a64f0093103efaf32,02e9b8f7d34b224f72ab6ead8f389efa,0,506,1495,2924,1495,2418
a0227d2dd753944b3ed688136ad07707,b48a40d5c5bb6efd1e8bed725d59dd2e,1999,0,2800,2863,801,2863
f1507eeee4bfe81932b6712c09faa2f6,57b4047b97340cd2a56c0234ecff60d4,0,0,1283,2628,1283,2628
5ae80fd498feb99686e48ef553e49348,dca8e74b24540e131f10fff8a1856b69,947,0,2012,2812,1065,2812
efe4b2cce4791e728d68c1e985e5615e,7ceb1b109f832eafc2b8b765f32997e5,894,0,2012,2391,1118,2391
e77e7e774cf37fc35d4631f6795016e7,8f9929c006cfed199d1a283314fe38d8,1716,0,2800,3518,1084,3518
470700431681491011c0b8c91b38fb47,1fdc7fb23c97c8c5b97820196613ed89,0,0,1027,2423,1027,2423
d047a94657d618650c95e078d58754df,c234bb294e7b58076e2555260a3b1f4c,1506,547,2800,2677,1294,2130
a0227d2dd753944b3ed688136ad07707,ed07915496720db37580f3f9b2e7402c,0,0,851,2828,851,2828
c1028c41d309e316085e1769acdee788,b9acb8b89e1d532e7eb66ba74209fef2,2066,570,2800,2684,734,2114
4c6bd73fac0d3452e83199fc65fee6e4,63aa1691b5b19e773375265a28a8a856,0,0,1147,2346,1147,2346
4c6bd73fac0d3452e83199fc65fee6e4,70dd61e1c9fc73be7371017a1af2d01e,1606,290,2800,2640,1194,2350
c1028c41d309e316085e1769acdee788,60838a0fb95523a4d3414bd62f1301cc,1817,0,2800,3518,983,3518
4c6bd73fac0d3452e83199fc65fee6e4,6d9cf87b2d43d9f7c5a78224f3e2598b,1655,0,2800,2453,1145,2453
4c6bd73fac0d3452e83199fc65fee6e4,bcc4fe5ffb031c7212b9e9cf37d9cfb3,0,405,1123,3518,1123,3113
1077df930a7cbf2a64f0093103efaf32,bb99e23d8f63bd73b549657b9d1e4694,0,0,1547,2822,1547,2822
1077df930a7cbf2a64f0093103efaf32,cad4cf2f02b61126463580dd7364c26f,1330,0,2800,2891,1470,2891
1077df930a7cbf2a64f0093103efaf32,2adf4be3a998026e5b9c782fd41891db,1481,292,2800,2623,1319,2331
9c825350cffaff430f5e47e41698ba3d,0ddcea84a160864ab7cef463017ac78c,1962,808,2800,3518,838,2710
7eab495d8ae42610e89e53788db3e019,e648eee49dff6f5a92bccdae2b8a48d0,1907,0,2800,3363,893,3363
2c24cddcb1e33a55a84be57315fed61d,a70eca3db14017f002144f04c879ac13,0,0,1111,2495,1111,2495
88323eb5b5cadee0b6a7e9fa6084de04,f99106b5e084c5a56f17c9a406167ae0,1625,513,2800,3518,1175,3005
2c24cddcb1e33a55a84be57315fed61d,6e5aa42bb8a035fb4076f405e0df731f,0,609,975,2793,975,2184
88323eb5b5cadee0b6a7e9fa6084de04,e6236a5b6202d5e43e8efe552dc9a941,0,0,1187,2403,1187,2403
9c825350cffaff430f5e47e41698ba3d,b99fca307e842349163e27836a1d0582,0,697,774,3518,774,2821
88323eb5b5cadee0b6a7e9fa6084de04,661a57b4920bd51c037af4cc0cdcea4e,1726,0,2800,2560,1074,2560
88323eb5b5cadee0b6a7e9fa6084de04,07248433b3d019f6ee268f32a9904e36,0,614,1181,3518,1181,2904
b2e9c581abecd57e52d74512f6fa957d,9c0f7d6f89339e7e584a0cf7cbb05038,0,552,817,2578,817,2026
1625558a9d844d66cdbbdef2ec21e61a,f2722dea4de40662b9e8dff3a3922f5e,0,987,617,2602,617,1615
b2e9c581abecd57e52d74512f6fa957d,603b45d807c30f1d8687004ca8b5e77c,0,0,840,3127,840,3127
08db0293a555cc089d14e6357381d42d,0602173c47d1b21fe548b2d852433a03,0,646,1053,2971,1053,2325
10a150489d7984f9f996ab1f0a848bc3,6ccc4fc5f4765a0092fb069606835eb1,1704,489,2800,3518,1096,3029
c58988888abc33489a6c845a77d7793e,56f509e95a2b8e19dc5b8d64d8dbb72b,1735,287,2800,3518,1065,3231
b2e9c581abecd57e52d74512f6fa957d,a56874d2c876efaeae69f462d7ac6d05,1907,516,2800,3518,893,3002
1625558a9d844d66cdbbdef2ec21e61a,7a57247870b07ce5de24a14ad171f6e5,2297,635,2800,2479,503,1844
1a6061b532f36ce0bb0f85f34eca8736,d26bedc854165131cff6a237e3633304,1757,304,2800,2579,1043,2275
79e45b2bbc0133d50f669dcae0d88e87,01521290ffbaa7a1f036abfc544618f5,2052,305,2812,2393,760,2088
807d38d7a5c86c122b83f8a75efa7a29,98822ae3c1cd15a49b660597f6fde6d8,0,665,871,2870,871,2205
6b34fa78959d96bd8f761c46f3cbc960,3c2b1502a2ab692276da17d52cb2f849,1963,0,2800,2418,837,2418
1a6061b532f36ce0bb0f85f34eca8736,c413c9130c387f479a3f257f9469c5f3,0,0,1210,3071,1210,3071
9c825350cffaff430f5e47e41698ba3d,cd3e7e192787ca067650f8ef89095618,0,0,944,2880,944,2880
6b34fa78959d96bd8f761c46f3cbc960,425ab57b72506ee59e629c3eaaefdc80,2020,722,2800,2717,780,1995
10a150489d7984f9f996ab1f0a848bc3,637b5e8d79240da6614603f8f61e2b8d,0,417,1196,2848,1196,2431
9c825350cffaff430f5e47e41698ba3d,ed2fefffe16e072108559013dc5b363f,1866,0,2800,3518,934,3518
79e45b2bbc0133d50f669dcae0d88e87,f458eb160f7e6251379c7ffec7a89baf,1907,0,2812,3072,905,3072
cc608bc4a299b3346c04379958797c1e,080220733f46127184e6e0158d66c2e3,0,835,786,2668,786,1833
7ed66c4511fc58c1a4925dcfe2945495,422a7b53f82cafc936a7cd1593ed7517,1926,105,2800,2067,874,1962
2c24cddcb1e33a55a84be57315fed61d,bd7dd1c91cb132ce1a257782d17b9076,1916,409,2800,2436,884,2027
c58988888abc33489a6c845a77d7793e,5a0f9fe0f6055009b1811ef4e4926c92,0,374,1136,3518,1136,3144
2c24cddcb1e33a55a84be57315fed61d,732557a346a8d326652a8376b48a4109,1778,0,2800,2399,1022,2399
6b34fa78959d96bd8f761c46f3cbc960,ec4967bd768d02e0ff04afc832a3ad4c,0,499,758,2432,758,1933
10a150489d7984f9f996ab1f0a848bc3,85d0dcea7edc972bbeb08472f9147166,1667,0,2800,2797,1133,2797
08db0293a555cc089d14e6357381d42d,82bd8a9cc9944fe098460b1ba0c2abc6,1837,575,2812,2959,975,2384
554b0480bb00f8cc7a63fe4aa40ed77c,7d899f7ce5cd0f5c406baa26e6f6f87b,0,904,918,2901,918,1997
807d38d7a5c86c122b83f8a75efa7a29,20c80364573607c1446cc8cb2303515e,0,0,858,2491,858,2491
1a6061b532f36ce0bb0f85f34eca8736,4dcf3e6bfb92d39621b2ce5e85e4e1ae,1572,0,2800,3220,1228,3220
1625558a9d844d66cdbbdef2ec21e61a,18cc3dfa24211692da85c9c9c19adf8f,0,0,631,3165,631,3165
1625558a9d844d66cdbbdef2ec21e61a,820cd55a004c724b65f4edebe878f8e3,2130,0,2800,3518,670,3518
0f73f59df0d9355ebe1d6024753a9e1b,18b6303a3ede8d3556f87dada8d64c49,0,0,1267,2812,1267,2812
807d38d7a5c86c122b83f8a75efa7a29,c152b9aaadc56b3697f8961f8ca488f1,1930,421,2800,3518,870,3097
cc608bc4a299b3346c04379958797c1e,389e63a564ab355b88c8ec7391a11069,0,0,800,2651,800,2651
6b34fa78959d96bd8f761c46f3cbc960,2e26c1a0eeb0054e525ba99441a0df18,0,0,835,2536,835,2536
0f73f59df0d9355ebe1d6024753a9e1b,ac45bb3c5656ff2f623ac376a9b594c0,756,0,2012,2812,1256,2812
79e45b2bbc0133d50f669dcae0d88e87,e92f80321d7f6fbf2ce1d78eaf428f7d,0,385,1026,2710,1026,2325
cc608bc4a299b3346c04379958797c1e,42dc9a817b41d702fdc590deb4198028,2042,0,2812,2766,770,2766
10a150489d7984f9f996ab1f0a848bc3,0d99d0adb85ae9539c24256ea6678922,0,0,1280,2699,1280,2699
7ed66c4511fc58c1a4925dcfe2945495,bd49bf4707dfb656b9b295e241c38e36,0,0,878,2459,878,2459
c58988888abc33489a6c845a77d7793e,4838c9ff9e5a1c0fcfbce86d1dd85384,0,0,1105,3116,1105,3116
7ed66c4511fc58c1a4925dcfe2945495,5868ab6e33650f7f7607d54749e1d4e8,0,0,951,3518,951,3518
d35341b652a3b13e407358ea7a9b5f8f,1fbbeb0ffe504c3551c9e25f9122543b,0,538,1241,2806,1241,2268
0f73f59df0d9355ebe1d6024753a9e1b,c0cd071eeccaa65eeeb32ad9c62ee959,0,437,1254,2812,1254,2375
08db0293a555cc089d14e6357381d42d,a697cd84b7b97518603b8fd39674dd01,0,0,1077,3580,1077,3580
0f73f59df0d9355ebe1d6024753a9e1b,3eae7b8d68e4d8fb47b248e640d3e699,744,119,2012,2543,1268,2424
554b0480bb00f8cc7a63fe4aa40ed77c,083c9d1cb5da5899a3697adbd83e942c,1947,982,2800,3518,853,2536
08db0293a555cc089d14e6357381d42d,0901685471c2fe66ed24ce41a07e8393,1784,0,2812,3580,1028,3580
cc608bc4a299b3346c04379958797c1e,49496889f3a3492f25868d26a9b58e38,2055,1102,2812,2823,757,1721
2a45c44f660a53b31e8a32ab86c37603,9525e39373ec4bf5759ec41352820e4b,0,0,904,3518,904,3518
807d38d7a5c86c122b83f8a75efa7a29,7b58ab3740a4b5abbf7b1f2a189faa2f,1996,0,2800,2413,804,2413
c58988888abc33489a6c845a77d7793e,bab888e5c014402555e04eb2e0a9c10f,1742,0,2800,3518,1058,3518
554b0480bb00f8cc7a63fe4aa40ed77c,39307c9266e84ae99939d8456804c440,0,0,949,2707,949,2707
d35341b652a3b13e407358ea7a9b5f8f,ffb94da823c87898c7ce19b197dc24c9,1728,0,2800,2932,1072,2932
2a45c44f660a53b31e8a32ab86c37603,efa1914257c8512e17cd9abf6ae2b774,2099,1033,2800,2938,701,1905
b752cf07749117cef352e3df67d511a1,690bb369c36dfa29a235d53b549ec076,1764,819,2800,2886,1036,2067
554b0480bb00f8cc7a63fe4aa40ed77c,38f2ca296be33caca9d0a6fa32199d99,1874,0,2800,3099,926,3099
2a45c44f660a53b31e8a32ab86c37603,11d7d3658b66d8515393a4c8189104c6,0,924,762,2769,762,1845
2a45c44f660a53b31e8a32ab86c37603,f100b2cbfbd5d0bca58a8f763e752f04,1827,0,2800,3514,973,3514
1a6061b532f36ce0bb0f85f34eca8736,d42ebe160ea29f5fc30b0569f3e9c734,0,863,1075,3144,1075,2281
ed50faf92eb8dcce3cecb74b0aaffde2,68b5530fd028466c156e6156d672f92d,0,0,992,3518,992,3518
d35341b652a3b13e407358ea7a9b5f8f,f3d87ee3a0e2fc9addef409215c9415b,0,0,1123,2722,1123,2722
b2e9c581abecd57e52d74512f6fa957d,0218fff4e564d49dc159fa98db411c50,1896,0,2800,2595,904,2595
79e45b2bbc0133d50f669dcae0d88e87,58c5b429435cfb148b724c4a1fe1770c,0,0,1036,3163,1036,3163
ed50faf92eb8dcce3cecb74b0aaffde2,d8f539f27dcf544fc780f298e124e95b,0,247,1049,2675,1049,2428
b752cf07749117cef352e3df67d511a1,00d6335ebcaf795dca3fe958841faf5b,0,0,1262,3518,1262,3518
0a79f14f8d160fc88e095f92d964a03b,1301c90d95946750f25e77b237c3a099,0,0,923,2170,923,2170
d7747aa7a214fcbf330550d822c37516,673dc8fca8f1700ac0a5e4060b033e80,989,0,2012,2360,1023,2360
ed50faf92eb8dcce3cecb74b0aaffde2,78f7a4b174948d0dc55300c758e63a29,1730,535,2800,2771,1070,2236
b752cf07749117cef352e3df67d511a1,203d0642e60a1ab35f30a7c3ad0312cf,0,383,1260,2638,1260,2255
836c5db303f53c6a452377b46ccd54c8,e536458d2286a6cded649f3ef8613773,0,0,1026,2812,1026,2812
d35341b652a3b13e407358ea7a9b5f8f,ee26824eaf12a3d9fa242240d7094331,1846,474,2800,3518,954,3044
d7747aa7a214fcbf330550d822c37516,95eb87e3e993aaa9787f72b5b7804019,1085,0,2012,2450,927,2450
b752cf07749117cef352e3df67d511a1,9060a6bbfacd469e3f594f173ccf73ca,1769,0,2800,2758,1031,2758
7ed66c4511fc58c1a4925dcfe2945495,4c60de6cc856df3aa0f219177092a286,1804,0,2800,3355,996,3355
836c5db303f53c6a452377b46ccd54c8,3d472462ce0d91fb5cba9e2dad21e27b,993,516,2012,2649,1019,2133
836c5db303f53c6a452377b46ccd54c8,f897a9612124724ecdbea9cbb6d8de44,1010,0,2012,2628,1002,2628
d7747aa7a214fcbf330550d822c37516,2989c8199135197cdf84abe6161e99ee,0,0,903,2078,903,2078
836c5db303f53c6a452377b46ccd54c8,53cca8b1648500177287b238411b5e17,0,452,1025,2513,1025,2061
ed50faf92eb8dcce3cecb74b0aaffde2,1466ede526afc1f0a9c07469ab298cb4,1771,0,2800,3518,1029,3518
d7747aa7a214fcbf330550d822c37516,be43eee41b72cbcc3aed8b8dcf7e0b0c,0,160,916,2812,916,2652
0a79f14f8d160fc88e095f92d964a03b,a8d2a8882118744fa9938f3d1d4b2272,1194,0,2012,2306,818,2306
0a79f14f8d160fc88e095f92d964a03b,e92d4740f8814b2b6afce530ab70b6c4,0,0,919,2234,919,2234
4ea29e93f0c4e9c1cfb86de911faaee1,23d6eb58bfd45a56bf085d62ffc8a387,0,149,1017,2767,1017,2618
87bd6f532bbd079c39258f925f5d4dc9,ab5b97a927aa5d02ed8337d569566654,0,0,1130,3518,1130,3518
201abf5a172e398f3b724449364015da,16d3a8ab2a2f94f544ad58b99f8d9b8f,866,0,2754,3580,1888,3580
546a51cd365f6933a6de5cf67e6fde89,cd110737b1527ee7062bd02f1a3f2a8f,1827,89,2800,2239,973,2150
4ea29e93f0c4e9c1cfb86de911faaee1,f6d70d2fb43a4c3e97c1f2b8c2c3d9f3,0,0,1108,2772,1108,2772
201abf5a172e398f3b724449364015da,b3c6a769a0aaf152cc3214218b57d89c,0,876,761,2872,761,1996
546a51cd365f6933a6de5cf67e6fde89,bbe589d723d874fae52be62c3573ef1e,0,0,927,2725,927,2725
87bd6f532bbd079c39258f925f5d4dc9,5803f15ff3e9b83d1567dc4f55eb4796,1812,0,2800,2824,988,2824
4ea29e93f0c4e9c1cfb86de911faaee1,776da5d6a23f37a15390e426d65c9815,923,0,2012,2743,1089,2743
6697a5026606ea48a12429234e5faf8a,39ff79a29db75a6181c460d4157ef33b,0,496,1020,2348,1020,1852
87bd6f532bbd079c39258f925f5d4dc9,a92c4f60e2571af14d07c00278aea620,1898,285,2800,2476,902,2191
87bd6f532bbd079c39258f925f5d4dc9,87267d5b5b0220b07dd17947242addfa,0,382,1015,2816,1015,2434
546a51cd365f6933a6de5cf67e6fde89,e2e7140a480e6aca91e1c34ab8996c32,1785,0,2800,2750,1015,2750
719407d318c8aeddd2d7a72801ad8770,5fc2b7ae0d14bcb0bc542690ff32b5f0,1862,599,2800,2724,938,2125
6697a5026606ea48a12429234e5faf8a,335c3dcee465b83e9315dbdfecc11c74,1047,389,2012,2248,965,1859
4ea29e93f0c4e9c1cfb86de911faaee1,721d42aaff8471d7e63a74814d98d4c4,882,69,2012,2812,1130,2743
6697a5026606ea48a12429234e5faf8a,4e7e82afaf32e6373d7f49a6e7b65daf,1181,0,2012,2635,831,2635
6697a5026606ea48a12429234e5faf8a,42d660092be4c84528565e8b8b7ef9bf,0,0,852,2812,852,2812
6bbcf1982ca47016b2e69d373d8a1058,4003c558c2f4ff9041016d079f6a59d1,0,319,1155,2812,1155,2493
201abf5a172e398f3b724449364015da,022b0bcc5feae34dab22caedc9925b23,1905,938,2754,3130,849,2192
6bbcf1982ca47016b2e69d373d8a1058,243ddd31b51504da6cc238a1fdc8f44e,0,0,1178,2812,1178,2812
201abf5a172e398f3b724449364015da,c2d11ebcb366ec4f07ed16dab6cc1954,0,0,1646,3580,1646,3580
061e188104f9dac3d7d3025c595f6f01,8a5a81f09598258729ba9e39d93f2096,0,0,809,2270,809,2270
719407d318c8aeddd2d7a72801ad8770,7a104d6589701c732ddf0c0a22ed68d2,0,626,983,2625,983,1999
6bbcf1982ca47016b2e69d373d8a1058,1d290b935da63f2a24f0bcdb0093c091,716,0,2012,2812,1296,2812
0a79f14f8d160fc88e095f92d964a03b,369cd7efe542218cec9226b8b8d4f5ad,1152,113,2012,2403,860,2290
8a70b5c884deecbef8899ba4715dd701,631295603b8984c41021bbdea69299d3,0,0,882,2241,882,2241
bcbcefb6f7737cccafce35882dacf61e,a2c53912c4dfe7a24b7ccca3f2fb3bf8,0,0,857,3037,857,3037
8a70b5c884deecbef8899ba4715dd701,20988932df1d0df46edeb925da37b445,0,29,526,2194,526,2165
546a51cd365f6933a6de5cf67e6fde89,9bce486402b21e58e528d4caf6c68fff,0,0,929,2382,929,2382
6bbcf1982ca47016b2e69d373d8a1058,dd02d66be89e67641b8a170f0b6e3cc5,768,106,2012,2812,1244,2706
5f24232018157c9b7bc59bcd2d54b931,0d2424210dabc419f62c772e8e778093,1754,730,2800,3518,1046,2788
bcbcefb6f7737cccafce35882dacf61e,80c067403b60369a7b9fa5350da1a100,1928,0,2800,2596,872,2596
73b9ed9c3c0f671c38f125d15efe0499,b4c13ac74860b0ada8a0173563bac78d,1842,0,2800,2932,958,2932
719407d318c8aeddd2d7a72801ad8770,afb346e75ff93a7bdc16757144f1a93a,1895,0,2800,3518,905,3518
719407d318c8aeddd2d7a72801ad8770,d9424eabb9d03c65cb7075c9b49b19a6,0,0,926,3518,926,3518
061e188104f9dac3d7d3025c595f6f01,5d05c379b846253d4d972848e722dbc1,0,692,702,2612,702,1920
73b9ed9c3c0f671c38f125d15efe0499,08502b90fb4d5e049f9024f155491fac,1954,280,2800,3518,846,3238
09a55793d7158ba28dbb1486a47b49cf,cfba6992d0d0da02d516039af80a0549,1921,0,2800,3281,879,3281
8a70b5c884deecbef8899ba4715dd701,394aa9fcd0ac329585a84d417db71d57,1245,0,2012,2360,767,2360
bcbcefb6f7737cccafce35882dacf61e,bc03d90a22036e682a059c1a68e01983,1995,655,2800,2511,805,1856
450f7f9b2aa32754b076f0f53f0d8efc,33be94e3d81065693202c21aa662cfd2,1572,426,2800,2705,1228,2279
69de9fc12a594c7d1d265aac349a7b94,a80767f1295461e5a930b5d18b4a6e0b,1057,0,2012,2565,955,2565
061e188104f9dac3d7d3025c595f6f01,35c6c857f358bd94a2b61504ba9cd827,1278,0,2012,2635,734,2635
09a55793d7158ba28dbb1486a47b49cf,d8d1eaeebeda0a2a12c6e78adfe0a96b,0,0,921,3278,921,3278
5f24232018157c9b7bc59bcd2d54b931,bd54268bf383e807cea6f04c58027918,1695,0,2800,3518,1105,3518
5f24232018157c9b7bc59bcd2d54b931,1663ff551215b69698fc4a08a5699078,0,432,1043,3518,1043,3086
53fed5fb7918fd5942750b6c28f995ed,7bc5e0e0fc078f6d2ad9facdcf89671a,1991,373,2800,2612,809,2239
450f7f9b2aa32754b076f0f53f0d8efc,d4cae2c614676925578ca87836ab95b6,0,0,1199,2648,1199,2648
061e188104f9dac3d7d3025c595f6f01,614c3b4671a5855f5374edad5bc93750,1276,513,2012,2297,736,1784
8a70b5c884deecbef8899ba4715dd701,f7fa1cf5fd951a24de0b3211c332f811,1442,0,2012,2437,570,2437
73b9ed9c3c0f671c38f125d15efe0499,32a822c665489e49190a26a6b4667737,0,675,806,2745,806,2070
5f24232018157c9b7bc59bcd2d54b931,1918ea850efb3850c76640c8e6cc631b,0,0,1050,3518,1050,3518
cff56208d45f1ca8182a15fc2148c535,53d035cce82bbc9040800daa6110ff7e,0,0,1080,2692,1080,2692
69de9fc12a594c7d1d265aac349a7b94,9ddfcd769a3c8d2f8f308027b3cebe12,1044,363,2012,2503,968,2140
53fed5fb7918fd5942750b6c28f995ed,1ba259281bab2b81da4a14d9a0e9a111,0,0,1038,3242,1038,3242
09a55793d7158ba28dbb1486a47b49cf,86f928542d3128112cdc2744d66ebd02,1975,226,2800,2208,825,1982
69de9fc12a594c7d1d265aac349a7b94,16efdf8fe8308292dc2108e83f983545,0,360,932,2522,932,2162
53fed5fb7918fd5942750b6c28f995ed,ef1d2c1b33ea75b8a060d12da463ee8f,1802,0,2800,3408,998,3408
95f247ce37d090fcd4bdb752e85e8bdd,dc1c61387749f300522e191bd493d882,1235,0,2012,2812,777,2812
6fd3d6f1e31f5496952044db685deda8,4a4cb0cf51722c0404382d69475655ba,1867,416,2800,2736,933,2320
5bb1ee5bca9cc3a8fb7753513c64e8df,cd19b1f27d5a8b7c88633deeb47695ea,0,0,1093,2711,1093,2711
5bb1ee5bca9cc3a8fb7753513c64e8df,f0044c31735122c69d38410119fec1c7,0,315,1092,2624,1092,2309
6fd3d6f1e31f5496952044db685deda8,627314c493154a4c389791a8b6d670f2,0,421,813,2594,813,2173
69de9fc12a594c7d1d265aac349a7b94,d033b3e221adb46a780fef5943d0e316,0,0,878,2523,878,2523
450f7f9b2aa32754b076f0f53f0d8efc,5d13674e2ed04208bf232e2eeb468f7a,0,300,1266,2694,1266,2394
cff56208d45f1ca8182a15fc2148c535,2406be2d03fbb50b1602745dec9f7a89,0,494,1134,2650,1134,2156
5f846b0e7cab37795aa040a0354439d3,7c1843b7ad873ae88501eb173c1f2e5e,1853,0,2800,2742,947,2742
73b9ed9c3c0f671c38f125d15efe0499,aba863734c89cb903871d8d9203aa705,0,0,980,2849,980,2849
6fd3d6f1e31f5496952044db685deda8,04dca70b316e240af7f3aef533944b06,1667,0,2800,3518,1133,3518
53fed5fb7918fd5942750b6c28f995ed,1750bcc6108af2e1f68ff76a01e17d78,0,479,922,2744,922,2265
5bb1ee5bca9cc3a8fb7753513c64e8df,49da6fc41bda3c4d8e236c6eefc4f5df,1802,0,2800,3518,998,3518
5f846b0e7cab37795aa040a0354439d3,b0b22250454a1037620eaa8ac6b9a588,1935,345,2800,2505,865,2160
09a55793d7158ba28dbb1486a47b49cf,0f8d3f9bb2c67858a0f6f5428200b7f1,0,640,904,2539,904,1899
450f7f9b2aa32754b076f0f53f0d8efc,e0b1f453d8ea292f3a0da74ecaf5d31f,1567,0,2800,3518,1233,3518
cff56208d45f1ca8182a15fc2148c535,e5062bdcd504237a9ba427a0096908ca,1656,492,2800,2486,1144,1994
95f247ce37d090fcd4bdb752e85e8bdd,730d0af4cb621595ff20ae275f6bc15f,1256,0,2012,2343,756,2343
bcbcefb6f7737cccafce35882dacf61e,5931a66fc1d682d082f657a6fd85e548,0,717,899,2658,899,1941
5f846b0e7cab37795aa040a0354439d3,b3f3ced962335486009763fb4b4380f4,0,0,942,3060,942,3060
27da2a953a5b5d4f4b87b65dbc2ebe91,20e33b43e06836a710ce82efb89e9c9b,0,0,887,3518,887,3518
95f247ce37d090fcd4bdb752e85e8bdd,33d46872e363b1868794661d951207f0,0,577,747,2607,747,2030
95f247ce37d090fcd4bdb752e85e8bdd,4a125ff86dd4d98bd8bfdcd47e05cf32,0,0,777,2767,777,2767
5bb1ee5bca9cc3a8fb7753513c64e8df,3d55720beddd1a0e449bd5a285dc407e,1868,66,2800,2570,932,2504
cff56208d45f1ca8182a15fc2148c535,483d25ea2eeb9c44748deef24296bb55,1787,0,2800,2705,1013,2705
6fd3d6f1e31f5496952044db685deda8,edf13a60c34252d56fbddf520a49fd52,0,0,1043,3472,1043,3472
2baa221c7a4aa5e543abfea82c9d4f3a,910e26872fe846e99d848a47ca1f5437,971,0,2012,2812,1041,2812
e965b3f2117b8021352f54d5b64a92c6,c912ad2ab38e9ce67cbed0ba1b996df9,2056,806,2800,2616,744,1810
2baa221c7a4aa5e543abfea82c9d4f3a,49aa45d678e5192fae74b8759272fbd8,0,222,1205,2501,1205,2279
e965b3f2117b8021352f54d5b64a92c6,2d67c3f78b46bbdee79c6f60150a7bdb,0,570,795,2472,795,1902
e965b3f2117b8021352f54d5b64a92c6,782ca8e0fb271a3265d05d9c5e9910c1,2111,0,2800,2570,689,2570
2baa221c7a4aa5e543abfea82c9d4f3a,70e41120e0865b5b185e2e9de284e4da,0,0,1135,2428,1135,2428
2799c2e468f2056d713248a1b0459e60,e97fc2bdf06cf628097b131d984c74fe,0,0,889,2424,889,2424
2799c2e468f2056d713248a1b0459e60,afeb226add5f727d93c28ff35f8a8881,1189,0,2012,2812,823,2812
5f846b0e7cab37795aa040a0354439d3,9fa00933445b30e1b7448db5c209784d,0,271,831,3518,831,3247
2baa221c7a4aa5e543abfea82c9d4f3a,56ffbeaedc05d823b76e4dfebbe6c2b1,803,211,2012,2812,1209,2601
27da2a953a5b5d4f4b87b65dbc2ebe91,858f7ad5f9d0eca80bc8fd0524b83c05,0,724,614,2817,614,2093
ddc8e420ff604c6c3b335ce34bd9a5e5,3a0e691977bb118099dae33fd962c758,1122,0,2012,2812,890,2812
8b69aaf1889b1480ef964908e3210df1,a2075154704c8ecb5c501e06b2598eb5,1756,0,2800,3518,1044,3518
2799c2e468f2056d713248a1b0459e60,2bd13ad3b8b28d682e08d60f50a88af0,1274,0,2012,2355,738,2355
27da2a953a5b5d4f4b87b65dbc2ebe91,5e16b129e337c2191bd0207390259575,1989,0,2800,3518,811,3518
e965b3f2117b8021352f54d5b64a92c6,f63d69ad4774e67cd0a66387751b4234,0,0,907,2408,907,2408
2799c2e468f2056d713248a1b0459e60,889075b7b2c6b6199ffb1d3644ae33d4,0,142,841,2812,841,2670
ddc8e420ff604c6c3b335ce34bd9a5e5,de2cf4d3bc08f8fedabec1530bd1fa99,1217,365,2012,2319,795,1954
27da2a953a5b5d4f4b87b65dbc2ebe91,e7ed852e596846ff61f0cea69d9f2ae6,2241,0,2800,2258,559,2258
ddc8e420ff604c6c3b335ce34bd9a5e5,76b23a3b969f563673f0888556e37d7f,0,708,842,2812,842,2104
8b69aaf1889b1480ef964908e3210df1,0c2b62f35b61bd654aa8027697029fd6,1742,335,2800,2614,1058,2279
fa9226b8d31971dc665bf1f4066f8e59,07e191bc54c3378f9fdf23ddecc47420,1670,455,2812,3580,1142,3125
ddc8e420ff604c6c3b335ce34bd9a5e5,94fa26263563c7af7b62d6eda6753eb5,0,0,912,2812,912,2812
8b69aaf1889b1480ef964908e3210df1,e1d5f9700212c1e131e31ff16d84d35f,0,0,1125,3518,1125,3518
8b69aaf1889b1480ef964908e3210df1,410e86bd005f6f5f30932efcc2e9527b,0,326,1062,2777,1062,2451
fa9226b8d31971dc665bf1f4066f8e59,ec84e73ed122ba2efdd4548d471d371e,0,608,1098,2993,1098,2385
f8680b368fd78c04befeb46f43711ed5,4684e9b03973f03e06267fcbcacdb602,0,569,802,2628,802,2059
f8680b368fd78c04befeb46f43711ed5,93a9d79ac758a178e5631b4a88d02dec,0,0,791,2563,791,2563
fa9226b8d31971dc665bf1f4066f8e59,3a82746aedbd7ab2950e9bf0d119d263,0,0,1073,2870,1073,2870
0ecdea2f5c042b6617d8f66bf99e273e,a5a6d9dd6cef116a06ce0fddf07e4d7d,2051,306,2800,2612,749,2306
f8680b368fd78c04befeb46f43711ed5,d0168852b954b94590306737c3193c00,2013,0,2800,2829,787,2829
f8680b368fd78c04befeb46f43711ed5,e5619be9c7cd0225dc588996bfa4a03a,2117,913,2800,2673,683,1760
876245c2c298cff1c87021575dd8b208,b381f7f80bec3dee13095b50b7df25ee,0,589,838,3518,838,2929
b7c252494bceac3d7e18867f4a876e07,65d671725278af813051a64c32fc8d92,0,0,1302,3518,1302,3518
876245c2c298cff1c87021575dd8b208,a9242cce13246b235ddff7e959d934d9,1909,0,2800,2728,891,2728
59a5eb7d1789d59557635e9797ce0f56,8e4eae42690a6cbd67ba0e06d71ecfd3,1641,483,2800,3314,1159,2831
4393af3515a55b8080cbfb385fd3929b,24e3a1374983ceff383917f8eb08b88a,0,562,800,2629,800,2067
876245c2c298cff1c87021575dd8b208,0cb9b38929fc58cb32f480795e9d4d71,1967,543,2800,3518,833,2975
876245c2c298cff1c87021575dd8b208,408953dc7a1db4ca9deac57e3b85fc17,0,0,880,3518,880,3518
6a5fb5091c54d26f78f2439269bdaa82,6943cda7ce5b1cdf56ea8fffb17c52f5,0,0,1015,2869,1015,2869
59a5eb7d1789d59557635e9797ce0f56,9fde268b949910f3d22503129ae0d303,0,0,1232,3518,1232,3518
fcd5ee257865dc69c30265543ee7ebe3,18177b6b74185a9101873a4e6d4615ca,2002,0,2800,2310,798,2310
6a5fb5091c54d26f78f2439269bdaa82,02895cbbcb504f54c6882c4c5695f563,0,508,968,2644,968,2136
bf36789ea6d84fab426bb54d6ef597ad,c218e17e902459fe51934d53a031989b,800,0,2012,2326,1212,2326
a0da8d047c71765cdf217a8a52606741,8cb32a867111bedbf18a40e629683026,1820,590,2800,2585,980,1995
0ecdea2f5c042b6617d8f66bf99e273e,8649920347dade4f82c768fa8e0e978a,0,0,754,2898,754,2898
bf36789ea6d84fab426bb54d6ef597ad,5a0e1ca45c6d1d208eaf1a8d7fc81189,960,0,2012,2354,1052,2354
1b8874e7eed80c8acb45c299e23e5017,1a20a2eb7cadd8c846cfb1cff1562e12,0,412,1035,2716,1035,2304
0ecdea2f5c042b6617d8f66bf99e273e,eee97f5a67ecf3012a7c77ffbdd7d250,0,393,713,2498,713,2105
bf36789ea6d84fab426bb54d6ef597ad,afcb03e0b67f04492f59499f9bc6ff6d,0,0,1177,2408,1177,2408
59a5eb7d1789d59557635e9797ce0f56,f91f0ce5da9eabd07479aed8cfc925f3,1592,0,2800,3518,1208,3518
b7c252494bceac3d7e18867f4a876e07,f4740fc0c93979173dadd40600daca4a,1766,0,2800,2568,1034,2568
1b8874e7eed80c8acb45c299e23e5017,ca7b120ba46ea9e8786696a44677d5cb,1723,90,2800,2477,1077,2387
4393af3515a55b8080cbfb385fd3929b,172d1f197db67bfae28c4a33b19a5a60,2073,349,2800,2405,727,2056
99454d49c902d4b7f8ee0550e61b6fd8,3588f7c220e35d7fab3c9f7acc72cf05,0,0,1033,2657,1033,2657
6a5fb5091c54d26f78f2439269bdaa82,e3c7be35068db5c3c5f03e9287a32d2d,1805,0,2800,2539,995,2539
d75540870a4e6546c711a167cd636f0c,f326c1582d4cf9244fbfb9a2ef5e4754,738,0,2012,2812,1274,2812
d29971737ebb21349600d2140f8cd782,39799520930964bfbe6147ad9528a0da,1739,413,2800,2699,1061,2286
d75540870a4e6546c711a167cd636f0c,f15e4d292b5423da9ba1c8c4de106689,0,178,1266,2812,1266,2634
fa9226b8d31971dc665bf1f4066f8e59,b84c938e5d6e25da98625dbba840b521,1722,0,2812,2922,1090,2922
a0da8d047c71765cdf217a8a52606741,b74f95f32636aff0b94540891c6b1f14,0,0,1079,3518,1079,3518
03f40980d5978ca95d5c59363430624d,f18f7246d1eb4fe3e53a408f23cd2bca,0,133,1133,2753,1133,2620
a0da8d047c71765cdf217a8a52606741,e61d36901ebb6b37ac41f6ca84e5c81b,0,743,1029,2767,1029,2024
55a12c640ccebc100e67e21476b57285,c0d0bd440c83fcff648a0fd92d4bcc63,0,314,1179,3518,1179,3204
d75540870a4e6546c711a167cd636f0c,cdd1e457b4f9ae3f19637ef5bba8f2e4,709,68,2012,2509,1303,2441
55a12c640ccebc100e67e21476b57285,b6db414be07dc1fb3cbf82a9e3a4966a,1625,597,2800,3518,1175,2921
1b8874e7eed80c8acb45c299e23e5017,4807097cb1a005a10cab3387045473d8,1680,0,2800,2977,1120,2977
d75540870a4e6546c711a167cd636f0c,c1edef455c1d305e6674fcf0d9c3c195,0,0,1278,2812,1278,2812
e5310c7b3ed3ab93c594a87824635c8e,c0babe919665877a03cfc69fb7de0be8,1440,325,2800,3518,1360,3193
e5310c7b3ed3ab93c594a87824635c8e,e0de5944f80b234b97ddc601ef1e8ec9,0,0,1646,3413,1646,3413
f9117b9c9a15cf2b49e85873a0a51322,a27f71727fb8c05326b14fadf3567c8b,0,0,943,3518,943,3518
9bb21300e3a92937024437cacc180158,2eea1ba2cc3860a65d2f95bd497dc6b7,0,0,1126,2812,1126,2812
c141cb3a219ba9f5e9a5a492b56c0cd5,2a19d7aefa050cc40e6a7ec57e8f0ec5,0,476,1563,3181,1563,2705
99454d49c902d4b7f8ee0550e61b6fd8,246aeb83ba0e30090b1f7f897e01ee9a,1779,0,2800,2802,1021,2802
9bb21300e3a92937024437cacc180158,86820c93d4980743e13f9cc42a4441ae,0,82,1155,2812,1155,2730
1b8874e7eed80c8acb45c299e23e5017,046880cfce60f54f0a82c534e3e4a353,0,0,992,2650,992,2650
c141cb3a219ba9f5e9a5a492b56c0cd5,748d0d65ba29e4b079d1a0136a1fafe3,0,0,1719,2960,1719,2960
bf36789ea6d84fab426bb54d6ef597ad,185be9d965933669e634fd49376ad3e9,0,0,1127,2525,1127,2525
fc45fd8203dadd8899344e52935ff069,cc348c5da8c3d81c92dd9e615dd3cd24,0,442,1043,2579,1043,2137
03f40980d5978ca95d5c59363430624d,058dadc4d0a2de9f98c3cabada08703e,0,0,1095,3518,1095,3518
b7c252494bceac3d7e18867f4a876e07,2d30d0c087271c1fc13d1faf746b0d67,1754,0,2800,2528,1046,2528
9bb21300e3a92937024437cacc180158,9e4bc855fbb17bfb00ee212112c69137,882,0,2012,2797,1130,2797
03f40980d5978ca95d5c59363430624d,2c021b1ed5213d94d71da2a791e65055,1743,0,2800,3518,1057,3518
d29971737ebb21349600d2140f8cd782,2dbcb27d2ebf474e4348023ed75479cf,1697,0,2800,2940,1103,2940
a0da8d047c71765cdf217a8a52606741,3cabdf233f3ae89e6115c92eae5744e6,1793,0,2800,2426,1007,2426
4393af3515a55b8080cbfb385fd3929b,d4f4a42f411be9a2ce28ef454763573a,1998,0,2800,3518,802,3518
59a5eb7d1789d59557635e9797ce0f56,0e7d0286c4086786286fc35685332259,0,562,1064,2797,1064,2235
fcd5ee257865dc69c30265543ee7ebe3,6a33521a9eaaaac6d20715e531ebba2f,2099,436,2800,2368,701,1932
fcd5ee257865dc69c30265543ee7ebe3,148fbcbf129d1d37d4b8ede4b00ad0d0,0,560,687,2358,687,1798
6a5fb5091c54d26f78f2439269bdaa82,06e48c78bc4c608fbf3a77fc0e52cb9a,1743,0,2800,3145,1057,3145
e5310c7b3ed3ab93c594a87824635c8e,4049b5f6fd2ae7874452d4848a510d53,1413,0,2800,3450,1387,3450
9bb21300e3a92937024437cacc180158,347b32bd628a543c96ba6baf027e9781,870,0,2012,2812,1142,2812
d29971737ebb21349600d2140f8cd782,72a61bc0c75aeb64f26358f73ae41193,0,0,1007,2736,1007,2736
0ecdea2f5c042b6617d8f66bf99e273e,69f2b04eacc0a94bb19c49a16950f63f,2038,0,2800,2683,762,2683
c141cb3a219ba9f5e9a5a492b56c0cd5,2a6de9498d49c71c9d19607d80d99c35,1286,0,2798,2608,1512,2608
f9117b9c9a15cf2b49e85873a0a51322,98db757f7fcb4eed1426a08606a83ac5,1992,275,2800,2671,808,2396
c141cb3a219ba9f5e9a5a492b56c0cd5,47d9c199722bae1199d1e1ee437b6636,1220,0,2750,3118,1530,3118
f9117b9c9a15cf2b49e85873a0a51322,e8512b25444f56260c973a11f605fb32,0,490,746,2835,746,2345
03f40980d5978ca95d5c59363430624d,49526d6fc2bb6904bd77179e322c30eb,1760,618,2800,3518,1040,2900
fcd5ee257865dc69c30265543ee7ebe3,2f22b6fece58c19fb98355036fe4f7bc,0,0,743,2351,743,2351
99454d49c902d4b7f8ee0550e61b6fd8,2cda8a412afc5ab3234bfa95e6eb7888,0,402,987,2557,987,2155
d29971737ebb21349600d2140f8cd782,6b33c3ad91dedb37cb4f2ece54cdef4e,0,381,1013,2535,1013,2154
4393af3515a55b8080cbfb385fd3929b,e8e28b89aa80b67194e01de3148ac77c,0,0,860,2780,860,2780
b7c252494bceac3d7e18867f4a876e07,ab945373595ab04dc17a25f6a2a6df20,0,506,1034,2821,1034,2315
e5310c7b3ed3ab93c594a87824635c8e,50592f80ed5a142e6a2d869293ed4495,0,102,1307,3362,1307,3260
55a12c640ccebc100e67e21476b57285,8d6c880fb1247dd161c57c76b0207062,0,0,1199,3203,1199,3203
55a12c640ccebc100e67e21476b57285,c58233033d21865c0c1e8f9b353d60ba,1515,0,2800,3518,1285,3518
99454d49c902d4b7f8ee0550e61b6fd8,370bda0253d188e6f4c31a0d67c48d08,1809,263,2800,2440,991,2177
fc45fd8203dadd8899344e52935ff069,dca656decba799ba1002c34dc8a17dc2,1803,655,2800,2727,997,2072
fc45fd8203dadd8899344e52935ff069,24ab640532fbe99e1de51aa6ab9697ba,0,0,1044,2622,1044,2622
b484a7498e770b04b331149ce64b95ac,dae704053c2199747e1b6107b9b38ff3,1967,0,2800,2852,833,2852
b484a7498e770b04b331149ce64b95ac,87f933f3bcf694478693faf436783cc9,2064,367,2800,2199,736,1832
b0c5cdf44d60d22c07ebe89acc8077d8,a75f0ec352611a939c5dd5222d882d09,1906,431,2800,2566,894,2135
8850f3f623b7615136d068685f555a14,aba3670f58ff64692807ccd9172e9da8,0,0,871,2524,871,2524
b484a7498e770b04b331149ce64b95ac,7cba8de81602d8878134cd508224fe21,0,664,726,2530,726,1866
8850f3f623b7615136d068685f555a14,eee3c9fa394d97ebc2effb92c60b6c44,1625,0,2800,2867,1175,2867
b0c5cdf44d60d22c07ebe89acc8077d8,26734a2361b3cba5a2cfacceab2c7f7a,0,0,901,2471,901,2471
8850f3f623b7615136d068685f555a14,afc82c230e864defa69b10bbea631d95,2010,429,2800,2561,790,2132
50aed32dc3b9d108a1c0966d13991511,6596e18d9661562789235813aab6ef00,0,501,989,2883,989,2382
50aed32dc3b9d108a1c0966d13991511,20ef0abde078ddde96b03ddb3608e3ec,1567,0,2800,2755,1233,2755
fdd2151b7f09e718e161a252add4655c,ed68df3a122da0e9b794644f83b30ced,2016,0,2800,3445,784,3445
4a145ebb498e1aadbdd3196d6dc4346a,d806333b76180de267aa6704918b077b,2073,565,2800,2639,727,2074
ca9db0a418417d7cb5497c28228bab30,9c82d1d602f9a3dd46164e33f2344954,0,537,951,2896,951,2359
fdd2151b7f09e718e161a252add4655c,90da0b722410b9bbd0b4b7a849ffa78c,0,0,846,3518,846,3518
b0c5cdf44d60d22c07ebe89acc8077d8,98cc5c97f9bcdc8c6cf25c121e51646e,1859,0,2800,2710,941,2710
0e5ca17fef28fbeb95f532569136dbec,c12152fa236ea7717fdf5ee2a2c3483b,1969,741,2622,2483,653,1742
a739f537d66fb48c49eca89a0991088f,a93f1732181e8dc316aaa1dcb2625d37,1963,0,2800,3518,837,3518
ca9db0a418417d7cb5497c28228bab30,720c0fdaecc17a82f95430d70fba629d,1695,0,2800,2634,1105,2634
0e5ca17fef28fbeb95f532569136dbec,2ab292be14ab9a70672de381abdf9ed0,0,724,642,2424,642,1700
c8a92cf907d7a54ceb4445ef9068179d,bf9a09c6f3f547cf0de9776a7f682a6c,1820,515,2800,2476,980,1961
90bdb495b39d53271b2ccf97cde90bac,0ce9dc89f1991a790fe598bc53a310e1,0,0,778,3234,778,3234
ca9db0a418417d7cb5497c28228bab30,5e1c9649882d7718965f16a8fdbbdad2,1832,569,2800,3291,968,2722
50aed32dc3b9d108a1c0966d13991511,0cc9394905ef9d2527799723b4e87c72,1632,0,2800,3518,1168,3518
0e5ca17fef28fbeb95f532569136dbec,5a311d3a2a99bc839f939e7d0bdf9dc3,1948,0,2638,3580,690,3580
b0c5cdf44d60d22c07ebe89acc8077d8,c4c852a322a84936e6d37f4af738a812,0,0,956,3518,956,3518
c8a92cf907d7a54ceb4445ef9068179d,d869d8f175b34c06a8fd53cfd4ca6c03,0,0,847,3079,847,3079
8850f3f623b7615136d068685f555a14,238a26364ccfcfc777a8e57a4693f58c,0,382,901,3518,901,3136
ff797ae566e0c252a105853faab6e7cd,d9caaef549cd1ea35fed601ed7dc2304,1996,573,2800,3518,804,2945
c8a92cf907d7a54ceb4445ef9068179d,4637a8add2ddf4c4d0081b25d477b08c,0,515,946,2534,946,2019
ca9db0a418417d7cb5497c28228bab30,b773e8f75b87956b21f5a43968e55f32,0,0,1059,2692,1059,2692
2ccbac7f345d098dca73b18d86c58690,8bce23d7bb5e9d1f741044e3857d4126,0,0,843,2375,843,2375
959851812792e6fd4f7f19cf9b6e260b,bf7352ab58d7b5a487c9703a7fe4db86,1776,319,2800,2384,1024,2065
a739f537d66fb48c49eca89a0991088f,664b12ccff1d1acfe8f965d87615ae3d,2039,299,2800,2472,761,2173
2d2fc966cf31cfb4be7fbc2c1d686521,0eab70772a1d463e27bdbcf7d2f8a7c9,2022,214,2800,2398,778,2184
f9117b9c9a15cf2b49e85873a0a51322,4ce95e68a4fa4c917d0b1592496686d4,1874,0,2800,3518,926,3518
54777ee406bf2cc437fa9d72e41c4af7,c3c20f01e24374ec06146faa496772ff,1621,545,2800,2863,1179,2318
12c95e6e76e962033b9c99907d5cac2e,51ad412b5561de1d6e0b5df36078170e,1941,821,2800,2871,859,2050
c8a92cf907d7a54ceb4445ef9068179d,d30b0bd909a708c75eb7c0c1cc8c2098,1806,0,2800,2844,994,2844
2d2fc966cf31cfb4be7fbc2c1d686521,ef56954668ba288b7f16a08561f8f1f0,0,0,699,2628,699,2628
0816e84bd8ceaac6a5b0884c52cbcd13,5c8e0386bde74754a1e591af8c616f1d,0,0,1144,2812,1144,2812
a739f537d66fb48c49eca89a0991088f,c51dfc8ce4e4ddf17454c51ffc120f7d,0,459,656,2449,656,1990
54777ee406bf2cc437fa9d72e41c4af7,d010d03b544cd44916f96b9b6febda19,0,796,1042,3518,1042,2722
ff797ae566e0c252a105853faab6e7cd,836071b1c4b0cc30f9b1bebcde81288f,0,610,833,2845,833,2235
fe1802777aad12f3596b17d1cbbf6698,e6147b88edd1b0dca1772e8e47e3ed82,0,788,762,2637,762,1849
4a145ebb498e1aadbdd3196d6dc4346a,26d088005bda79b1f540465e59a55759,0,0,713,2545,713,2545
54777ee406bf2cc437fa9d72e41c4af7,8c1b89cf486a465afa5d32e4b09fe64f,1594,0,2800,3518,1206,3518
2ccbac7f345d098dca73b18d86c58690,baa1a100150e2d10edd77cf5e5f33d08,0,338,779,3518,779,3180
2ccbac7f345d098dca73b18d86c58690,351b9f05262bb4b6d5842ee2ab478f6c,1967,0,2800,2423,833,2423
a739f537d66fb48c49eca89a0991088f,77515a0b7dd2b27ac9ab18e0720849c6,0,0,731,3477,731,3477
fe1802777aad12f3596b17d1cbbf6698,2ca0998e6341d541e8df5927807f51bc,0,0,669,2259,669,2259
0e5ca17fef28fbeb95f532569136dbec,d014938440ef51b675b21ad871e7c769,0,0,696,3580,696,3580
2ccbac7f345d098dca73b18d86c58690,5ae123c8b8dc8efbf720dffcb1790769,1967,421,2800,2513,833,2092
0816e84bd8ceaac6a5b0884c52cbcd13,fb26a0b0f33ca2cfed73770c779fa96d,0,255,1035,2812,1035,2557
ff797ae566e0c252a105853faab6e7cd,323f8bf1926e56ec02e2bc2c5fe751da,0,0,924,2930,924,2930
4a145ebb498e1aadbdd3196d6dc4346a,2dbfa78947bf161ba71f5ddc14b2b5b7,2102,0,2800,2800,698,2800
12c95e6e76e962033b9c99907d5cac2e,f48c652dc9495e140f574b1609ce39e8,0,0,908,3518,908,3518
12c95e6e76e962033b9c99907d5cac2e,75eaf4bc24878d34af993b37fa83617f,0,615,901,2746,901,2131
ab37bb0dd26384ceab958d84dd743241,cc7d2b6aa2761ba116933a8ff01558d4,1742,312,2800,2179,1058,1867
0816e84bd8ceaac6a5b0884c52cbcd13,ed22fb1c4556a5d897f1aac96e268499,1090,234,2012,2812,922,2578
959851812792e6fd4f7f19cf9b6e260b,06a37679a6fb7cf6d0d3bb9daadcca72,1924,0,2800,2407,876,2407
d1c735aa28feefd63dbb60e2cfcbbe2a,70d337f107efbc8349bfe459b9843ca0,2022,147,2800,2717,778,2570
959851812792e6fd4f7f19cf9b6e260b,e34a66a569b5eb6de8a7b125f32906bb,0,0,984,2482,984,2482
ab37bb0dd26384ceab958d84dd743241,3b584bbb9036ffb78c9d17190a5d3ac7,0,0,1019,2782,1019,2782
90bdb495b39d53271b2ccf97cde90bac,7201eb04d948f636e393b2231d11f89e,0,266,633,2404,633,2138
54777ee406bf2cc437fa9d72e41c4af7,f909934b0d96d977fffee6ee0777a1a7,0,0,1193,3518,1193,3518
a2fe4b41a16de08f0fb1f1868bf30b77,6e2240960c514ef913e32137f110a5dd,0,541,765,2557,765,2016
fdd2151b7f09e718e161a252add4655c,1d9642b6dbc4e4d5e508d54e60c8a644,0,403,704,2387,704,1984
d1c735aa28feefd63dbb60e2cfcbbe2a,4fb5a51ba3e26c4d5efdbc6e5eb61071,0,522,786,2861,786,2339
2d2fc966cf31cfb4be7fbc2c1d686521,4cf868ecbc1c132730170518c5e379d5,1923,0,2800,2746,877,2746
a2fe4b41a16de08f0fb1f1868bf30b77,7a67cd16dba1223f9a17eca527568b1f,2116,866,2800,3518,684,2652
fe1802777aad12f3596b17d1cbbf6698,dc4ca3d5c24b138819eca5aabe8265cd,1965,543,2800,2389,835,1846
2d2fc966cf31cfb4be7fbc2c1d686521,e85721da56f4edfc9a0c449f671a66c3,0,0,713,3518,713,3518
d1c735aa28feefd63dbb60e2cfcbbe2a,571f7c33e15d285b82e96d193ecafa86,0,0,774,3145,774,3145
ab37bb0dd26384ceab958d84dd743241,5a5b25dcb28afe0e49f615dc63d8dbb5,0,682,1198,2685,1198,2003
fe1802777aad12f3596b17d1cbbf6698,df0e643c1e02af75a601388da8ffe0f4,2053,0,2800,2299,747,2299
5e738b21ece161aa495b59fee9c11455,93ed0aed7d5768f948fcc46861b4123e,0,799,689,3518,689,2719
a2fe4b41a16de08f0fb1f1868bf30b77,dcfada58cd1c57d1d09831a0366ae439,2073,0,2800,3165,727,3165
4a145ebb498e1aadbdd3196d6dc4346a,45d10acc402dcb4643add9c9399f00e9,0,728,701,2917,701,2189
d1c735aa28feefd63dbb60e2cfcbbe2a,c289d88b5bef074444b4a6189580b163,1715,0,2800,3518,1085,3518
31429906a13cc1fe1a28b59fdabd622e,e81acfaeed2f5124d9a8cb11fd5e12a0,1793,0,2800,3518,1007,3518
50aed32dc3b9d108a1c0966d13991511,8114a9e13ec53085eed9619691523c59,0,0,1061,2929,1061,2929
5e738b21ece161aa495b59fee9c11455,301af7f8978640e4dd362075aba35040,2141,576,2800,2434,659,1858
5e738b21ece161aa495b59fee9c11455,ffe25766ac37ab145ae7f0bd78665f81,0,0,725,2331,725,2331
a9e64dc54160d9c4344607e0673a8d3e,e53529554e91d180a18f3d76d9f7dc9e,1400,323,2012,2010,612,1687
31429906a13cc1fe1a28b59fdabd622e,6fea59744fca6fc1a38e0f84192809bf,1918,296,2800,2568,882,2272
ff797ae566e0c252a105853faab6e7cd,4fa150db6ca406124fe62200880a9ee9,1956,0,2800,3518,844,3518
a9e64dc54160d9c4344607e0673a8d3e,82b9ba4eeb582a29d2480aa5c705eac3,0,926,684,2812,684,1886
ab37bb0dd26384ceab958d84dd743241,a66b5216451dfccda376dbe56f793141,1729,0,2800,2648,1071,2648
12c95e6e76e962033b9c99907d5cac2e,2d85d35921300474554faa38be066329,1885,0,2800,3518,915,3518
8f70a359d0130a439c60ebf1f8dfdb1a,9707348a134d64b3b1616627604eb3c2,0,51,1370,2812,1370,2761
a2fe4b41a16de08f0fb1f1868bf30b77,c74f829371e60664fb549d18b8994c48,0,0,810,3012,810,3012
5e738b21ece161aa495b59fee9c11455,cd685d87b728c5282f984bfdf424162b,2038,0,2800,2888,762,2888
8f70a359d0130a439c60ebf1f8dfdb1a,6718696d6ae0e1e108d2698499aaaeec,0,0,1262,2587,1262,2587
e6a8b9cafabf07517e3f7bdf357196c5,7032d3973098b0f5a65174a4953fa7a2,0,712,1049,2916,1049,2204
c16bef2f8dd3eea62f0d5b66af8d1778,27a993edd94965c0f8192f3fcec02394,0,0,1160,2666,1160,2666
31429906a13cc1fe1a28b59fdabd622e,bcef1eca065e0834648c474f7a5fc698,0,671,962,2964,962,2293
9eae43df4b1f3eec2ac0506599a772d0,1b628232c4f882fbaae4eeb309e79f2d,2027,770,2800,2612,773,1842
c16bef2f8dd3eea62f0d5b66af8d1778,676b9f60a6624a63d87222b7258912ff,1650,428,2800,2536,1150,2108
c16bef2f8dd3eea62f0d5b66af8d1778,de70e46e59e9c810a19f2409dc547802,0,259,1062,2318,1062,2059
22da9b1c9ea40106f753a3524a4b62ef,9842e8be1fce87a57a56b8a07d860c6d,1823,0,2800,3011,977,3011
31429906a13cc1fe1a28b59fdabd622e,b56a539ae1af122e942234d22d0ebd6e,0,0,1055,2720,1055,2720
e6a8b9cafabf07517e3f7bdf357196c5,0748851b21d2d3ba116235c03eb351e4,1634,0,2800,2394,1166,2394
9eae43df4b1f3eec2ac0506599a772d0,08090aeef7d570cde63075bc1341abca,0,905,722,2773,722,1868
e6a8b9cafabf07517e3f7bdf357196c5,dd1ac238be26d71ec496cbe701a0a417,1673,365,2800,2511,1127,2146
a9e64dc54160d9c4344607e0673a8d3e,2f53aaf3a5df96e66bdcf98d9f770d1e,244,0,2012,2561,1768,2561
22da9b1c9ea40106f753a3524a4b62ef,e59ec8ad8a85471752214616c5d1ddcd,0,0,1001,3510,1001,3510
90bdb495b39d53271b2ccf97cde90bac,1c1d29264b338e71d94bf33db3a2849f,2196,519,2800,2285,604,1766
959851812792e6fd4f7f19cf9b6e260b,ac278cc7472377ceb6499092360f7ee1,0,395,1049,2482,1049,2087
c16bef2f8dd3eea62f0d5b66af8d1778,7ec96b053148f3de39380b283357b3b8,1528,0,2800,2779,1272,2779
0816e84bd8ceaac6a5b0884c52cbcd13,59ad958eb0c51a4e18047d146275061d,886,0,2012,2812,1126,2812
e6a8b9cafabf07517e3f7bdf357196c5,5ce559e25b328fd19a257fa306737502,0,0,1114,2730,1114,2730
9eae43df4b1f3eec2ac0506599a772d0,d9d04ce44fcddd3f717c40bfd9356299,0,0,859,2347,859,2347
79e79d92682501743a50928c8bed4221,1d4e4b5bc47ae8393f7c07d21624891c,1876,0,2800,3518,924,3518
79e79d92682501743a50928c8bed4221,58840c6c825727756bd4fba9091ad027,0,0,1026,3518,1026,3518
a9e64dc54160d9c4344607e0673a8d3e,39d2c7feed834c1a83063035b28edff1,0,0,1202,2481,1202,2481
4ca91bb08a57c6b80cb13bac34612518,d7bc964692c9105c5c83f4de0a79ab68,1756,337,2800,2545,1044,2208
22da9b1c9ea40106f753a3524a4b62ef,26ed1c817829c75112cbfafccb5a0fae,0,331,1137,3085,1137,2754
79e79d92682501743a50928c8bed4221,2e6165f3f4614858587dc29e6729dea5,1974,436,2800,2556,826,2120
9646ed81a7a39fd220619d51f364115d,d5515ce5cedfad9fc895c8866165822c,0,0,839,2812,839,2812
22da9b1c9ea40106f753a3524a4b62ef,ef891a9aa03b39449ec2916280a0f578,1669,357,2800,3331,1131,2974
9eae43df4b1f3eec2ac0506599a772d0,933459d19e97513f945be507439f7045,1956,0,2800,2337,844,2337
522963c771a84cb777c49ba7a4ca69fc,04c9b9305ae9a552975cceab2c15632e,0,538,1031,2897,1031,2359
9646ed81a7a39fd220619d51f364115d,045d36851e9ecdae58dd9ae5736f0918,1046,0,2012,2812,966,2812
d069b7b6b07b8cf68e3831ddd82daa88,f987ebcdb5025768e4cacd7b82a2403e,0,0,953,2484,953,2484
4ca91bb08a57c6b80cb13bac34612518,35c3051ae561125d1ec9bb1f2575ae61,1686,0,2800,2623,1114,2623
6ace59d949f61fde3de6347a7de13320,fd098c7a730ba83b11e66bf894c0bd42,1967,0,2800,3518,833,3518
9acc2af0bca57c2d68447df0354ae5c0,4cfec75c90a82ff9ac2ea36f07079326,0,44,958,2812,958,2768
522963c771a84cb777c49ba7a4ca69fc,a0b73dcf1c300988780abb9abe55826d,0,0,1049,2790,1049,2790
9acc2af0bca57c2d68447df0354ae5c0,2bf8b36dede6c049b5d732314df1b42b,1106,0,2012,2372,906,2372
9acc2af0bca57c2d68447df0354ae5c0,076716fce896a4d4571a1547ea70b299,0,0,979,2632,979,2632
522963c771a84cb777c49ba7a4ca69fc,8132013f5158a2bc93d77ea9200c75d8,1882,187,2800,2533,918,2346
067dc6d1aa40986dcd6b5522dfa37a6c,8736d3f6ffa5a7cd4e47c6dbb5d2909e,0,541,1217,3518,1217,2977
9acc2af0bca57c2d68447df0354ae5c0,568e5f3fdcdc16467c70a32a402515f1,1089,0,2012,2449,923,2449
b484a7498e770b04b331149ce64b95ac,ca7e4b3a9337a2686d039c6e2a2ff303,0,0,759,3279,759,3279
6461af61eeba4ca9183bf7e0b388e451,08c4c93e7f0ad35319f072365533892c,0,804,1133,3518,1133,2714
d069b7b6b07b8cf68e3831ddd82daa88,d0be90483eb9f6d39c6adba346a54ba2,1081,289,2012,2812,931,2523
4ca91bb08a57c6b80cb13bac34612518,7fa6f752745a38fcf8727c77775f1ead,0,339,1014,2568,1014,2229
6ace59d949f61fde3de6347a7de13320,441cab2ae39d3e8aed889b9819fc0394,1986,262,2800,2368,814,2106
d069b7b6b07b8cf68e3831ddd82daa88,f8f30642db4923e4e099790b74ec6255,0,177,996,2284,996,2107
067dc6d1aa40986dcd6b5522dfa37a6c,b31a95d93249be071826f29549e7e79b,1512,485,2800,3518,1288,3033
4ca91bb08a57c6b80cb13bac34612518,5547eaf548f478fea5592ea14caee396,0,0,1060,2507,1060,2507
6461af61eeba4ca9183bf7e0b388e451,ca05b9106baff5384aecc1ea3ae70ff6,1603,891,2800,3518,1197,2627
b71f2f9b080c44d197af15ca71bbc14f,c9022f81770a2b0f9fcd82cdc46b0745,0,0,663,2162,663,2162
45434494724000b904ddcc850be9e2bd,52890f3561d36665b30a9b8eb5133179,1851,0,2800,3518,949,3518
175a70fed8dcf5dd0625d4ae7115eeb5,c98665f6eab4bdbb9e301043ab69b957,1526,0,2800,3031,1274,3031
b71f2f9b080c44d197af15ca71bbc14f,4210eda700a84b9c613893f5b637fe22,2203,617,2800,2301,597,1684
6ace59d949f61fde3de6347a7de13320,cd89e4c594b900b85f7862498c4bde54,0,411,884,3518,884,3107
45434494724000b904ddcc850be9e2bd,ccfe3a45c7040297b160dde38dbecf48,0,684,808,2862,808,2178
a32528da615a00d8a2a07deb4cc4cbc7,fa2f7816bf1b07f2104aa4edeff9b107,1899,22,2800,2633,901,2611
175a70fed8dcf5dd0625d4ae7115eeb5,4e4388b2679878f9b794289377471fed,1701,483,2800,3518,1099,3035
2bdef24d1fd0e34a7600c8f80019123e,481d1534d1515e9635db6e21d2a78e5d,1608,0,2638,2815,1030,2815
522963c771a84cb777c49ba7a4ca69fc,09c140f91b2da7c7ff024e5f4b2d5599,1711,0,2800,3518,1089,3518
175a70fed8dcf5dd0625d4ae7115eeb5,823cb056e0f258fe2677aa6e299142c7,0,653,1121,3518,1121,2865
af676efd34cae27940a8eb1261216ff3,1a4da59da173cee1bb6bd6268abd3886,0,607,624,2469,624,1862
175a70fed8dcf5dd0625d4ae7115eeb5,f4e266a1f06d5132112f2cf94fdb3a5e,0,0,1203,2873,1203,2873
a32528da615a00d8a2a07deb4cc4cbc7,a448980556e9c12b7b16db4a49ecd75a,0,262,903,2649,903,2387
067dc6d1aa40986dcd6b5522dfa37a6c,a32bfe4c4ea716c5726f3179968b21bc,0,0,1232,2650,1232,2650
af676efd34cae27940a8eb1261216ff3,14638e61cdfe6c07dd26da835aff8fa3,2156,624,2800,2287,644,1663
b71f2f9b080c44d197af15ca71bbc14f,21df110576e95dc9469f4383cae2a0b8,0,859,564,2467,564,1608
2bdef24d1fd0e34a7600c8f80019123e,d8a806dc5d9de23c1f16bcedbf341a5c,0,517,1038,2628,1038,2111
340e8ee6df97e4bd5625997db35b803c,0ea640efb1744d00b452f3bec1deb31f,691,0,2012,2446,1321,2446
2000886d64b57070bd0ba6d6a0e298fc,3059b9ed5f4dbe5b1af256b2b5531b40,1887,0,2800,2604,913,2604
08239e66de23992a2b9292d7e3f71d0d,8a4697f7b814068355c335bc20edea50,1184,457,2012,2243,828,1786
a32528da615a00d8a2a07deb4cc4cbc7,5307c8543ff0c121f11fd3235d8d7930,0,0,877,3518,877,3518
340e8ee6df97e4bd5625997db35b803c,65d4f59c05d0f27a91841ac77d3913e6,617,0,2012,2812,1395,2812
2e795a72745f362a8d3f69e17c5cb616,d5fd25f463b8ba85130417405a7d4f0a,1672,437,2800,3518,1128,3081
26f9cf5d9a3d563c88a816f7a1abedaa,7814ef105bbc93199c8e2577a3205990,1747,181,2800,2716,1053,2535
6ace59d949f61fde3de6347a7de13320,bb1449007f7174c16bce24adb5f128f8,0,0,979,3518,979,3518
6461af61eeba4ca9183bf7e0b388e451,fc9752bcfd1e14b0b855460aed652c23,0,0,1154,3518,1154,3518
d069b7b6b07b8cf68e3831ddd82daa88,fbe2b6c42ad9a249960d147e957755bb,1038,0,2012,2812,974,2812
2000886d64b57070bd0ba6d6a0e298fc,5a81b119ee2a6bd1cc042fef59e0f207,0,0,944,2538,944,2538
6461af61eeba4ca9183bf7e0b388e451,9482a0d32b85123f738360855c2a3a3a,1520,0,2800,2505,1280,2505
340e8ee6df97e4bd5625997db35b803c,9ef2c3971dace73934f28c51d8f96b66,0,118,1307,2568,1307,2450
428b9dd4de181185f05dcbe6076f6dd7,e4e5358c3db7bcb76613c63517b6a2ef,0,0,944,2348,944,2348
45434494724000b904ddcc850be9e2bd,7c0740b67d74fa3e0fb20aae5678a30c,1937,504,2800,2805,863,2301
2bdef24d1fd0e34a7600c8f80019123e,ec5e6116594d4a0455621bd8ef686765,0,0,1075,2757,1075,2757
26f9cf5d9a3d563c88a816f7a1abedaa,ed5f1b2ffea10d1fe32aa3929ecae1fb,0,0,1083,2841,1083,2841
9646ed81a7a39fd220619d51f364115d,8d0fd63ae8cf864e3205aeeb37f1c22b,1050,0,2012,2431,962,2431
fdd2151b7f09e718e161a252add4655c,baca615e8f1523882f10809fcad5d752,2067,448,2800,2501,733,2053
d50f2add5fdc7799e5892c97d801eecc,23851b949111279370eba8beed40c16b,1358,0,2012,2542,654,2542
08239e66de23992a2b9292d7e3f71d0d,c47796aa0328185c6683c0a14d70347b,0,480,857,2416,857,1936
340e8ee6df97e4bd5625997db35b803c,39fa3b02cea4fb658ad010aa408e4b7d,0,0,1501,2812,1501,2812
26f9cf5d9a3d563c88a816f7a1abedaa,7a8fea89f9d0b9401301407d26fdda7b,0,426,881,3518,881,3092
428b9dd4de181185f05dcbe6076f6dd7,72ba999d7c3e3b0fc12700a8da6a18c8,1953,725,2800,2567,847,1842
2000886d64b57070bd0ba6d6a0e298fc,99afa546c964312caccb304f5e8f7a15,0,309,882,2318,882,2009
79e79d92682501743a50928c8bed4221,389a025c70998a20ebd1e0365496822b,0,900,917,2896,917,1996
428b9dd4de181185f05dcbe6076f6dd7,c9b9858948c0c5b1d396e14856996b56,1938,0,2800,2177,862,2177
b71f2f9b080c44d197af15ca71bbc14f,e441a1ef6fcd3548323c761aef279068,2115,0,2800,2133,685,2133
8f70a359d0130a439c60ebf1f8dfdb1a,38af25322365c22cf41618909a21132d,746,0,2012,2535,1266,2535
2e795a72745f362a8d3f69e17c5cb616,cf33d24cdb0449f45bace33c5ba9fa82,0,0,1007,2554,1007,2554
2e795a72745f362a8d3f69e17c5cb616,e2518e5ad8d139630727230b4cc4351c,0,566,1089,3453,1089,2887
90bdb495b39d53271b2ccf97cde90bac,15a47ab4144332ccee35214af3cd030a,1989,0,2800,2854,811,2854
067dc6d1aa40986dcd6b5522dfa37a6c,b6fb9aeeb267e270f96a62deb51f7866,1561,0,2800,2474,1239,2474
9646ed81a7a39fd220619d51f364115d,fbd87e24b543daa2d21a8f00e872a366,0,285,819,2812,819,2527
26f9cf5d9a3d563c88a816f7a1abedaa,4178ffa36ffe9808649b62752d17e94d,1710,0,2800,3051,1090,3051
2000886d64b57070bd0ba6d6a0e298fc,79d37e0be697cf6e3785ef31885e038e,2010,489,2800,2395,790,1906
2e795a72745f362a8d3f69e17c5cb616,45d4f4794587981ddcdd44819bb6170a,1699,0,2800,2641,1101,2641
2bdef24d1fd0e34a7600c8f80019123e,93df948927aee0eb97242f08ad382cb8,1672,894,2638,2936,966,2042
428b9dd4de181185f05dcbe6076f6dd7,473c7ef5edefd65ec864fdabc201dc45,0,931,922,2728,922,1797
af676efd34cae27940a8eb1261216ff3,94259f8ec8c0b6964a4f2f4e59afa0c9,2145,0,2800,3339,655,3339
d50f2add5fdc7799e5892c97d801eecc,0f8d6f32453fec23b1c80694f659eb71,0,0,832,2665,832,2665
08239e66de23992a2b9292d7e3f71d0d,e4382c0c7d2c7868c783edb197d4d1c7,1129,0,2012,2812,883,2812
08239e66de23992a2b9292d7e3f71d0d,0aa0de015c07a737cc31742f3da88799,0,0,917,2610,917,2610
d50f2add5fdc7799e5892c97d801eecc,303d24fd04a22b37c019d5decf36a00c,0,0,701,2812,701,2812
a32528da615a00d8a2a07deb4cc4cbc7,c8fc55b240f0f3dd7c075b367160f289,1924,0,2800,3518,876,3518
d50f2add5fdc7799e5892c97d801eecc,90ed7ecfd3b46a9d8e6345879c176d85,1132,0,2012,2378,880,2378
af676efd34cae27940a8eb1261216ff3,53d3245486b0f22e58872fca439fef51,0,0,688,2463,688,2463
8f70a359d0130a439c60ebf1f8dfdb1a,867e5cea0af6e7a738bc4ae78ac93641,683,11,2012,2260,1329,2249
fc45fd8203dadd8899344e52935ff069,d8d95e04ab1e5289823705bf36accbc6,1739,0,2800,2808,1061,2808
45434494724000b904ddcc850be9e2bd,61c51dbd2f556b06ac199c64375f857d,0,0,844,3518,844,3518
2eddff9a90428070b98f85f4c4b6c758,cde03e41e070aca46a92c1dac2e8cfb0,1501,0,2812,3293,1311,3293
2eddff9a90428070b98f85f4c4b6c758,0bb148da1406b21011529bb886c17e79,0,0,1236,2948,1236,2948
2eddff9a90428070b98f85f4c4b6c758,495ce169f8b69d07d00f88d0b35af1d8,1543,0,2812,2647,1269,2647
2eddff9a90428070b98f85f4c4b6c758,94e4d888c947abda8f191f8f74e5d7bc,0,158,1240,2687,1240,2529
634999b36acf864263aebc2bec04ed7a,5698fd26fd71eba62cf4f60fbaa376ed,1749,518,2800,2661,1051,2143
634999b36acf864263aebc2bec04ed7a,ce046cad8dce65e4a766ab2408132816,1735,0,2800,2550,1065,2550
634999b36acf864263aebc2bec04ed7a,ef6976c7985fa284e0766ac184bd0c1d,0,0,1058,3375,1058,3375
c8c15ec15da1e790db145fcc10c51f4b,402fc57605699519e7bc48e6a4b9b4d4,1728,0,2800,2875,1072,2875
c8c15ec15da1e790db145fcc10c51f4b,398d60afd0241f4b917f5ab9883b1507,0,0,1094,3031,1094,3031
c8c15ec15da1e790db145fcc10c51f4b,81dbdc740a1feefe33f8b6477f4f567a,0,483,1083,2973,1083,2490
496e990aac20212a0ef74a7531a6c68f,48069b395d9282df1a8567e87e502b6c,1461,331,2800,2699,1339,2368
496e990aac20212a0ef74a7531a6c68f,1fcb7edbcc6ee9efec2a19da58a74fad,1560,0,2800,2579,1240,2579
496e990aac20212a0ef74a7531a6c68f,ce4cbd6f019b513850603189efd8431c,0,716,1360,3518,1360,2802
c9bdd5998836a788f5340f81bcbfc0e2,ec9f126c484c07df7869c9e63e489d7d,1198,0,2012,2812,814,2812
ebe0a3f059759e24a8f3d682f503e2f3,5a9eec2f12900183b380536328c76ad8,0,609,797,3518,797,2909
6a77274d2391c35e0e4fcd8dbba32088,86d16a47cfcb661ae42790626f4df712,0,143,746,3518,746,3375
9d2385a0f5f9ffa4dd6848905db9c7ca,09d7fb08eff333902ba09209f9f99762,1864,314,2800,2432,936,2118
c9bdd5998836a788f5340f81bcbfc0e2,2bd096cdec34b5f08a9ca045dc5a68fd,1256,213,2012,2552,756,2339
9d2385a0f5f9ffa4dd6848905db9c7ca,c8e4fb395528e512effc3ffb4ccf2ad7,1906,0,2800,2380,894,2380
e7e69eadc67a12270a8069f4b02c0cf2,5337e408e30763da8255a24e6b4c23ae,888,0,2012,2812,1124,2812
ebe0a3f059759e24a8f3d682f503e2f3,9938b949e2760c49917df2ea0eac9d53,1846,0,2800,2915,954,2915
bfe7ecbd445b3cfbcb1b7a872f4bb50a,e17185d309cc76284a5d14935f498d8f,0,482,1186,2772,1186,2290
c9bdd5998836a788f5340f81bcbfc0e2,c5282a3c8f0492e049bb5d23651eb6d9,0,295,838,2545,838,2250
634999b36acf864263aebc2bec04ed7a,d30d4c59c4be8df4419c41f03b7acdb3,0,702,1050,2834,1050,2132
55a32578a5b57b5e95ca1dfd887fd8d9,f813ab19355c4857e52e5c0aef8f5244,1988,200,2800,2206,812,2006
ec1fadf403c91952df814a4c76b8655a,9e4756f6b333a6e76cddcba72a62737c,1692,0,2800,2595,1108,2595
ebe0a3f059759e24a8f3d682f503e2f3,f616f52d5a1a617c3c86752e899cb53f,1960,578,2800,2594,840,2016
64aeb566282cff0117cab194cb3605b0,1b75b18398b867ecd5b9a2052b319e80,1174,0,2012,2149,838,2149
bfe7ecbd445b3cfbcb1b7a872f4bb50a,64b6652e6ea00f428781d6e6e26ca902,1622,0,2800,2853,1178,2853
ebe0a3f059759e24a8f3d682f503e2f3,79dd1982d1cffbfae27808d09e2a7038,0,0,1009,2680,1009,2680
6a77274d2391c35e0e4fcd8dbba32088,8bae7fda2f175f04c55f1e6020a7878b,2142,143,2800,3518,658,3375
6a77274d2391c35e0e4fcd8dbba32088,16888ecf21147ac8567cd0582cba841c,1847,0,2800,3518,953,3518
55a32578a5b57b5e95ca1dfd887fd8d9,cb2d304eb6ff6a059014c6dc7d373d3c,0,370,920,2653,920,2283
e0d2978ba3e8b01349861aaeabaa98f9,2ac6ca9749e1620e1ade79dfdba0cf1c,1854,633,2800,2833,946,2200
64aeb566282cff0117cab194cb3605b0,24852a49c886200f8fe5e52945f702d3,1043,0,2012,2812,969,2812
d2e0bf1c2d64096a8d28ec4992e1a97c,b10839c063f86e20e8813fd38eb4391b,0,0,1095,2159,1095,2159
bfe7ecbd445b3cfbcb1b7a872f4bb50a,9a08baf7b933d5998841f363a0d797c3,0,0,1174,2694,1174,2694
e0d2978ba3e8b01349861aaeabaa98f9,1df290db9b7769fabaddab943891889d,0,0,1150,3518,1150,3518
c0142839603e635562fa50fd8aa6a10d,638c3952895a4b57fa0de8443be4825d,0,0,999,2537,999,2537
d2df932837bbafb9d7bd1bca86df397a,17127fbc6f1c700106b7ec6725012007,0,0,1233,2807,1233,2807
d2e0bf1c2d64096a8d28ec4992e1a97c,eb75b91d9ad63ab6d1d8af41bd4e242a,802,0,2012,2227,1210,2227
5dee2905bde8aec364d404989a82e0f7,72aa1ab4bd19ae3e00c3fb6912d6f37e,0,0,682,2508,682,2508
bfe7ecbd445b3cfbcb1b7a872f4bb50a,62cc2ceec440a5b16fa905e224885e68,1632,0,2800,2355,1168,2355
ec1fadf403c91952df814a4c76b8655a,5f123dc1ea25ffaeebb1c991cf09befb,0,343,1142,3518,1142,3175
9d2385a0f5f9ffa4dd6848905db9c7ca,8191c9680cec23b8e319daa5d8a80e2d,0,0,876,3518,876,3518
5dee2905bde8aec364d404989a82e0f7,eee89f4851167582dea69090cde4ad5a,2064,854,2800,2607,736,1753
e7e69eadc67a12270a8069f4b02c0cf2,d702a0bcbfd4796633e188394ca34a1f,0,0,1182,2305,1182,2305
d2e0bf1c2d64096a8d28ec4992e1a97c,60f62ca4daefd5e38745bed377f5f6ae,820,0,2012,2279,1192,2279
ec1fadf403c91952df814a4c76b8655a,da3188d9c843d536d48627df196976e4,0,0,1087,2783,1087,2783
e0d2978ba3e8b01349861aaeabaa98f9,53e17b68eb09793ab59c6f04e0a78229,1729,0,2800,3518,1071,3518
64aeb566282cff0117cab194cb3605b0,79f41bff45065a84276dd64bfe17a0ac,0,0,775,2812,775,2812
173a197ba55b94182f95d2efad6dbbc1,065dff9ca03865c90dc1d89bc0d51d7a,0,701,640,2330,640,1629
6a77274d2391c35e0e4fcd8dbba32088,f824ca07593cb971f4d2348de8def504,0,0,900,3421,900,3421
d2df932837bbafb9d7bd1bca86df397a,0027b96e3fad26237fc3b9a4e3764569,1589,0,2800,2840,1211,2840
ec1fadf403c91952df814a4c76b8655a,65f11e125499145be2eb5d7280693604,1797,495,2800,3518,1003,3023
9d2385a0f5f9ffa4dd6848905db9c7ca,7854ba729dac3b7098a3313118ba4f54,0,775,898,2932,898,2157
64aeb566282cff0117cab194cb3605b0,486bde1005ef9bf4cfe7a672db801a95,0,0,872,2812,872,2812
496e990aac20212a0ef74a7531a6c68f,94c97744a6dca6a5fc6cbee03bf2bbc2,0,0,1280,3518,1280,3518
173a197ba55b94182f95d2efad6dbbc1,1f7105d923abab8db6a92eaa796dea1b,2185,0,2800,2266,615,2266
2fb9183c646c9dc1756425a8a1558db4,1f3883a7f2fd611eeb03c9fcde33a020,2076,594,2800,2605,724,2011
c9bdd5998836a788f5340f81bcbfc0e2,d8ff6dd879ff4dcb35102645f969ca13,0,0,869,2812,869,2812
c8c15ec15da1e790db145fcc10c51f4b,545c39acdfb8ee282d7e70407113c245,1745,0,2800,2614,1055,2614
f1a0b76d43ee8af39c08afed19cc7e60,c9e0281536ea002ff96cd5c9f042d6b1,0,482,1498,2955,1498,2473
c0142839603e635562fa50fd8aa6a10d,8d08c60bd8b7912a800bf5d3a6fd3644,1901,576,2800,3518,899,2942
e7e69eadc67a12270a8069f4b02c0cf2,bf539c9bdbedcf6f79e4c635bc451b2b,900,251,2012,2448,1112,2197
2fb9183c646c9dc1756425a8a1558db4,592828b5301cf28ea54a8a29cd3e7691,0,437,761,2634,761,2197
55a32578a5b57b5e95ca1dfd887fd8d9,8aa2886ab08a981d414ae7558083f98e,0,0,951,2967,951,2967
e7e69eadc67a12270a8069f4b02c0cf2,eaf7866b583328b22daaed0fb5c0cd83,0,357,1042,2612,1042,2255
173a197ba55b94182f95d2efad6dbbc1,f13af0df8b6fdeecca7e36affeb56988,2190,655,2800,2253,610,1598
d2df932837bbafb9d7bd1bca86df397a,f69a084da2a1227903bd57c3de2ed9fb,1636,363,2800,3518,1164,3155
5dee2905bde8aec364d404989a82e0f7,62fd14b63f2f15d98ccda74ff0b0e4d6,2067,0,2800,2728,733,2728
173a197ba55b94182f95d2efad6dbbc1,cd5d20a4015bddccf5e49838b12e7d15,0,0,625,2184,625,2184
55a32578a5b57b5e95ca1dfd887fd8d9,5605e063ea5fabc543ffb897ef0fdcba,1871,0,2800,3518,929,3518
d2e0bf1c2d64096a8d28ec4992e1a97c,08abbb0799e144bff5b06fb1e6a16823,0,0,1170,2536,1170,2536
d2df932837bbafb9d7bd1bca86df397a,d3608e08c17fa916dcde1203ed5faf61,0,285,1186,2598,1186,2313
e0d2978ba3e8b01349861aaeabaa98f9,64e99947cfb282b5c17e447510317465,0,407,1081,2634,1081,2227
f1a0b76d43ee8af39c08afed19cc7e60,9b8ebdc440cf347b97f37879823e8781,1299,460,2800,2894,1501,2434
2fb9183c646c9dc1756425a8a1558db4,5768e00d3619dca3c20bb8dc1d52911d,2009,0,2800,3518,791,3518
f1a0b76d43ee8af39c08afed19cc7e60,f3b0fea6a174bcf86f8c1c2146d0d3c1,1192,0,2800,3518,1608,3518
2fb9183c646c9dc1756425a8a1558db4,82dc9bbdfd745c577355ae7545932e60,0,0,783,3518,783,3518
5dee2905bde8aec364d404989a82e0f7,b7f9fb7a1f89f0d0e0a4a5fc4c6d0f0e,0,809,712,2738,712,1929
c0142839603e635562fa50fd8aa6a10d,c3083ba804003f05b72f831eceba7740,0,299,1018,3518,1018,3219
f1a0b76d43ee8af39c08afed19cc7e60,eb658b60b23c3d849a0cfa33703cc40e,0,0,1463,2887,1463,2887
c0142839603e635562fa50fd8aa6a10d,c2c4d0acba7d0c4cc04271b7c5ad89c4,1885,0,2800,2639,915,2639
6f461358d3788da2148e345cb01c78c7,5303d45e31ed5f069964b4c47a0f1b55,0,0,1034,3083,1034,3083
b3a8f2ed4e13a4a9800a7b3c02eae1f7,4f87715571cede4af70a9255f49c00ea,1098,0,2012,2812,914,2812
6f461358d3788da2148e345cb01c78c7,0b66e8b390d9a201f32b9c77bc3d2fda,1823,0,2800,3518,977,3518
24cca9ee512b1c577b462c8ca2c658b4,49b8b2c3740380af162876a36af3e015,1985,464,2800,2549,815,2085
6f461358d3788da2148e345cb01c78c7,2df78568af7921286f3d48adf0e0f9e2,1924,523,2800,2718,876,2195
2f3c762e85bf739c71bec1dc91d09b1f,f0d5cb2429d4e92702f4ca55d4df98db,1474,463,2012,2206,538,1743
24cca9ee512b1c577b462c8ca2c658b4,b6e4dec2c972f8fd84ab01c598a8c8cd,0,722,848,2788,848,2066
24cca9ee512b1c577b462c8ca2c658b4,a11ab6564d71d0d151db86081537c98c,0,0,837,2457,837,2457
6f461358d3788da2148e345cb01c78c7,baf7c94a68bf95aea8bc26e1903c0ebe,0,359,1027,2636,1027,2277
7edb55f0a4df615782d08a3f27213cca,390a050e6f52e7848e2560c8fc1c03cc,0,0,965,2649,965,2649
93bf3757281434f45b6fb4002344d587,adfd2f55c1570a6c748a094e963674d7,0,764,839,2767,839,2003
7edb55f0a4df615782d08a3f27213cca,e582786f8479ce0c07fea2267700ce69,915,0,2012,2812,1097,2812
7edb55f0a4df615782d08a3f27213cca,5150be062b7a1488bae071210734e129,0,632,890,2812,890,2180
ecd472a00bba12fd1cc6eebd768cb3cf,8aa245295ef2338746a312049c64ee3a,0,731,652,2788,652,2057
f2957a3f3cf9bb97096f5804f7e0da5d,baf3d4c4a4a26faaf061d14ffc4dc4fc,2044,0,2800,2317,756,2317
a37cae880d59107068e7280fc36cae01,bc96c3a0421e69eb4c8f5ec6255a6de6,0,740,807,2663,807,1923
dcba69935f36122a725019b1297c44e3,1d835af15850fef068663017476ec540,0,0,967,2531,967,2531
f2957a3f3cf9bb97096f5804f7e0da5d,ff36d63780ba330b9d0e2a743ef54672,0,532,685,2332,685,1800
a4d1d0ea2b26ccc9def7620034111b49,488ade17cff5c69cf2b985a7c5f023e5,1915,158,2800,3203,885,3045
84956166f0f4ae803c2621ff4f255a3f,691d76d7c6b45b0950d0854b329480cd,0,0,713,2536,713,2536
a4d1d0ea2b26ccc9def7620034111b49,ede55dfe9881030b08a91f50497a35d7,0,0,965,2896,965,2896
94c7c7cb9abd2e3ca04c407ba0c37ba9,e6e2a081bd3ba1b2ea41e62a075972b7,2052,0,2800,3397,748,3397
a37cae880d59107068e7280fc36cae01,e457e6ddc134a6960a4511e730c47279,0,0,900,3148,900,3148
94c7c7cb9abd2e3ca04c407ba0c37ba9,cfc4a88fc1b3bb4255e4cc3bdb365e83,0,717,714,2623,714,1906
f2957a3f3cf9bb97096f5804f7e0da5d,cd6b79110038845325da37d694876474,1959,533,2800,2353,841,1820
84956166f0f4ae803c2621ff4f255a3f,73922f58dbe22146cbf86d0417d45d34,1991,787,2800,2628,809,1841
ecd472a00bba12fd1cc6eebd768cb3cf,7ba38b49536048de9cb9d075f5128311,2171,377,2800,2829,629,2452
84956166f0f4ae803c2621ff4f255a3f,97387a9f88abbbbb178c9ff18ed5f6c6,2007,0,2800,3518,793,3518
524684f24059c3e8ec0734eb1d06050e,80cfd7487bd19ea3d43b56ec9410a1f2,0,1216,842,3315,842,2099
a37cae880d59107068e7280fc36cae01,9bd4d7be187bded33030e6a24b28400a,2087,533,2800,2443,713,1910
ecd472a00bba12fd1cc6eebd768cb3cf,e6956204b54961ed05372b6b6e27d484,0,0,697,3518,697,3518
84956166f0f4ae803c2621ff4f255a3f,0c45237ed39ae233c368aa87f226a908,0,949,821,2827,821,1878
a4d1d0ea2b26ccc9def7620034111b49,16ca31025221e667fed627a26bb08f7e,0,814,949,3518,949,2704
f2957a3f3cf9bb97096f5804f7e0da5d,6927007c10986d2248c0b309752a7582,0,0,776,2160,776,2160
571e2132db7005421ab241f54439e7bb,36c648851613bb3b8a5a2d37f0d62ab0,0,0,1038,3518,1038,3518
571e2132db7005421ab241f54439e7bb,de9cc5f93034cd979c48197abd81270b,0,207,1060,2624,1060,2417
dcba69935f36122a725019b1297c44e3,b11ff0fd5d1bf455c66b2b6ae32b32bb,1032,0,2012,2564,980,2564
62512e855f4c3cdaae8d201512400c82,7354992f770e357adb227d492dfeb2a6,1027,0,2012,2589,985,2589
dcba69935f36122a725019b1297c44e3,6b293ef82b34507f6d96c4bcb4751b30,1029,0,2012,2812,983,2812
62512e855f4c3cdaae8d201512400c82,fa739cb3f3c07beb161400be1481b08f,1019,0,2012,2439,993,2439
24cca9ee512b1c577b462c8ca2c658b4,995689d3d8693e67899fa6f25fcccd0d,1989,0,2800,2409,811,2409
2f3c762e85bf739c71bec1dc91d09b1f,d48b4c0b976ebe7d012699cf45b4bfc6,1317,0,2012,2230,695,2230
3ddb7884a8796ad2ad19910d5f2dbaf0,d61397c864ba2ba90bbac3cb50013dae,1646,805,2800,3142,1154,2337
ecd472a00bba12fd1cc6eebd768cb3cf,151ab76cb9c24a0c29410869b5c109f9,2124,0,2800,3518,676,3518
571e2132db7005421ab241f54439e7bb,122145a9b85929c45ceddf4f40d464d9,1700,0,2800,3518,1100,3518
a37cae880d59107068e7280fc36cae01,c90e2c40a62389fd07f7069e7cee1da4,1915,0,2800,3518,885,3518
3ddb7884a8796ad2ad19910d5f2dbaf0,8a061c257d2f8ef8950932b5629d16ee,0,378,1104,2771,1104,2393
d79a9264a20a3a1b6abbcc235aa5e150,e01cab62f18468ede6bc87dc03078afc,1930,619,2800,3518,870,2899
f2b2d7d20e97526e1ce2e9b674d19640,61b7d796b410c6c13e094353a3a66266,0,0,803,2764,803,2764
2f3c762e85bf739c71bec1dc91d09b1f,c122ef9948cac83b25df6ebaf6995774,0,0,615,2174,615,2174
d79a9264a20a3a1b6abbcc235aa5e150,cfc395a575af9135e4e3379f8149987b,0,483,865,2626,865,2143
571e2132db7005421ab241f54439e7bb,c8727339f9bc93f6ec773a2bb62344d9,1841,598,2800,3518,959,2920
a4d1d0ea2b26ccc9def7620034111b49,b0d1c780cd12f20c73341927b94fdf9f,1849,0,2800,2743,951,2743
524684f24059c3e8ec0734eb1d06050e,42adba7a326b96a45f08adbfc2334a9f,0,0,886,2573,886,2573
54b296ecfba90b31bf647c843fa3f4b3,a5604de6e451ea8a4bd79cb6d682d7db,0,0,904,2812,904,2812
f2b2d7d20e97526e1ce2e9b674d19640,a7eb8bc20a7bf88bb2d5d7bc0caaef7e,1291,137,2012,2033,721,1896
f2b2d7d20e97526e1ce2e9b674d19640,f6e9490a8c590430a2121075d853dcd7,1285,0,2012,2719,727,2719
2f3c762e85bf739c71bec1dc91d09b1f,ec7f1743330c4687cc3b6b1ccca9741d,0,39,537,1855,537,1816
3ddb7884a8796ad2ad19910d5f2dbaf0,304fe4c00e33b146d80a83a5f2eb15bc,1597,0,2800,3518,1203,3518
62512e855f4c3cdaae8d201512400c82,3519c5e1e9293c9c70f6476a6a6f2f88,0,0,1124,2812,1124,2812
54b296ecfba90b31bf647c843fa3f4b3,c5d194e8b5e01817497ee6efd5e658c1,1061,0,2012,2812,951,2812
b3a8f2ed4e13a4a9800a7b3c02eae1f7,ae9eb51b31617c74fd7bf7be54e9cbe4,0,0,973,2812,973,2812
94c7c7cb9abd2e3ca04c407ba0c37ba9,299606516ed4dfeaf00867e111d75b99,0,0,735,2766,735,2766
7edb55f0a4df615782d08a3f27213cca,dbdb8e483b5c8475dfe7b21ca02f1488,1119,448,2012,2647,893,2199
94c7c7cb9abd2e3ca04c407ba0c37ba9,fdd0e420812d73d64a2a31f487bb277c,2096,955,2800,2887,704,1932
dcba69935f36122a725019b1297c44e3,ff506de367ee0a48e03e582258a53e70,0,0,968,2812,968,2812
54b296ecfba90b31bf647c843fa3f4b3,e3e34394601697ab0a50df10f7cf96a0,0,0,1001,2812,1001,2812
62512e855f4c3cdaae8d201512400c82,30ca5aaa1f9d381851f3211c5d1ca555,0,0,1058,2628,1058,2628
93bf3757281434f45b6fb4002344d587,68492d52f92cf160117a56829ca5e128,1881,0,2800,3518,919,3518
54b296ecfba90b31bf647c843fa3f4b3,101985d85559f9810ea03086dbbb0649,1134,76,2012,2812,878,2736
6a1fad6c2e35c31f9072830854c30a25,2fa4be46fe8ff05a9223a537d4d0e5cb,0,610,1045,2626,1045,2016
93bf3757281434f45b6fb4002344d587,99ec18068e2ad0ae5823e45c35d5c31f,0,0,919,2514,919,2514
f2b2d7d20e97526e1ce2e9b674d19640,3a13455f3c15a6fd18a163cd9f654d26,0,659,877,2591,877,1932
b3a8f2ed4e13a4a9800a7b3c02eae1f7,c67c630b865bdcad7f3649c0cb8a5aa0,0,0,867,2812,867,2812
b3a8f2ed4e13a4a9800a7b3c02eae1f7,3ea8d3fe8029a3d8196d4bc36f389472,1159,31,2012,2812,853,2781
c11a492c00de50377e2fddab5b1d935f,6a7440f7010317bde7c6cd2528a8b766,0,32,825,2379,825,2347
524684f24059c3e8ec0734eb1d06050e,fac592d2943f18fe0352ad177253ce14,1899,0,2800,2560,901,2560
3ddb7884a8796ad2ad19910d5f2dbaf0,6f16f7b1dbda94bda5cb8b4e772e820d,0,0,1172,3518,1172,3518
60577140bc7ea8da15f0001ee557f94f,c872a7a38eef269e8016dced125f4beb,0,762,1135,2931,1135,2169
93bf3757281434f45b6fb4002344d587,7ff38fa2ca6988d933ae83e9f5d4776d,2001,772,2800,2631,799,1859
d79a9264a20a3a1b6abbcc235aa5e150,b37f6f5aba101e009b91bef5d519b105,1878,0,2800,3518,922,3518
6a1fad6c2e35c31f9072830854c30a25,edfd8c60b625bf7b59cf290e03f16fb1,1849,779,2800,2744,951,1965
d79a9264a20a3a1b6abbcc235aa5e150,1efe50026666b8f484649fe8c19c5aff,0,0,866,2626,866,2626
c11a492c00de50377e2fddab5b1d935f,f5d8040e164cae3acc96fa29df0ba490,0,0,1001,3518,1001,3518
6a1fad6c2e35c31f9072830854c30a25,dc3bf7cff5e20966f640fda0ef50cb9f,0,0,901,3518,901,3518
16be466cd69339393ce55a1a342e5c19,e3e7de88e0641fed37726a7644957cda,1145,0,2012,2812,867,2812
16be466cd69339393ce55a1a342e5c19,60b9e0cfb973b159736b72db9f222898,0,221,874,2297,874,2076
c11a492c00de50377e2fddab5b1d935f,01d6b6bf71265f579179988bbcd2cd39,2018,713,2800,2510,782,1797
524684f24059c3e8ec0734eb1d06050e,d540bc4f6b69f4e91c2e090df4fce15f,1949,673,2800,2820,851,2147
60577140bc7ea8da15f0001ee557f94f,057d3b6d471d485342d484045bb667c0,0,0,1224,2754,1224,2754
6a1fad6c2e35c31f9072830854c30a25,22b39ed57095344056c3cb8af7b5240b,1979,0,2800,3518,821,3518
60577140bc7ea8da15f0001ee557f94f,8a0442e17cc384ccb8e27f799011f08d,1548,0,2800,2929,1252,2929
60577140bc7ea8da15f0001ee557f94f,474e01504a8218e5b3f9b243cc1de20c,1568,364,2800,2641,1232,2277
04732c2ba678fd115f6e333e4ab56597,5e02d8ecb49e1990b19b154b6dc1e7e0,0,756,700,2520,700,1764
16be466cd69339393ce55a1a342e5c19,a992c1c35f7a026e26a93be6afd5a264,1167,297,2012,2351,845,2054
04732c2ba678fd115f6e333e4ab56597,9f00f4ded1568276caafd66ac49a8d91,0,0,804,3078,804,3078
3b5e67dd7ada923afcf01542496d0408,f5bcf23e866d8aec3031c0ae3ee12b8f,1667,400,2800,2779,1133,2379
65022838c73670614f8abec57136ff7f,e930e60393f84e267e348ed76b458b1a,2005,500,2800,2393,795,1893
c11a492c00de50377e2fddab5b1d935f,282c3d563e31e34cd69c6a024c1ddbd8,1945,0,2800,3518,855,3518
65022838c73670614f8abec57136ff7f,43a9fff4ea9c4f7fa09d56c5583d2096,1962,0,2800,2520,838,2520
1b809cc506e916176047dce941e3af85,ea63ce0a82cb940d939783fad22049fb,0,501,739,2561,739,2060
65022838c73670614f8abec57136ff7f,b93ab1fb751d7b9dc1ca0983d4e25632,0,0,787,2558,787,2558
3b5e67dd7ada923afcf01542496d0408,85432def94dec866d9c21458da7cb466,1638,0,2800,2967,1162,2967
dc2b0e3eddf38d5c92254217ed83e8d4,4a3b6f3785029942effdae6b645660a5,1878,521,2800,3518,922,2997
04732c2ba678fd115f6e333e4ab56597,1952c576f4d4fdd08344012f31dce087,2069,0,2800,3518,731,3518
65022838c73670614f8abec57136ff7f,7bf1fc95f64f19ef9a171a38e6642aa1,0,847,772,2782,772,1935
e6550c898e5d48e4b4ceef980b0bcd8b,6b983f73b74bfcf9b8b640d3e0c0948d,2030,0,2800,3518,770,3518
dc2b0e3eddf38d5c92254217ed83e8d4,2cb9a0247cd4d54ee294c9bf18dc4fe2,1928,0,2800,3057,872,3057
619889664a1800098d890d1daec7fac6,232e11e26a24b9c964f24c75ff1f4b7f,1578,144,2800,2586,1222,2442
3b5e67dd7ada923afcf01542496d0408,d48f07ac4245a683b6ae3dd359a545af,0,404,1107,2708,1107,2304
4af7d2b4b7a7bb0b9314fe2c19378bfb,f91042ee17d6e3deb26b09fd12390c9c,905,0,2012,2415,1107,2415
607a92929d0f868a674a05b9afa37604,f215d90e11b255effa6cea6ea8d61ec6,1628,581,2800,2735,1172,2154
5af0da6a781a61065e8e7f0a943c9320,4959178a14b9159497f19509a2b9223d,0,0,727,2546,727,2546
6396ef162eb814c5847f5eab49b737ab,b90a0d1dcb980a1d0dd62562ae015305,1876,1054,2812,3580,936,2526
e6550c898e5d48e4b4ceef980b0bcd8b,fae8a8b26b0f20b232d2e709d1213b3d,0,0,771,3518,771,3518
f28504627f9d11c79daad1effdb17bd8,9da887fb277f00fe7a85f653eec5be78,1827,620,2800,2657,973,2037
e6550c898e5d48e4b4ceef980b0bcd8b,0588028fb6b69d49f4575317ab758fde,0,517,763,2605,763,2088
e6550c898e5d48e4b4ceef980b0bcd8b,18d032aac7fea45ba28917b4fb58b6b5,2044,271,2800,2500,756,2229
607a92929d0f868a674a05b9afa37604,a4fd9c441ab9c23fc3580884cbfcad00,0,402,1120,2620,1120,2218
5af0da6a781a61065e8e7f0a943c9320,18f431c6b9be044dd08dda147bbf754a,0,112,690,2059,690,1947
5af0da6a781a61065e8e7f0a943c9320,2d17ea74bbe41177ed04ff2ce8b01a4c,1248,0,2012,2325,764,2325
2c221da4841e3896ca604a81b64b0a21,4eb60dd99f7207e28e441e67bef199a8,0,437,743,2614,743,2177
5af0da6a781a61065e8e7f0a943c9320,c7f80789e4c280f06bf4d6e6770249ca,1257,170,2012,2289,755,2119
dc2b0e3eddf38d5c92254217ed83e8d4,910bd3fb34947c9f89ef999a6350b1ba,0,0,909,2436,909,2436
607a92929d0f868a674a05b9afa37604,08fba2418456d1cec5e8d502519c5a0a,0,0,1030,3177,1030,3177
1b809cc506e916176047dce941e3af85,d65e217bc321737696be463f935cdc81,0,0,972,2891,972,2891
16be466cd69339393ce55a1a342e5c19,1e94d35ab92e3323cfdaf0b51de9306b,0,0,940,2812,940,2812
f28504627f9d11c79daad1effdb17bd8,6832b7a46d63e690f0d11f9413db11e2,0,596,954,2603,954,2007
1b809cc506e916176047dce941e3af85,0e5fd02a7276dfb73a2d92aa92c97d5a,1907,518,2606,2460,699,1942
607a92929d0f868a674a05b9afa37604,94683bb4474c1d63c2b01a394d1bd580,1722,0,2800,2414,1078,2414
2c221da4841e3896ca604a81b64b0a21,146dbb0c13c3a1a0b407beb705c585c3,1902,806,2718,2846,816,2040
75b2eef816fe608734977d1ffb16eae9,d6a5571d179a36b0f8b0196a9d7fa69c,974,0,2012,2197,1038,2197
6396ef162eb814c5847f5eab49b737ab,fa145776ca39abb6df42fc67e519bcf3,1990,0,2812,2652,822,2652
dc2b0e3eddf38d5c92254217ed83e8d4,a4b142872c366534da1481982f8c15bb,0,389,879,3518,879,3129
619889664a1800098d890d1daec7fac6,77086cde83d1d6aefddfc72a5646643c,0,387,1156,2844,1156,2457
758aa9f0a1bc98be0b54b9c9b840e60f,9fb8a3f50f6864433a9e5c2ce2ab3e11,0,289,921,2611,921,2322
1b809cc506e916176047dce941e3af85,0a3555d4b3ed49fe2dd8b48d20601f4e,1795,0,2750,2849,955,2849
04732c2ba678fd115f6e333e4ab56597,035d5055f38abdc73dfd88858bb6de38,2185,974,2800,2662,615,1688
2c221da4841e3896ca604a81b64b0a21,4d368058306d1cd2966c703225afc6e1,1715,0,2686,3009,971,3009
f6648f91c1486446d8ad32cdd928d977,6d9dc7a5dd8bdbe82eceb4424ca04cf5,0,544,1007,2765,1007,2221
758aa9f0a1bc98be0b54b9c9b840e60f,60e81ff78836bc1cadfb0bb97d5b53b3,1986,557,2800,2645,814,2088
6bce95433a6546873452964a135980b2,17bd8e20bd7eeba9e812b888604bf2b8,0,748,1025,2964,1025,2216
f249f34c1e3c1d44ed563b8569166d30,bcc1886674251908cce0c47ecbfd25c0,0,885,716,2580,716,1695
758aa9f0a1bc98be0b54b9c9b840e60f,601c1dccfcfa0ddd302fb7abf691386c,1943,0,2800,2764,857,2764
f6648f91c1486446d8ad32cdd928d977,ed6643439c5e0ec39ec171b579188dca,1840,496,2812,2680,972,2184
3b5e67dd7ada923afcf01542496d0408,3ca5d89580717efda4fa491da1b4b8ef,0,0,1161,3139,1161,3139
4af7d2b4b7a7bb0b9314fe2c19378bfb,3afe0c2914beffdf786e7d5d84909d80,867,0,2012,2812,1145,2812
619889664a1800098d890d1daec7fac6,5698e96725f9a644c73aad21b9d689fc,1554,0,2800,2650,1246,2650
6396ef162eb814c5847f5eab49b737ab,e755a280f54477e52e10ce6ebb0b46e2,0,614,951,3580,951,2966
98294cc2af0394d59018579374440684,e4ca6067288900530a0a942c4162dc15,2079,0,2800,3518,721,3518
98294cc2af0394d59018579374440684,cc0547af2bb154ea66ddb8de108c3c4f,0,811,616,2431,616,1620
98294cc2af0394d59018579374440684,6a4c282bf656742b660d5b91a0139bb9,2053,665,2800,2368,747,1703
0928a31ce88182b08f89a6aa72354037,ec955616da955b61f163d2375eea33d5,900,159,2012,2450,1112,2291
75b2eef816fe608734977d1ffb16eae9,dab14f670e5e68b36573f25ea31c0e9a,0,220,1033,2812,1033,2592
98294cc2af0394d59018579374440684,605e63c50c4d4a34fc44cf758e4b620b,0,0,799,3027,799,3027
758aa9f0a1bc98be0b54b9c9b840e60f,d38e3b02abd2b9db4fae89ef2927cdeb,0,0,887,2757,887,2757
9c506b75a066dc7a753de95cb2ab7588,070673c306a0fb0ef811f8b22f96fbf1,0,698,816,2713,816,2015
467fa7cb7dd281a691a40b22a78a35c6,84132beb6225c6e3df978ecf47b023db,0,0,892,2633,892,2633
f6648f91c1486446d8ad32cdd928d977,6e66c1b763178000c4742194dda4f8ad,0,0,1089,3580,1089,3580
75b2eef816fe608734977d1ffb16eae9,2c47b7c3864f531485f0c45061772c61,0,0,1024,2812,1024,2812
467fa7cb7dd281a691a40b22a78a35c6,d757c8571d6a930dc321ccc1f1df3aae,1252,0,2012,2605,760,2605
6bce95433a6546873452964a135980b2,50725ccb8988cd2cee4521f9ea0b7021,1739,463,2800,2698,1061,2235
6396ef162eb814c5847f5eab49b737ab,935709f73fb910a8009a8ca377a3ce4d,0,0,967,2507,967,2507
f6648f91c1486446d8ad32cdd928d977,c07b5d9d6e2d0449dde2b34a432fc3b3,1680,0,2812,3452,1132,3452
2c221da4841e3896ca604a81b64b0a21,a1649d9c83786b62d6fa82d76341872d,0,0,1005,3069,1005,3069
f28504627f9d11c79daad1effdb17bd8,a9f55a9cbf2a63aeae500fd183321538,0,0,1024,2599,1024,2599
9c506b75a066dc7a753de95cb2ab7588,ea4558d72397cf5713783f668b5efaa6,1969,681,2800,2573,831,1892
0c74dbdbe72ae034c4a429da7b60f55d,43c836b3eebae01fe2347b6d4fba0752,1391,430,2012,2074,621,1644
f249f34c1e3c1d44ed563b8569166d30,d640ee1da111411abf49b1fe3c235a50,2133,507,2800,2162,667,1655
0c74dbdbe72ae034c4a429da7b60f55d,15988057d6e70ed0751384b82dd7f2d4,0,276,695,2177,695,1901
87f322198db11b86e20ad96ea29eb010,0d7b436c03a601820d32511ec3dff8b2,0,0,1243,2568,1243,2568
4af7d2b4b7a7bb0b9314fe2c19378bfb,3ee9af56c9ba919d5399c55db99c0b0b,0,0,1126,2812,1126,2812
4af7d2b4b7a7bb0b9314fe2c19378bfb,c55d54fead0c9015d1fd21a7e0a63a6d,0,0,1230,2569,1230,2569
9c506b75a066dc7a753de95cb2ab7588,e6d36785309f9f0e21046406b937c374,1928,0,2800,2531,872,2531
87f322198db11b86e20ad96ea29eb010,82394d7d4efb3f66fff13da16079cf5b,1556,0,2800,2555,1244,2555
75b2eef816fe608734977d1ffb16eae9,a8ee04f2197f0ccc1eb61c3e3a8602a5,1049,0,2012,2812,963,2812
87f322198db11b86e20ad96ea29eb010,319afd6f0a8b2c069ba2162ea2c88dac,1738,494,2800,3518,1062,3024
89046cd5830aaae611ba05b53c6c5183,e1e392f239927f7ad494ec02411b9458,1437,163,2800,2572,1363,2409
89046cd5830aaae611ba05b53c6c5183,6f4ffdc36c9438bed395c6f689565d21,0,0,1116,2840,1116,2840
0928a31ce88182b08f89a6aa72354037,a67700794287a21aea3695ccab16311f,0,296,1069,2476,1069,2180
5ac47e2d53dbb11613a334f954254357,da1be668c202d9047a9d64fb94046be7,0,698,854,2650,854,1952
71dc86648e42648e67b48cbfb4b7dc19,cf233e06110781672644ed1c44186d44,2036,274,2800,2060,764,1786
89046cd5830aaae611ba05b53c6c5183,b759a9c8e71bc722d0731cf929942505,0,730,1055,3005,1055,2275
89046cd5830aaae611ba05b53c6c5183,a78447952e261f44578078cf9da2ce96,1601,0,2800,2693,1199,2693
6bce95433a6546873452964a135980b2,411c5334469c36b5b54ceb407184031d,0,0,1034,3518,1034,3518
467fa7cb7dd281a691a40b22a78a35c6,2e285b26aa787cd6658cdee2e74c5971,1214,191,2012,2442,798,2251
5ac47e2d53dbb11613a334f954254357,92f85c87c948047390742331cde6a361,0,0,847,2963,847,2963
e800cb6eb8da8656db0fc27aed6eab80,38e14db239351878c57fa9c80a4a3daa,0,686,1006,2737,1006,2051
5ac47e2d53dbb11613a334f954254357,10ae520f204cf8dc33018dbd58480390,1951,871,2800,2743,849,1872
6bce95433a6546873452964a135980b2,a831d1c2973f6288ae61c930ce9e8d57,1754,0,2800,2563,1046,2563
74c184ab07d979e5f737216599b88e66,b9748fe1cadd72f9b3f9cc270f89c8cd,0,741,1029,2537,1029,1796
9c506b75a066dc7a753de95cb2ab7588,d4c64e4296201c6713f31b8d6feb26da,0,0,867,2658,867,2658
0c74dbdbe72ae034c4a429da7b60f55d,adc67f8ec079103df62216cad195d13e,1320,0,2012,2257,692,2257
5ac47e2d53dbb11613a334f954254357,b952cdd8917af46014689b7ab9580eb4,1977,0,2800,2708,823,2708
71dc86648e42648e67b48cbfb4b7dc19,50ae0e050efc71a600df535f1a419dd0,0,0,680,2774,680,2774
71dc86648e42648e67b48cbfb4b7dc19,5912887fea3cc26dce8cc3405c06488f,0,419,777,2214,777,1795
0c74dbdbe72ae034c4a429da7b60f55d,74e93280051b7717a44e90641e92d463,0,0,786,2295,786,2295
7d5fc44f9f9cd7085f0ad1bd210cd80f,6aedd3150d1849135e0c014b6e50d85d,0,169,1022,2428,1022,2259
0928a31ce88182b08f89a6aa72354037,b24673207fc0e6240afd093ad97421fb,811,0,2012,2573,1201,2573
f249f34c1e3c1d44ed563b8569166d30,8811d14043a0b5a883e0f9ed5ed11d82,2146,0,2800,2255,654,2255
cd8fafe98ae70d39e15d1b690439e302,7f5607b198d72bd04254b5dcfd733da3,2039,875,2800,2675,761,1800
496f0d73a61053155b445e83bdc68905,27187bb8def94b620a32b0afc253dade,1830,512,2800,2717,970,2205
619889664a1800098d890d1daec7fac6,0f669a6e215d8aab3700761a62dc5282,0,0,1235,3393,1235,3393
496f0d73a61053155b445e83bdc68905,f9756ee50a9fa4c3f726933c8c8b9d51,1715,0,2800,3279,1085,3279
7d5fc44f9f9cd7085f0ad1bd210cd80f,064a87d91e72d953c3a916fc6e71426e,1874,140,2800,2204,926,2064
f249f34c1e3c1d44ed563b8569166d30,0439cef9d78dd8bc8164b6a316caefdc,0,0,738,2225,738,2225
7d5fc44f9f9cd7085f0ad1bd210cd80f,f1d41c69a58d5818396aec17167a632c,1861,0,2800,2760,939,2760
e800cb6eb8da8656db0fc27aed6eab80,fbe15de9de96ed3065f98e97ff5d2096,1824,647,2800,2702,976,2055
5ccc283039bd9c67ed1f278b2d07bb2b,1e96e15449579b04c24ff111eff97972,1364,532,2012,2274,648,1742
74c184ab07d979e5f737216599b88e66,d19ce4c52b9cdd12e2852c7549ae083c,1539,0,2686,2662,1147,2662
b306bdb2fa3bb2890ba420d32b3f8fcb,05457d41703daed7f9bb5e70ae7914be,1839,0,2800,2703,961,2703
b6902a3837aeafd06591962217eb1ca4,ee67ad3aa555f9783bf634289f921bc8,0,0,981,2685,981,2685
cd8fafe98ae70d39e15d1b690439e302,156111934caa4cea72848cb5fedd327d,0,0,732,2349,732,2349
0928a31ce88182b08f89a6aa72354037,0e31855d02eadf8670ffaeeaeddbf229,0,0,1200,2639,1200,2639
cd8fafe98ae70d39e15d1b690439e302,1273f4eb06ec24cad28f58d69d7ac4d2,2078,0,2800,2373,722,2373
74c184ab07d979e5f737216599b88e66,fd66e0d39d7dc217961ff7136b9c8a1d,0,0,1026,2650,1026,2650
a9b660b8266fab27e192128667f3828d,7de459042f43a787eecc761c4d311697,1814,6,2800,3340,986,3334
b6902a3837aeafd06591962217eb1ca4,0036e73b1bc4c5ec34779d0af16ed812,0,213,984,2505,984,2292
5ccc283039bd9c67ed1f278b2d07bb2b,35d78f8d2ef01fa3531244b9faf1936e,1247,0,2012,2812,765,2812
5ccc283039bd9c67ed1f278b2d07bb2b,801477ff42d24bc7e0c4e10e92f926f2,0,351,801,2196,801,1845
e800cb6eb8da8656db0fc27aed6eab80,5250695f45cbaa01ee77757088e9b0f6,1720,0,2800,2497,1080,2497
496f0d73a61053155b445e83bdc68905,eb13c6f41250862079481153d58af903,0,513,937,2665,937,2152
b306bdb2fa3bb2890ba420d32b3f8fcb,b163d5081f17dcf491d3364762732154,0,147,969,2525,969,2378
ec755916f14c0855c7c0a9a5e5c5cf4a,194b24263d11adc0128da9953588359c,0,491,906,2880,906,2389
74c184ab07d979e5f737216599b88e66,0fca5b2b319e3178ab87d833f92cb5a6,1561,761,2654,2708,1093,1947
e800cb6eb8da8656db0fc27aed6eab80,57058c319b517071b398d03a14101239,0,0,977,2517,977,2517
5ccc283039bd9c67ed1f278b2d07bb2b,878eeba350097876cb5c4c097b13c666,0,0,860,2548,860,2548
467fa7cb7dd281a691a40b22a78a35c6,a75f48a0d6fd8a814b9f1622c65716ec,0,496,817,2348,817,1852
0fab8097f55f21d4bfa7667250122312,c49c6523178e4cdd5c79c35dc5afb106,1119,199,2012,2516,893,2317
b6902a3837aeafd06591962217eb1ca4,31f00e3133fbc0368ebd450dfcaec5d6,1045,0,2012,2374,967,2374
ec755916f14c0855c7c0a9a5e5c5cf4a,1f30c06264632d8c50a7339cbded4c1b,1894,583,2812,3002,918,2419
71dc86648e42648e67b48cbfb4b7dc19,6914e0cd3260d95357d6a4aeb351504c,2079,0,2800,2631,721,2631
0fab8097f55f21d4bfa7667250122312,8e438780985d2cf1ed7c9478619f507e,1037,0,2012,2812,975,2812
d1d6bdea7314e2699bc8f40c6259029b,ff2fb3814868065fcc5989cb31342de0,0,0,836,3518,836,3518
2f7444b2896601f0652c6ff6858632bc,c9fc57afb8940aabff5c503412ee37ab,2023,621,2800,3194,777,2573
cd8fafe98ae70d39e15d1b690439e302,8c22bbb8ba00c3eddba6149bd639fa42,0,866,766,2662,766,1796
a9b660b8266fab27e192128667f3828d,ee4d7564504e00689d8bdd4e3568bf56,0,399,1003,3483,1003,3084
1cb30b99a18a99f7b11fb3f13328022e,225b5a16d861d56fa04b9ec5b3e63b9d,0,333,1155,3518,1155,3185
1cb30b99a18a99f7b11fb3f13328022e,c22751fbacf0b835abbfbd0a37898cc6,1542,0,2800,3120,1258,3120
d1d6bdea7314e2699bc8f40c6259029b,4590cc56dc7695a1d58c7b8af4623884,1858,0,2800,3518,942,3518
a9b660b8266fab27e192128667f3828d,c06feccd3c78218d2d42879caf04c920,0,0,1071,3005,1071,3005
1cb30b99a18a99f7b11fb3f13328022e,2f74dc922f1d33c3efb7dd3773abcd64,0,0,1091,2511,1091,2511
d1d6bdea7314e2699bc8f40c6259029b,0437d84fd533a5b1a95592cc2c6b40d4,0,1112,712,3139,712,2027
1cb30b99a18a99f7b11fb3f13328022e,57f8bc6ac0bf1c5c20d00e5fb664ba61,1542,407,2800,3518,1258,3111
a9b660b8266fab27e192128667f3828d,d7d4743ba20bb32cb10790bf44975d51,1808,0,2800,2925,992,2925
b306bdb2fa3bb2890ba420d32b3f8fcb,ffd951bc4cd3d91f8994d2d1d36f038d,0,0,936,2560,936,2560
ec755916f14c0855c7c0a9a5e5c5cf4a,5f4d6a2a1c739c9a772f78f57e7825d6,0,0,988,3580,988,3580
0fab8097f55f21d4bfa7667250122312,eaf9352abcc67846d1f69f4d21474e2f,0,140,932,2574,932,2434
496f0d73a61053155b445e83bdc68905,454f6d3a40bfa3baff2ce66e8b91c24a,0,0,1075,3518,1075,3518
b6902a3837aeafd06591962217eb1ca4,fc0fa0836ac9375661229d9a82172fbb,1083,0,2012,2694,929,2694
d1d6bdea7314e2699bc8f40c6259029b,bdcdd0230911d65d5b52efc2a783e5ce,1979,608,2800,2816,821,2208
0fab8097f55f21d4bfa7667250122312,43a32df43087ababd713b27ab53f2632,0,0,1113,2812,1113,2812
f28504627f9d11c79daad1effdb17bd8,114a533e13ad3e3c853c2c0ee5fccb76,1777,0,2800,3101,1023,3101
2f7444b2896601f0652c6ff6858632bc,e2281323509657510df49c4f4c452205,0,437,807,2624,807,2187
d7baa9259fe928ebff38764dcf837e29,3418a6f3ca7e683912103a37e0ae9485,0,0,1412,2592,1412,2592
d7baa9259fe928ebff38764dcf837e29,af4f8dc453f4ea39ce4e6212987ddac3,0,0,1405,2591,1405,2591
87f322198db11b86e20ad96ea29eb010,8c65a1d8e2429e17ca834ee1866af246,0,159,1023,3498,1023,3339
ec755916f14c0855c7c0a9a5e5c5cf4a,e6b2d96c69b99c63fe5e30c7731f8ffd,1844,0,2812,3580,968,3580
7d5fc44f9f9cd7085f0ad1bd210cd80f,b4a5b09c489408afb2e40b902579d741,0,0,1048,3467,1048,3467
2f7444b2896601f0652c6ff6858632bc,53a082a522f4e13f6a75c9aca8c42477,1877,0,2800,3518,923,3518
d7baa9259fe928ebff38764dcf837e29,6b64556a2bc0af64872561684d00b1e6,730,0,2012,2587,1282,2587
2f7444b2896601f0652c6ff6858632bc,bdeee7eef637bcf279b46920a05bb67a,0,0,979,3518,979,3518
c0c5128d14a98e97346abd59ee902ff9,fc04bd11487eb411176c850aed8b27ae,1987,0,2800,3518,813,3518
c0c5128d14a98e97346abd59ee902ff9,2a43653b96ae0713f925056ce2ec8f7c,0,637,939,2858,939,2221
d7baa9259fe928ebff38764dcf837e29,aaa948401408dd7c6b0f97a35427f19c,600,0,2012,2592,1412,2592
71967351242819446f712f438faa43a8,f3c5d674d372a3d7d4d86f3ef7fb43b3,0,237,1060,2649,1060,2412
c0c5128d14a98e97346abd59ee902ff9,1cea6fd6149266e65abfcb0f4c46c582,0,0,988,3518,988,3518
71967351242819446f712f438faa43a8,0b531444d017e50b510f09a23ec0a8ba,1927,486,2800,2674,873,2188
c9cffd3d3331a4399f78ead26e5373aa,0773132bf1cead4c008d079d22a5a62a,287,15,2012,2812,1725,2797
8bf4f9d531f68299f8d8f9d033bfa5b3,73f26353ddd5e31dc2926143a99c9d58,0,598,1036,2666,1036,2068
71967351242819446f712f438faa43a8,ca5e90d75197751fb3c866e32b54d23a,0,0,1088,3438,1088,3438
c0c5128d14a98e97346abd59ee902ff9,a9bbfd6677e68e510c41a45fbd89f796,2092,789,2800,2812,708,2023
4b521b8fd6faf100121b2285e4cf2c69,05788e8b762aca34352995c45cffb3b3,1885,0,2800,3465,915,3465
8bf4f9d531f68299f8d8f9d033bfa5b3,735a467ee2c8673392fff2e0d3126277,1710,565,2766,2880,1056,2315
8bf4f9d531f68299f8d8f9d033bfa5b3,1edafb4bb142562da9c6d0ebba585b83,0,0,1127,3230,1127,3230
71967351242819446f712f438faa43a8,d37d4ccec89d26feb12d3e4efe9830a5,1733,0,2800,2824,1067,2824
3106693db4844438acd50905160269be,f10fd3d2f6e4fb20bf3c2fec4bf54085,0,485,901,2530,901,2045
a38bfac199aa9ed0e533987b203277f5,00db232e4a169350d8531dd3cfb7cab5,0,0,978,2554,978,2554
8bf4f9d531f68299f8d8f9d033bfa5b3,693ad1d74e31fd0ed5a5bcf79cb1f307,1638,0,2734,2896,1096,2896
b36a99200ad3068703462c507e9fef73,2d502d4ffcc2619e6b01f904d52de12e,0,0,966,2776,966,2776
c9cffd3d3331a4399f78ead26e5373aa,c8fd7f2a663b7915155b32f9df139b35,359,0,2012,2812,1653,2812
495489bd6b04d729f3df974a65c3d8b3,a47ff2eb6994c441ce33b835496ab094,1846,0,2800,2961,954,2961
b36a99200ad3068703462c507e9fef73,9e29ea839647fc4a011b270d0ab9391e,1681,210,2800,2441,1119,2231
a38bfac199aa9ed0e533987b203277f5,dcdc4d4026351131349ab422694d599c,1141,434,2012,2541,871,2107
c10d961911e390d1b7262e787a468d02,f14aaca12a7ce674540138b3eab86ad7,0,0,1057,2921,1057,2921
4b521b8fd6faf100121b2285e4cf2c69,9c60dd8e2a3e22ac1b5448ca1777334e,0,0,936,2946,936,2946
495489bd6b04d729f3df974a65c3d8b3,5ebc720b9892a10a3b5d79ee4ef5c5c5,0,0,1040,3518,1040,3518
495489bd6b04d729f3df974a65c3d8b3,636fbcff17cd365a3b23da176b82bce6,0,247,945,2693,945,2446
c10d961911e390d1b7262e787a468d02,ca8385ed72f92968c329b5b6a31c598e,1909,567,2800,2611,891,2044
a38bfac199aa9ed0e533987b203277f5,93c682fb3713400ebfbf50b53e5bac0f,0,239,894,2567,894,2328
71c0ea1e756931e3a9ca070b3053fcfa,d31bf0b2d2f53319d6163a502e6165f4,0,0,960,3442,960,3442
495489bd6b04d729f3df974a65c3d8b3,0c2e9d3533db45126ab6d74c61307c85,1887,147,2800,3331,913,3184
3106693db4844438acd50905160269be,03ffb4a465bbf5ed4fcd1f3984a22e4c,1872,0,2800,2605,928,2605
30c7a7e7006e2accae013da275f4c13d,77a69a9e342a7461bb4e66467a274cb5,2055,485,2800,2556,745,2071
29b5859b81f554076108e0322ec03a95,0dfc464a9cc4082c9623d7086f81fb27,1033,0,2012,2812,979,2812
29b5859b81f554076108e0322ec03a95,bdef2a4fa1422897df832c0054184e0d,0,0,916,2771,916,2771
71c0ea1e756931e3a9ca070b3053fcfa,4656059ca159495e2cf057466d5b14a3,0,0,836,2610,836,2610
c9cffd3d3331a4399f78ead26e5373aa,14a0f94be54b0df54e0a6fc29426f59a,0,0,1733,2812,1733,2812
c10d961911e390d1b7262e787a468d02,0e222503b19ea9e7cb0bee98fa7769e1,0,641,861,2784,861,2143
672ce945dee45db7fdb35088bf8cd2e6,f5399407146b5a0994f8e303c7ff47ed,0,396,931,2435,931,2039
b927d189be4fcf2cadfbb6d30fbd6bca,77f006462a25e16ff8fbf514ca3d4331,1874,0,2800,3518,926,3518
71c0ea1e756931e3a9ca070b3053fcfa,07a645615b68f9dbe9d940ae70cf995b,1742,0,2800,2824,1058,2824
71c0ea1e756931e3a9ca070b3053fcfa,5b841af1820c5047a5df8ed651411d88,1771,256,2800,2510,1029,2254
8e1fe4584f868271dce3e84e59b65388,ea7ff5ee37aed485b8971ae440d555ac,0,572,798,2812,798,2240
8e1fe4584f868271dce3e84e59b65388,f01ab2459e5071934ab2a950f21b2c59,1150,290,2012,2812,862,2522
b927d189be4fcf2cadfbb6d30fbd6bca,8b3c0e91afb8323702a9ccb18a130a74,0,432,879,2620,879,2188
95975fd98a69956a7740c7eeb777040a,618e436cb2ac69757f8496dc80f3ea75,0,0,681,2566,681,2566
ecc9e07f279e6d39f71d4fc179a2f924,d716b11d66fc1bc8d8aef99d9fc4a6f8,0,0,922,2812,922,2812
672ce945dee45db7fdb35088bf8cd2e6,60a54a8b15b73a3a27bb0aed38092306,1740,0,2800,2630,1060,2630
ecc9e07f279e6d39f71d4fc179a2f924,85f5c23267493b6e25b0407cbbf8ce2f,1149,189,2012,2812,863,2623
d905c0b554c08a9b22898530573128f7,f3bd69f5e750c049f7452a8cc2f31776,1983,0,2800,3518,817,3518
672ce945dee45db7fdb35088bf8cd2e6,6b605308aa21a34441107a1ec89ac527,0,0,956,2540,956,2540
95975fd98a69956a7740c7eeb777040a,6604f12f8ac63243d89222169a7ac774,2278,477,2800,2289,522,1812
29b5859b81f554076108e0322ec03a95,45d6afe979455f3767d033f2c716e022,1087,0,2012,2812,925,2812
8e1fe4584f868271dce3e84e59b65388,d7815929d503a461d7f7e25a7a18bd86,0,0,1007,2812,1007,2812
c9cffd3d3331a4399f78ead26e5373aa,679380be489995c5438a700f3b9b0fe3,0,40,1764,2812,1764,2772
29b5859b81f554076108e0322ec03a95,4e51833967f561e92cc31ba97451fdfb,0,896,894,2812,894,1916
8e1fe4584f868271dce3e84e59b65388,4b414955560432e81d46871de460139a,1177,0,2012,2812,835,2812
c10d961911e390d1b7262e787a468d02,56e18f81d26bc6f56ec493b610963089,1858,0,2800,2867,942,2867
3106693db4844438acd50905160269be,6e5c13638fba22df2cf6d9cd139e7aee,1834,841,2800,2705,966,1864
d905c0b554c08a9b22898530573128f7,578b92a1a5d3c610bb5be1e57b3a821d,0,586,764,2810,764,2224
3106693db4844438acd50905160269be,d985fb85aac2efa8f41d00920256b7b0,0,0,808,2415,808,2415
a38bfac199aa9ed0e533987b203277f5,5b1b94bed7ce65b81802487d829c2095,1102,0,2012,2452,910,2452
d905c0b554c08a9b22898530573128f7,fb0a04a691ef155e19061d7a83f21fc2,2037,0,2800,2657,763,2657
ceb2804e636f649f4266b18f32835fbe,7efb5f43f1f49963ce0d1a37dff3c912,1639,0,2800,3199,1161,3199
30c7a7e7006e2accae013da275f4c13d,7fb9181e0f69329c2487ff94b5586980,0,446,845,2811,845,2365
ceb2804e636f649f4266b18f32835fbe,264c80998c37d9d2764771a64792130b,0,0,1131,2718,1131,2718
ecc9e07f279e6d39f71d4fc179a2f924,ae051eeaf4c8d76d78d254dc62d57355,1085,0,2012,2812,927,2812
672ce945dee45db7fdb35088bf8cd2e6,d19fe854519ec4b6ded12a9bad183eb4,1783,447,2800,2250,1017,1803
f66d8acdabdb94824a4075e524eed08e,6a6791777247d4f3bbbd7572af3162eb,0,263,788,2626,788,2363
439e1f994fe010feb04b891db651ae55,29c0834b48a96abe9d002778c55e698e,1704,289,2800,3518,1096,3229
30c7a7e7006e2accae013da275f4c13d,cf0bc35ffe14acdab37017934fab3a3f,1858,0,2800,2814,942,2814
14dca312c4b9d731c07e42cf435e5b4c,d26f1241e95042c9dc8be1207bddafb0,1826,428,2800,2896,974,2468
439e1f994fe010feb04b891db651ae55,75065fad738a275c9c27526ea71a14b9,1772,0,2800,2585,1028,2585
14dca312c4b9d731c07e42cf435e5b4c,b01bffbc6efab48cc23f5662ebc9670c,0,0,1150,2794,1150,2794
439e1f994fe010feb04b891db651ae55,7eccd476737a895e31465ee4cd9e7fd9,0,739,1095,2894,1095,2155
8549a3b66a0e594197e14daf02ce7b59,2abfb65e770933c229b9324fdb674105,0,530,746,2549,746,2019
f66d8acdabdb94824a4075e524eed08e,78aa799955d7637623851421106a73af,0,0,750,2935,750,2935
ecc9e07f279e6d39f71d4fc179a2f924,ad2bc1a4c736f0d0b8544964d0c5b60e,0,266,810,2200,810,1934
3f14fe08772a5b823f28886ce5d36e70,b797e191904a56a28e653b4f849fb7ff,1858,475,2800,3239,942,2764
d905c0b554c08a9b22898530573128f7,78aeac1d8e3dfad0c88a15d4e88c8b0c,0,0,814,3518,814,3518
f66d8acdabdb94824a4075e524eed08e,5784c06e72436ddf37f9a4da4b8b16e1,2021,0,2800,2499,779,2499
ceb2804e636f649f4266b18f32835fbe,43d1cf0f6bdd1654fe8c1cb0a5dc6c4d,0,0,1160,3200,1160,3200
439e1f994fe010feb04b891db651ae55,2f69dbe3765f2e7352bbce3c821ab85e,0,0,1083,2726,1083,2726
c0ea43e5ccc3cfefde1cb6d76bd82b3e,dec4540f406b4e556983b4f76504ee30,0,455,951,2862,951,2407
3f14fe08772a5b823f28886ce5d36e70,b32de77a62e7336b51e4f477731e4855,0,785,981,3518,981,2733
f3dcf7ab2efb8ff49d3df3c139bce8ad,7a62649dca6987cc5b779296b81cde7d,1977,0,2800,2223,823,2223
f3dcf7ab2efb8ff49d3df3c139bce8ad,0d3cd87a5e251e49ea640bcafc6538e9,0,534,1023,3518,1023,2984
3f14fe08772a5b823f28886ce5d36e70,dda3d9cf1a66da03856b6337a79e4e6c,1813,0,2800,2330,987,2330
95975fd98a69956a7740c7eeb777040a,b33cccc78283009f87988a0a7665f739,2229,0,2800,2532,571,2532
a727d3dda378340c58d6cde56e891a9b,93a5282b7c9fc05dba0c545aa81367c1,0,0,1067,3023,1067,3023
a727d3dda378340c58d6cde56e891a9b,d1c89d94a7dc9b60d98fa1bbf04590ee,0,619,999,2613,999,1994
600a6309da165c7cb726a3a436e24b31,f71073e381fe0bab139f89dc3b040c0b,2013,795,2800,3518,787,2723
600a6309da165c7cb726a3a436e24b31,b24e208707eed6aa30f6d0e683972a40,0,271,853,2710,853,2439
3c4584b1e5c4b82e46f1e147c0425067,f75608ed23c956cbc00b954ed8e56ce8,1996,729,2800,2921,804,2192
c0ea43e5ccc3cfefde1cb6d76bd82b3e,a5531d44882d34c7ce26fbfe79209812,0,0,992,3518,992,3518
a727d3dda378340c58d6cde56e891a9b,baa70330799ff2be5b5dd62cfb0733f1,1879,233,2800,2330,921,2097
8f1220ca58228df92ece718455010253,ee8c27c28cf415d8a4050cd4dd04d495,1979,60,2800,2619,821,2559
a727d3dda378340c58d6cde56e891a9b,e7dd8e90f0543ab15954b047ac20af9e,1793,0,2800,2879,1007,2879
c4ed29accfa6442a0689d03a4423b52c,68182634845b2f8df8a36eea62988b72,1739,172,2800,2519,1061,2347
61f89a0baefd8edfa50c240d6439b7d5,703b37d21eca25ae7ca8060178eefb24,1783,300,2800,3518,1017,3218
14dca312c4b9d731c07e42cf435e5b4c,fe1542c125149f8c56f4051c66eeb3a3,0,488,1021,2919,1021,2431
c4ed29accfa6442a0689d03a4423b52c,8e2667f5278aa305599ca9d9660aa8e9,0,0,1092,3264,1092,3264
f3dcf7ab2efb8ff49d3df3c139bce8ad,786b3097dab467b763ea5625ebe64b25,1789,583,2800,2599,1011,2016
4b521b8fd6faf100121b2285e4cf2c69,f51eb0ac24340e0a9847a2d3713a5508,0,472,745,3342,745,2870
b927d189be4fcf2cadfbb6d30fbd6bca,fc107f68bff2c58fd38f211e119feea7,0,0,941,2774,941,2774
95975fd98a69956a7740c7eeb777040a,1d36fa647d35a5e2f202a9214e593cd2,0,745,630,2466,630,1721
61f89a0baefd8edfa50c240d6439b7d5,5e25359359311565e44e3db75ceb341e,1754,0,2800,2914,1046,2914
600a6309da165c7cb726a3a436e24b31,e5ae4d93d391349cd4f9ab8cd3c6cd38,1949,0,2800,3518,851,3518
600a6309da165c7cb726a3a436e24b31,44bd5924738eb8124749845d6c326ba2,0,0,939,3518,939,3518
1da6ff3569f00ab53ed63f3a0fa9b7b7,a6e920cb5708fe313133b6f1a807b271,0,744,647,2526,647,1782
3c4584b1e5c4b82e46f1e147c0425067,7df7d7942c0091f97205e5829b8d3cc6,1882,0,2800,2724,918,2724
f3dcf7ab2efb8ff49d3df3c139bce8ad,ee36818840812b83ced2a3b68725c946,0,0,935,2787,935,2787
c4ed29accfa6442a0689d03a4423b52c,435a7cfce921796636b3c598809464d5,1680,0,2800,3518,1120,3518
3f14fe08772a5b823f28886ce5d36e70,2760bc44eed3aeb46467710be5458c37,0,0,1133,3518,1133,3518
c0ea43e5ccc3cfefde1cb6d76bd82b3e,5b4503244f2bb1a633142ad42ef81945,1672,0,2800,3518,1128,3518
f66d8acdabdb94824a4075e524eed08e,3ed8651c06be656824ba801feffb41e9,1997,0,2800,3518,803,3518
c0ea43e5ccc3cfefde1cb6d76bd82b3e,66d5d94402456f664753ec443d077bf9,1626,549,2800,2802,1174,2253
74ffbb39a541be7962e46c7f610c6e22,0ed9a15534d3d6d03e85828cd0b97efd,0,532,742,3374,742,2842
c4ed29accfa6442a0689d03a4423b52c,5e93472d262e3fa7ce7a498e58495938,0,240,1045,2616,1045,2376
61f89a0baefd8edfa50c240d6439b7d5,1c11d828b171798be4b4555efea0e98a,0,367,1023,2707,1023,2340
74ffbb39a541be7962e46c7f610c6e22,e22cf9d128f93f61c85cb228cfd884b8,2075,342,2800,2559,725,2217
74ffbb39a541be7962e46c7f610c6e22,ec64edc7517afaca53358106e509a006,1874,0,2800,3197,926,3197
b927d189be4fcf2cadfbb6d30fbd6bca,e6c7fd736d2b738466a477f1205cd3ad,2002,222,2800,2335,798,2113
d603290b6a9c89729adf9eb5f24d77a4,f7fa20cfb11cff02ed689bc6b83cf039,1780,654,2800,2775,1020,2121
61f89a0baefd8edfa50c240d6439b7d5,b5b2c7b547b203a2a689211e10d8a474,0,0,908,3518,908,3518
517563a43eab4f90efc650fcb0d215d5,ab0dc5713918472abece022c0b1f8c69,928,137,2012,2585,1084,2448
b306bdb2fa3bb2890ba420d32b3f8fcb,40c585fd7a454b8611d7cfc9499e087b,1838,539,2800,2762,962,2223
1da6ff3569f00ab53ed63f3a0fa9b7b7,41205be55888f9ee9ddead9d1917f162,2107,543,2800,2522,693,1979
b36a99200ad3068703462c507e9fef73,0f796785c3a2e1a483c625d12e26501f,1716,0,2800,3223,1084,3223
8f1220ca58228df92ece718455010253,e79c39cfa12cb8118f597c3513322f74,0,904,787,3131,787,2227
3c4584b1e5c4b82e46f1e147c0425067,74f1bf955dc7b8bd0f88939d6fafdebe,0,312,822,2561,822,2249
10b53d43bc5c049a3bb798b33dc9af90,436bd028528d51baaeb89e909b25cbf9,0,598,914,3518,914,2920
4b521b8fd6faf100121b2285e4cf2c69,3704db52bfd284610b16d116d46846af,1998,567,2800,3518,802,2951
3c4584b1e5c4b82e46f1e147c0425067,f7c91306de6c84ae62df7693d978e922,0,0,907,2637,907,2637
b71a494a54e0e85cc36b09d57e57fd23,cb20205494c2e040a4a18f5b5cfc6332,0,0,1305,2600,1305,2600
8549a3b66a0e594197e14daf02ce7b59,25add47b1f8676f8ab2d1f0e65fb2c5f,2100,526,2800,2345,700,1819
1da6ff3569f00ab53ed63f3a0fa9b7b7,3dc14641760ddb9c52166c74a4c2fddb,0,0,742,3400,742,3400
d603290b6a9c89729adf9eb5f24d77a4,e828687a5dbd3f2bd17d3d1c09884c08,0,0,962,3518,962,3518
517563a43eab4f90efc650fcb0d215d5,c54fbe3a374b9e157280479c4649b11a,0,0,1102,2812,1102,2812
74ffbb39a541be7962e46c7f610c6e22,938f5ee2cbe8a239b98545274d235b9d,0,0,957,3518,957,3518
6ec6b1119e43a3c1354804131719b90f,16d5a355843b231f8a094ad48880bbfc,0,71,936,2707,936,2636
e699baecd093ff1f56014b1264f45109,59f48b9858bcc080b7fdf2528446fba2,0,592,875,2556,875,1964
d603290b6a9c89729adf9eb5f24d77a4,cfc987121b9bcec2a93bfc2beb68b59e,1672,0,2800,3518,1128,3518
f2fca82d4ad7d00fdd167c079794d98f,e25c08b52cd0ef1349ba680644e49908,2070,258,2800,3518,730,3260
f2fca82d4ad7d00fdd167c079794d98f,0de6aaef679b9adbac351f6b2ef3977a,0,367,890,2721,890,2354
e699baecd093ff1f56014b1264f45109,417741235fef4aa16d3c7c25cdad5a27,0,0,977,2406,977,2406
6ec6b1119e43a3c1354804131719b90f,f97896ae33c440fae0141b38e7f64aee,1886,0,2800,2885,914,2885
b00de9442c7037259458ad13b1881b31,1618600d1c00c3b396f23c10492bcc65,0,291,1149,2588,1149,2297
f2fca82d4ad7d00fdd167c079794d98f,492502d6551336cf196acb0a4eaa581a,0,0,978,3518,978,3518
7fe758e90b506bdaddb73ead1942823f,57bd6055f22c6516ca2bd1f06a44380e,0,868,1042,3170,1042,2302
d603290b6a9c89729adf9eb5f24d77a4,eab348ee5e0a043ee1c8f57ae5cf6984,0,794,874,2822,874,2028
e699baecd093ff1f56014b1264f45109,59a7ad04cf1ea84647243f4375c6489f,1154,291,2012,2280,858,1989
ceb2804e636f649f4266b18f32835fbe,6d03c10423e381aabf66e6f25a561ac3,1735,404,2800,3518,1065,3114
7012aed1d6357e0291c62ed44902da58,accd41ea6c4bcc44902fa6a1a2374fbb,1068,132,2012,2363,944,2231
b00de9442c7037259458ad13b1881b31,5e4a8f5e3760b0de5ce874f40e79c6dd,1729,161,2800,3518,1071,3357
6ec6b1119e43a3c1354804131719b90f,49d3c2223f0f0af690a98eafdf66ea97,1894,616,2800,2905,906,2289
517563a43eab4f90efc650fcb0d215d5,462917f11012248a81c89e58f12c299d,0,74,1101,2519,1101,2445
6ec6b1119e43a3c1354804131719b90f,acb90fc3447c4dc0d1355b1d5521d0f9,0,0,935,3518,935,3518
c9f9095715bb0472ba154c070ecb0179,6c938e05569033db3f240303998d67e6,2042,559,2800,2607,758,2048
10b53d43bc5c049a3bb798b33dc9af90,8d30af5d5cb3ecdb254cb6027288aa89,1919,387,2800,2410,881,2023
e699baecd093ff1f56014b1264f45109,12569f6df94b03dcd36105f207675569,1071,0,2012,2812,941,2812
7012aed1d6357e0291c62ed44902da58,4f0ff80139a4649edf0ee150a5be3fc7,0,379,995,2812,995,2433
cdc25224dfad5c691080185fd14f1991,029acd22853c9a5b7c5edf181e72411a,0,439,945,3518,945,3079
fd10ddf79f397b0e585a0fd93c90a5b7,b8215d4695202eb493e4d7c69e3ed1d8,0,701,1011,2731,1011,2030
cdc25224dfad5c691080185fd14f1991,df9e4d120c14508d2e063095e897783e,1718,404,2800,3518,1082,3114
c9f9095715bb0472ba154c070ecb0179,3f9ad8c89aa68ada6a60ea0eaa3a9c51,0,582,772,2723,772,2141
c9f9095715bb0472ba154c070ecb0179,f6b927d7d677cc653cab54f4ac551b19,1942,0,2800,2519,858,2519
c9f9095715bb0472ba154c070ecb0179,4cc95a61fa6b3be1d3126e01822d0039,0,0,943,3518,943,3518
10b53d43bc5c049a3bb798b33dc9af90,2dcfc8533ef01b4440e22eb7e9ada4b1,1854,0,2800,2668,946,2668
cdc25224dfad5c691080185fd14f1991,4263daf23d823bc049e038182e3c5279,1620,0,2800,2808,1180,2808
f2fca82d4ad7d00fdd167c079794d98f,d57f53ee302c3655274d56d837bb2953,1947,0,2800,3518,853,3518
7012aed1d6357e0291c62ed44902da58,7441ce1c9f8a9331b799faca56c3cff1,0,0,954,2812,954,2812
1d7b9378279587e35fabb7ae25343d5a,cbb2d88b1368ae1686b99dff006fd67b,0,460,829,2633,829,2173
7012aed1d6357e0291c62ed44902da58,ce65139a668d81cacfb2d6f6ba656209,1028,0,2012,2435,984,2435
cdc25224dfad5c691080185fd14f1991,799f15d8f98fedc97e4c9974bd958688,0,0,1020,2630,1020,2630
a557cfc4d20c9234333b8e8857352702,88b9011a812c7adfe0d55bc9beee1c29,1840,370,2800,2638,960,2268
a557cfc4d20c9234333b8e8857352702,9e55cdcc5a4690fc2667d465b4386d3b,0,524,990,2881,990,2357
14dca312c4b9d731c07e42cf435e5b4c,0094342b2d3cf9eeccdda391589c2193,1713,0,2800,3518,1087,3518
b00de9442c7037259458ad13b1881b31,34d9b3b061a77ac0559a28b390f46ca4,0,0,1152,2651,1152,2651
8549a3b66a0e594197e14daf02ce7b59,34adc22fabef8ac17ab8b05001697bf2,2048,0,2800,3061,752,3061
75bdbcc59a6d5af57fc80cd31989aade,64ce8b6096e10f4355b579410c295105,619,516,2012,2812,1393,2296
1d7b9378279587e35fabb7ae25343d5a,38a174a61f162d87950b0c593288fe19,1871,0,2800,3518,929,3518
40380a34ac77b4c1ea9826165bf90a76,67dea0931fcb44269001390823579e2b,0,0,1036,2442,1036,2442
8549a3b66a0e594197e14daf02ce7b59,9ad163591b403c2d6bb4593bdd927b17,0,0,883,3044,883,3044
75bdbcc59a6d5af57fc80cd31989aade,e1f8c7e691b763528e6d426f2bb03ffe,0,0,1419,2750,1419,2750
517563a43eab4f90efc650fcb0d215d5,3e6358ea12e34be3bcba0955b0f960d0,940,0,2012,2812,1072,2812
75bdbcc59a6d5af57fc80cd31989aade,8e4a60d8111b7bbbc2c6b37e7ec8c025,502,0,2012,2492,1510,2492
40380a34ac77b4c1ea9826165bf90a76,4f32649edeaac64cfdae0f712a5de8fc,1777,685,2800,3518,1023,2833
7667b9ec53719e1d97355ca46f5751fe,c949b02377664139b3d4a89aa505e91b,1205,0,2012,2344,807,2344
eedd95ae0d0f2519c791485b6dfe3d0f,871749424d138ac1163f8cb119af9d01,0,649,783,2722,783,2073
a557cfc4d20c9234333b8e8857352702,4320e9094a6a5ede91c39c4239f8a19c,1752,0,2800,2848,1048,2848
7667b9ec53719e1d97355ca46f5751fe,3a13b20d9f31dab891774e81b8871a24,0,0,846,2161,846,2161
40380a34ac77b4c1ea9826165bf90a76,e2bd84fd39c411f42d647ad858740daa,1808,0,2800,2517,992,2517
b00de9442c7037259458ad13b1881b31,ba2c3703a000ce6807432b4e42e50b3b,1683,0,2800,2853,1117,2853
40380a34ac77b4c1ea9826165bf90a76,738dfe0c00dce44466a819e2ade7d0c6,0,615,1033,3518,1033,2903
75bdbcc59a6d5af57fc80cd31989aade,ba7f93640b7984778216e0fc23f17dce,0,12,1401,2523,1401,2511
eedd95ae0d0f2519c791485b6dfe3d0f,87b51c051ee565c869b7d60c8926bac0,1908,357,2800,2544,892,2187
a557cfc4d20c9234333b8e8857352702,1c4fb4103f25ca95f9c044a129eb6ac7,0,0,962,2913,962,2913
7fe758e90b506bdaddb73ead1942823f,1d39863abcecc381316ffa6bec02886e,1808,350,2800,2728,992,2378
1d7b9378279587e35fabb7ae25343d5a,0c506a40ad1317534ad7a1e3e38ade8b,1957,662,2800,2717,843,2055
7667b9ec53719e1d97355ca46f5751fe,a36cd45965477b2f3c65ffed87943730,0,0,921,2364,921,2364
1da6ff3569f00ab53ed63f3a0fa9b7b7,65c52e6e9387f1c698ffaf213594b5c1,2020,0,2800,3518,780,3518
7667b9ec53719e1d97355ca46f5751fe,66dc9e6901039a7395090f462559ed0f,1210,107,2012,2219,802,2112
30c7a7e7006e2accae013da275f4c13d,3cce09f9b6e42635a10f552f3741b753,0,0,930,3112,930,3112
8f1220ca58228df92ece718455010253,66c8ce3001a9955cc789d8d64f25859a,0,0,919,3518,919,3518
eedd95ae0d0f2519c791485b6dfe3d0f,98200f26aa619c0d38812190072ff432,1932,0,2800,2594,868,2594
353b58a2408b1aa60ea962e1eaf09ac7,56ce428a9f52713d83029eb3161f4182,0,1053,696,3201,696,2148
eedd95ae0d0f2519c791485b6dfe3d0f,b4039d2d9834137429b1cb60be7672f2,0,0,896,2486,896,2486
8f1220ca58228df92ece718455010253,ad9c21b49ab7a649e9f4c8c678e57ab0,1847,0,2800,3518,953,3518
1d7b9378279587e35fabb7ae25343d5a,4e9221db7c0794ac0da6546a2a623a2c,0,0,883,2634,883,2634
10b53d43bc5c049a3bb798b33dc9af90,4db71fb15e3218238c96969a0bae1df2,0,0,967,2282,967,2282
353b58a2408b1aa60ea962e1eaf09ac7,bd71431f85a79c818e2cf9170f3c17fe,2184,578,2800,2626,616,2048
f001cb57e953f70dbe66972e71f6def6,d07eb4a850f9f888e8b39143ab194b00,1940,451,2734,2629,794,2178
353b58a2408b1aa60ea962e1eaf09ac7,f63b0c94b79a4a04476466289d9c99eb,0,0,874,2438,874,2438
f001cb57e953f70dbe66972e71f6def6,ad91cfccbed4b95f6fc0435fa6253f3d,0,0,797,2662,797,2662
39fec06ee99eeb7b74f14783fba47a6d,f7bbf22a4b4b8c83e99ab7342747c229,1926,580,2800,2558,874,1978
39fec06ee99eeb7b74f14783fba47a6d,53c99e1e86eaf7dcfa5b33bb5bbb15e4,0,0,846,2595,846,2595
c44df7fef5f059bbc5cd6afeef0f5653,17b3532d9302efea2d05ed05a87a15b1,0,0,900,2812,900,2812
c44df7fef5f059bbc5cd6afeef0f5653,ec0a769166cc8b10b74805eeb64ce2b0,0,0,775,2502,775,2502
c44df7fef5f059bbc5cd6afeef0f5653,ed15e2630a1d858c0e0fa9aa2348eceb,1179,0,2012,2747,833,2747
b71a494a54e0e85cc36b09d57e57fd23,caad6d7c8b340858ce049b754f1e6fd6,764,0,2012,2812,1248,2812
b71a494a54e0e85cc36b09d57e57fd23,f93d49129ddbf5f2ff70a4757f801ee2,605,0,2012,2812,1407,2812
f001cb57e953f70dbe66972e71f6def6,ed4edf6741673e357cad2560b2e8e5d6,1948,0,2766,2616,818,2616
726881f90530d86b95ec3ac0e79d2b1c,996b63d40641d8ea6bf575cce94495ad,0,458,971,2812,971,2354
fd10ddf79f397b0e585a0fd93c90a5b7,68b15bd3df27cb6ced7a901751be9343,1902,148,2800,2003,898,1855
39fec06ee99eeb7b74f14783fba47a6d,cc3cf3bbbb58e8215a5b6c5f46b4d673,0,602,782,2522,782,1920
f001cb57e953f70dbe66972e71f6def6,0e337bb77717a79e010034470b88f946,0,1062,893,3145,893,2083
353b58a2408b1aa60ea962e1eaf09ac7,0f3e5818d73229d7cbddfb56707f81c1,1766,0,2800,3518,1034,3518
88875728756eb5d90269e421d0812a1f,24c95baf43cd7dc1a2cbadf305ed89bb,0,658,907,3518,907,2860
b36a99200ad3068703462c507e9fef73,d0db1c685b666a98e05cc700ae01adb1,0,378,1202,2599,1202,2221
fd10ddf79f397b0e585a0fd93c90a5b7,22d8aadfd5fd2c2bc44f28b81a26abc1,0,0,934,2565,934,2565
7fe758e90b506bdaddb73ead1942823f,731840d3a74e9135d95603c43f822337,0,0,1181,3496,1181,3496
fd10ddf79f397b0e585a0fd93c90a5b7,3c7bb010ae5b5bad2f0f3069282562a0,1880,0,2800,2435,920,2435
93514476602890f55d1758d1f3e1a9b5,b38c4d76e10c004a7b779c01b3f66da0,1670,455,2812,3580,1142,3125
726881f90530d86b95ec3ac0e79d2b1c,b46bc9ed85addc1bb9a8ff5ab6d01565,1022,98,2012,2812,990,2714
88875728756eb5d90269e421d0812a1f,27b16e0310e8b75587ea53992b731eae,1749,451,2800,2711,1051,2260
e53ad3ccf1dc327f6b48b141e9ba6009,c4eafa2e15b8eef57a7eaf247aa24317,1815,731,2800,2621,985,1890
a6733738b8a6c4afaec417f78d0699f4,be7979b180c0308380f78a8eb0d30a46,0,0,863,2438,863,2438
689619957ad42458dfd7d31f37aa98fe,588c2c9aa42aed1953c5cb7d4a1feeec,1858,298,2800,2605,942,2307
39fec06ee99eeb7b74f14783fba47a6d,d61aec7ffe5286517a27c10277bc1183,1839,0,2800,2680,961,2680
88875728756eb5d90269e421d0812a1f,c0f155c30dc1fb05637792ac0f381358,0,0,905,2482,905,2482
c44df7fef5f059bbc5cd6afeef0f5653,a5679dc25691dc85f0639be26b421195,1263,0,2012,2432,749,2432
a6733738b8a6c4afaec417f78d0699f4,caa3e479546760ba1f48c3c2cfd18f9e,1287,0,2012,2538,725,2538
a6733738b8a6c4afaec417f78d0699f4,dd5d6a161b0c58a54ae78287f07b8fe9,0,359,767,2323,767,1964
93514476602890f55d1758d1f3e1a9b5,656d974e5440eb80c673a1b4d2d32a0c,0,608,1098,2993,1098,2385
a069f10045664f1090366f8c10255bea,003b8291ee72eb7bb5654daf47a60446,0,0,771,3023,771,3023
d23ce7d34f6bd761468fd0d70162a22a,3a7145a780996f6c69d769fa36957501,0,427,967,2589,967,2162
689619957ad42458dfd7d31f37aa98fe,f955326103bcfe4368a8480fbc2522a7,0,762,848,2934,848,2172
e53ad3ccf1dc327f6b48b141e9ba6009,75faa32aee0ea74d92a3121f28cd0f65,0,248,825,2565,825,2317
726881f90530d86b95ec3ac0e79d2b1c,09377ecf2810f1487fe54068bf724ea6,960,0,2012,2590,1052,2590
88875728756eb5d90269e421d0812a1f,8ff9afbc56a6d6b009557084e7dc1100,1710,0,2800,3051,1090,3051
a069f10045664f1090366f8c10255bea,ad6e0cde2b80d5c9516516b57ffb4d92,0,412,767,2300,767,1888
726881f90530d86b95ec3ac0e79d2b1c,9c5b83be579ab4db8268ad0078d2155b,0,0,1001,2812,1001,2812
689619957ad42458dfd7d31f37aa98fe,afecf2bef16dc1d8cd3e540f6aced0ff,1821,0,2800,3420,979,3420
33cd480a4f9e13cb8ed223273d85c30a,cbec668405447c3c112aac451c60db7f,0,293,1044,2847,1044,2554
a069f10045664f1090366f8c10255bea,f836fdaae0e824905ceebe84b0073967,2096,602,2800,2435,704,1833
43c1709a80d087a48dfbb0d30f0fdf0c,86ad4240a06f5cce0e96b5dd98fffac9,1721,0,2800,2879,1079,2879
33cd480a4f9e13cb8ed223273d85c30a,acf41439db82d0dae309307a16251e4f,0,0,1056,2917,1056,2917
d23ce7d34f6bd761468fd0d70162a22a,4a4428954089e273b40ab81cb69bb52b,1857,327,2800,2469,943,2142
a069f10045664f1090366f8c10255bea,67e441bbf1cfe543c6b368fd57d7ce69,2066,0,2800,3062,734,3062
689619957ad42458dfd7d31f37aa98fe,dfc1bf8d64cd7c96cf8f5fb3b6a00018,0,0,924,2767,924,2767
a6733738b8a6c4afaec417f78d0699f4,45e905fa655fe837b4f12ae8be1aabe2,1276,189,2012,2197,736,2008
e53ad3ccf1dc327f6b48b141e9ba6009,5cffdfd2b8883262f1546472eec01ff3,1715,0,2800,3309,1085,3309
615db0ed3cdb232b21f04aa1f5df423a,d902dc4cfce73db95d7e9c59da6cb443,2034,0,2800,3518,766,3518
c6e07bb81ff75166c975f21622530029,c2de72348d6a3caca33634972823571c,2195,0,2800,2221,605,2221
21eb7ae6faff5ede33c57fe6d3ff8c12,e0eef14424eb56da2ef4a2d411b1737b,0,0,1061,2688,1061,2688
e53ad3ccf1dc327f6b48b141e9ba6009,306f96d3e19fdef035c3e2b29dacfb17,0,0,1120,2390,1120,2390
21eb7ae6faff5ede33c57fe6d3ff8c12,1f45cd19b6bfb4583c0c259743765aa9,1817,0,2800,2566,983,2566
21eb7ae6faff5ede33c57fe6d3ff8c12,c3a95805e1397695ab484a52ef4a8e23,0,661,988,2762,988,2101
43c1709a80d087a48dfbb0d30f0fdf0c,90ac846677fd3f4f67b83cecfcf730c9,1882,370,2800,2588,918,2218
c6e07bb81ff75166c975f21622530029,b506f0264d04d1ba6578858c59f61792,0,300,681,2410,681,2110
c6e07bb81ff75166c975f21622530029,cb3ca867e8efaac6d773d7d06418504a,0,0,686,2461,686,2461
33cd480a4f9e13cb8ed223273d85c30a,acf703848cf13a051337edaae458f0cf,1731,0,2800,2997,1069,2997
93514476602890f55d1758d1f3e1a9b5,4b2f606afd7ed6115e03f2ecc270c0bd,1722,0,2812,2922,1090,2922
21eb7ae6faff5ede33c57fe6d3ff8c12,9578045aa9518a83a0200c35bfc0cec4,1733,0,2800,3518,1067,3518
f5bb47216f347b2a1f8b9e899efd4a2f,4152f4d6e9d1daff55dd83f19f4cf046,0,226,981,2266,981,2040
615db0ed3cdb232b21f04aa1f5df423a,e603ed267de9e652836f27d962b6e57e,0,916,1854,3518,1854,2602
dd9c0943ab890ccd712654f5c2298401,6ff9b282ed3641f0d898fe52d909b934,0,0,678,3304,678,3304
615db0ed3cdb232b21f04aa1f5df423a,ba18cad88927460f1a2f88bb3cfaeeca,2139,798,2800,2706,661,1908
dd9c0943ab890ccd712654f5c2298401,7a14d1600d1d531e7fd09867ed2aa764,2099,667,2800,3518,701,2851
dd9c0943ab890ccd712654f5c2298401,5125aa7a123225d8513b36166cfa95d6,2083,0,2800,2578,717,2578
43c1709a80d087a48dfbb0d30f0fdf0c,4d33b6549a1218984c52e159d6f742a6,0,0,923,3518,923,3518
843abf53ca13b08410085e28fe4de489,7bc46778dc81439321d6cb0c071d31b5,0,0,2012,2812,2012,2812
615db0ed3cdb232b21f04aa1f5df423a,9f3681d69181d786452b05a566d7f89d,0,0,798,3518,798,3518
843abf53ca13b08410085e28fe4de489,15c8e59fdfafb3deefc80c5a9e8a42d0,0,0,2012,2812,2012,2812
cd3cb8443144e4b6196ed36dfac3385b,a601289c63b3ec471b5f0552e511605a,0,384,1052,2529,1052,2145
43c1709a80d087a48dfbb0d30f0fdf0c,2f74651897cd330a227f8f40bfcd5522,0,333,833,2699,833,2366
cd3cb8443144e4b6196ed36dfac3385b,7af1194f3adff94617aaf34deba94aaa,1909,0,2800,2306,891,2306
dd9c0943ab890ccd712654f5c2298401,c6c8e145416a9214361e4124687de129,0,542,728,2535,728,1993
c6e07bb81ff75166c975f21622530029,06db0cb97632a1f8144ee62b33705472,2123,0,2800,2770,677,2770
cd3cb8443144e4b6196ed36dfac3385b,47d4bffa83857aa092c590e970f90c2f,0,0,1038,2975,1038,2975
48e0b3a0e588a8b5b379d9db95cbbf01,de2335dc216ae2b561af8c03f09eebd3,1328,483,2800,2619,1472,2136
892b764de0e7acb04c6b739b69927d2d,aaac8422414b73f368e884627a4e85c3,0,0,974,2538,974,2538
33cd480a4f9e13cb8ed223273d85c30a,f917945304e2aaacd2e4921e19032d72,1754,119,2800,3518,1046,3399
d23ce7d34f6bd761468fd0d70162a22a,05fdfb0b1f98516f0305d7376dfa04d2,0,0,846,3518,846,3518
892b764de0e7acb04c6b739b69927d2d,c1b02c974a905530a7ce61b194e4a361,1901,506,2800,2483,899,1977
892b764de0e7acb04c6b739b69927d2d,322c48c6358053eca6bd2c62843ffdfe,1818,0,2800,2959,982,2959
f5bb47216f347b2a1f8b9e899efd4a2f,58985b2df9b1be6a3eb7137eaa48e2e0,1067,0,2012,2657,945,2657
843abf53ca13b08410085e28fe4de489,83be060130997ca7b67b3979978a5d29,0,0,2012,2812,2012,2812
d74160d6abd64184e033da42cd67af40,4a1afc0f90153fb2b02bf46bca155768,1751,417,2800,2353,1049,1936
f5bb47216f347b2a1f8b9e899efd4a2f,d7f0018601ff58b407d46f32556073d8,0,0,980,2812,980,2812
f5bb47216f347b2a1f8b9e899efd4a2f,0c29235dc1565d9ee133081d4f3fc6ea,1069,156,2012,2180,943,2024
843abf53ca13b08410085e28fe4de489,ffeb4ec8f4cd8491e79ebf66360e4dff,0,0,2012,2812,2012,2812
48e0b3a0e588a8b5b379d9db95cbbf01,7274185704108eb92e9e5305f02d4d7a,0,0,1399,2809,1399,2809
d74160d6abd64184e033da42cd67af40,6cc284e355af674065ab8b4503980e64,1752,0,2800,2391,1048,2391
48e0b3a0e588a8b5b379d9db95cbbf01,4d45efd26561814cc1f56eb51ee7e3c5,1390,0,2800,2719,1410,2719
48b4959354901a380b7564eaec3453e5,68eacff280f437f941c256935d574769,0,193,1212,2370,1212,2177
7fe758e90b506bdaddb73ead1942823f,a743253cbd3d435bc8998c3c1f4929ce,1640,0,2800,3518,1160,3518
d74160d6abd64184e033da42cd67af40,90b1f3eebc6f5cb678491eb8b8614b52,0,0,1116,2536,1116,2536
53dd2b406de691f6a068074ebb97d7e0,a1e8e4aa9267e9b18def31c74086b2b0,1049,0,2012,2411,963,2411
48e0b3a0e588a8b5b379d9db95cbbf01,113d588a5c90633f175d2926596a6627,0,647,1477,2855,1477,2208
d74160d6abd64184e033da42cd67af40,e5b0481b4bb19c12648c8f47f51a4493,0,506,1134,2549,1134,2043
be195b792fe8f37b5ca8bae227b23acf,43a466639ccb55ee6dcebf5ddee9ebf7,0,638,1036,2898,1036,2260
48b4959354901a380b7564eaec3453e5,2e5574e23f785e65fd4096c6c510f2fb,0,0,1126,3518,1126,3518
cd3cb8443144e4b6196ed36dfac3385b,62487ab233a310850ebef90dd3214446,1824,414,2800,2587,976,2173
48b4959354901a380b7564eaec3453e5,e55f1b144b4c9fa93287b2950e9ae306,1656,422,2800,2529,1144,2107
53dd2b406de691f6a068074ebb97d7e0,3ed9154d0e1b84b7d7d474b9f047f9ec,0,0,1023,2812,1023,2812
53dd2b406de691f6a068074ebb97d7e0,a99333619490519dbddd8fb54b5ab3d3,981,0,2012,2611,1031,2611
16b1f3c16403c0ff5c7a7d50315f2a7e,d660e13b2b9e5a15ee0c16089b147b4c,1919,465,2800,3518,881,3053
9b525290bf02748b099f78f7d430e861,b8fe92fff04062c0e199c76410ba5f11,0,0,892,2940,892,2940
48b4959354901a380b7564eaec3453e5,e77be8c1ef0851b7487854f7c9cce035,1683,0,2800,2784,1117,2784
9b525290bf02748b099f78f7d430e861,acbf7fcc7f4c79a2ba6324a05638db7d,0,579,805,2479,805,1900
be195b792fe8f37b5ca8bae227b23acf,14768870336d9a1541563a0863e5ebd4,1760,213,2800,2611,1040,2398
4239a74bcc9f4c9e9bef59671b1074f9,bf017420f89ccfb021d9030745335053,0,0,778,2562,778,2562
4239a74bcc9f4c9e9bef59671b1074f9,b49def5974066235e9010ef48662d410,1323,583,2012,2507,689,1924
25cfe8adaf273f776f31193b12632c3b,040dfcb412a32d4cad4f560f674066b8,1808,483,2800,2634,992,2151
892b764de0e7acb04c6b739b69927d2d,09ac042416aac8039d4bc33b493106cf,0,560,835,2486,835,1926
be195b792fe8f37b5ca8bae227b23acf,a16bcb19fc557ea05dba1589e6a26a3a,0,0,1045,3411,1045,3411
4239a74bcc9f4c9e9bef59671b1074f9,2a1a78353da2c408ccca334cef19f3af,1278,0,2012,2707,734,2707
ab3ab20ef7a3f54ef647db22ce0153bf,bd8125f3e04c08d437419c73ac9c4c03,0,0,910,2400,910,2400
53dd2b406de691f6a068074ebb97d7e0,41b6e794253f3bdf17a2b2e577802fa4,0,0,1037,2812,1037,2812
4239a74bcc9f4c9e9bef59671b1074f9,dd07f9abc948fd2b321c4fab6c53c75f,0,245,798,2156,798,1911
9b525290bf02748b099f78f7d430e861,211414b4068b9b6c9f7955a0518c6f72,1968,609,2800,2421,832,1812
294ad2263019fe40d320f18d302c9029,8b029e099f785c57df0602365837c713,2147,393,2800,2425,653,2032
16b1f3c16403c0ff5c7a7d50315f2a7e,c76ab5115fc2a7348d896d51332a99c1,0,0,999,3083,999,3083
16b1f3c16403c0ff5c7a7d50315f2a7e,3f7d21bff9788adfb55cd2383252db15,0,380,903,3518,903,3138
278ced14478925235fa1be0d49373daf,a363e30a75774f5052c9237e40507a28,0,423,860,3261,860,2838
60279474726275dcc024f3c67b4d51a3,19c0ecd06984b4d4b2c46812e85a06e6,0,357,802,2636,802,2279
ab3ab20ef7a3f54ef647db22ce0153bf,41c1972338ade9e25f08e076d5cd4fd2,0,579,878,2511,878,1932
60279474726275dcc024f3c67b4d51a3,4019b98c9bc6233c1b9cef6cc5a98abd,1973,0,2812,2382,839,2382
af29c18e3b949d31b837843896c290b6,0f0af1120156b96a20fab9b5cc5a0255,0,634,564,3132,564,2498
278ced14478925235fa1be0d49373daf,4cdb1ab6cddfcdf673db9b13f23bdff5,2022,533,2800,3518,778,2985
294ad2263019fe40d320f18d302c9029,d6736d6337387ab30aa02945841670f1,0,691,657,2537,657,1846
a2f0d4cf220cae2765f06a39e9c16d60,e9516c4ead1a0b6a3871f47059f6873c,2190,607,2800,2377,610,1770
ab3ab20ef7a3f54ef647db22ce0153bf,a88a357d26d0ede9afc82f945920a20a,1882,0,2800,2281,918,2281
16b1f3c16403c0ff5c7a7d50315f2a7e,a1ca04b88cc9b66ed7d8cbdd6b718dc0,1792,0,2800,3518,1008,3518
25cfe8adaf273f776f31193b12632c3b,f5a73e11d1f1247eb84436c7aca621b7,1621,0,2800,2634,1179,2634
c27e8309b264b6501b09e0cf483c0a9c,d2f67d45b4b4f0590f722a45797663bd,0,0,1059,2645,1059,2645
c27e8309b264b6501b09e0cf483c0a9c,cf0ec6f1213321f07df51416dfc883ff,0,522,1021,2559,1021,2037
a2f0d4cf220cae2765f06a39e9c16d60,e04507c48859c74cdaf23fe3642d7e58,2098,0,2800,3518,702,3518
2978d1240c7e154dd95b3f1eec24a761,6a87099e867db8ccfac9a0a0af2e3614,1855,0,2800,2551,945,2551
9b525290bf02748b099f78f7d430e861,cc1b2432e1df6796ab5d4564ba239ff0,1898,0,2800,2680,902,2680
af29c18e3b949d31b837843896c290b6,e90cc402de4511d7801d61d4ac0c54c7,0,0,603,2238,603,2238
af29c18e3b949d31b837843896c290b6,e3a7c88975b2f03d57de462053c9f86b,2192,951,2800,2757,608,1806
a2f0d4cf220cae2765f06a39e9c16d60,a9df51aa64c9ea8c63885150b91ca65a,0,669,605,2492,605,1823
f2a1318d8d2c433c3453bf970a463604,e6eda799d6bbd602ecbfeeef079473e3,0,638,655,2421,655,1783
ab3ab20ef7a3f54ef647db22ce0153bf,863c718533eed4916a72822b5df20532,1916,564,2800,2485,884,1921
3aa2b2199afc0457e0a6393d43e2cc00,be56031078d90521b1a846a1a26f4b5d,0,740,914,3518,914,2778
60279474726275dcc024f3c67b4d51a3,e1641f8e9cb1491f730392a45e499b0d,1956,993,2812,3104,856,2111
25cfe8adaf273f776f31193b12632c3b,9dd0590ce080085341353aa9df2091ed,0,611,1015,2793,1015,2182
c27e8309b264b6501b09e0cf483c0a9c,6042bbee53fd30d4d4962898987a31c6,1811,541,2800,3518,989,2977
be195b792fe8f37b5ca8bae227b23acf,fab526b97e183a7b5f3ea0dace8f9ed0,1857,0,2800,2603,943,2603
294ad2263019fe40d320f18d302c9029,586e680dd74ab17234c375fbab7e5761,0,0,695,2529,695,2529
2978d1240c7e154dd95b3f1eec24a761,4f5f0434d3d6e992b760eb0e29005b06,1711,0,2800,3518,1089,3518
3aa2b2199afc0457e0a6393d43e2cc00,da9305dc0a1d9348a64fb653dcee181a,1843,394,2800,2376,957,1982
25cfe8adaf273f776f31193b12632c3b,8bb2c26423b47cbe18236dd0baa9b691,0,0,1186,2677,1186,2677
20e95a0858f00dcc1a4d8e9a138a11b1,21fe5d6f26dabb04b0857a88e8f523b7,0,0,807,3518,807,3518
0ac5c5e1c41b5abe148521bbaa428ce7,68b471332d5780ba4febc0c913e0ebfa,2122,466,2800,2280,678,1814
60279474726275dcc024f3c67b4d51a3,712150b595e1a4e62c2e344efd56af42,0,0,884,2352,884,2352
af29c18e3b949d31b837843896c290b6,9f9b455d35dbf2603ecb5ed79c72c767,2094,0,2800,2259,706,2259
278ced14478925235fa1be0d49373daf,b529216f44cef28e398414ffcd37b138,0,0,880,3518,880,3518
20e95a0858f00dcc1a4d8e9a138a11b1,d364fec35075d784c8188ca88d0120bd,0,604,713,2766,713,2162
20e95a0858f00dcc1a4d8e9a138a11b1,80d0fa321e94cb53af818382b9b2b39e,2068,468,2800,2634,732,2166
f2a1318d8d2c433c3453bf970a463604,d9b7ccbe754a6d2337e935ac463700c2,0,0,830,2925,830,2925
93514476602890f55d1758d1f3e1a9b5,6e1d5fe56641dcdc0822aaad9e0652e6,0,0,1073,2870,1073,2870
5a286b78f7e0e3cfe6c861e23a9fa8c3,5fb5173a7363b281686f0a1c2d75db2b,2031,199,2800,3408,769,3209
b71a494a54e0e85cc36b09d57e57fd23,61edbe3dbc0bad75258f0326bfcadeda,0,0,1319,2812,1319,2812
2978d1240c7e154dd95b3f1eec24a761,724cffe26f34ea813ef725dd858b638e,0,492,993,2515,993,2023
3aa2b2199afc0457e0a6393d43e2cc00,b370c90cc5d6f47f3c2b58fd0ab15153,1970,0,2800,2400,830,2400
294ad2263019fe40d320f18d302c9029,9b13464214ae05c7d7e4881d5571ba03,2156,0,2800,2409,644,2409
d23ce7d34f6bd761468fd0d70162a22a,43dca6482f4b7aed48e5164715fd8f80,1885,0,2800,2667,915,2667
c27e8309b264b6501b09e0cf483c0a9c,59006edffe62f6d5cd91c62767e9a369,1832,0,2800,2925,968,2925
278ced14478925235fa1be0d49373daf,08d8c0470bc7702ca44b5a6276b25f38,2000,0,2800,2355,800,2355
d5f8bb39d754d7ead90a2eea4cc5bb9c,227b6482cdb5fb48bf73185ab2bd8c84,0,423,929,3518,929,3095
f2a63bea6ce40bd9adc128ab5ab39148,0b779b1f4de6344eb1182862eaebe2c4,0,451,493,2299,493,1848
f2a1318d8d2c433c3453bf970a463604,5258e51c5b4159b3801ae1112d9dff12,2077,706,2800,2601,723,1895
d5f8bb39d754d7ead90a2eea4cc5bb9c,c1ce9367eff6f5aaf9e15ea77d521a94,1784,0,2800,3291,1016,3291
f2a63bea6ce40bd9adc128ab5ab39148,40fcebfa1e0c0d681efc4f665eba462f,2039,329,2606,3295,567,2966
d5f8bb39d754d7ead90a2eea4cc5bb9c,78b59552a19084f2f8dee407729b9ece,0,0,1180,2959,1180,2959
3aa2b2199afc0457e0a6393d43e2cc00,1324297ddfce3a64214f398da3a76296,0,0,894,2348,894,2348
5a286b78f7e0e3cfe6c861e23a9fa8c3,32a6cb78f0e4a0bdd95c56c4cb6ac673,0,0,931,3518,931,3518
f2a63bea6ce40bd9adc128ab5ab39148,be3493bdd323dd7dcb655595768294a9,1940,0,2686,2524,746,2524
a2f0d4cf220cae2765f06a39e9c16d60,078ec26551e6adcf2677ae1a49c8b2e7,0,0,730,2449,730,2449
f2a1318d8d2c433c3453bf970a463604,3e276cce493d0683766d50e1f12f43c4,1875,0,2800,2425,925,2425
f2a63bea6ce40bd9adc128ab5ab39148,75d727c8a364919046fe98f7302f13a1,0,0,751,2832,751,2832
0ac5c5e1c41b5abe148521bbaa428ce7,e87c288f21c00b5b203dbfac9e3b8d39,1921,0,2800,2877,879,2877
5a286b78f7e0e3cfe6c861e23a9fa8c3,8176eaaeb05398af7525921f5ef55f8f,1865,0,2800,3518,935,3518
20e95a0858f00dcc1a4d8e9a138a11b1,97967ba10195dfcc97e066919b33c43f,1979,0,2800,3154,821,3154
d5f8bb39d754d7ead90a2eea4cc5bb9c,48752409781e59e645390c7a00c63179,1859,0,2800,2562,941,2562
2978d1240c7e154dd95b3f1eec24a761,b4650933921ad00de3fd62604ce42359,0,0,1075,3518,1075,3518
0ac5c5e1c41b5abe148521bbaa428ce7,b9c12db4816a2ef58b95ad95463d3ff1,0,841,741,2723,741,1882
5a286b78f7e0e3cfe6c861e23a9fa8c3,313fe14b283b9f4c4c8a672bc80fa849,0,477,914,3258,914,2781
0ac5c5e1c41b5abe148521bbaa428ce7,63989f7bd8220dd5cd7236de90e67e2f,0,0,872,2918,872,2918
fea8c8cde7c9cb62805a154b414a1efe,96a1b25b5fc90e55697423afeeeecc10,0,0,990,2812,990,2812
45d5995de576371507cc28cc9bf70cd8,ac1486800e31984f125df62961b17942,0,264,1073,2466,1073,2202
ea8a09a16763d310b4065fe94c6c04cd,a600e572007da87ecd5615bad28a8a2e,2121,743,2800,2778,679,2035
6ae9c8f307114392317545f28424a0ff,82929b84c81a6386b771eaf7247d3ee5,2064,674,2800,2386,736,1712
e0bacbb82ff13817d8de1ca66661fcd8,c6e7e6b7dd623d94e52701918e4fe262,2013,0,2800,3518,787,3518
ea8a09a16763d310b4065fe94c6c04cd,3d6a69c36c225fd4ae037296510e0959,0,36,764,2588,764,2552
92c046067cef4c13847438cd1142c7ed,eeb2596949d377cdbc80bd1f107279cf,0,0,885,2928,885,2928
00ba2f2c0cd9a34af770eb252f3a56ce,72d20831d21655aad8aed88dcddd3b6e,0,711,897,2781,897,2070
92c046067cef4c13847438cd1142c7ed,26377262e4d9dafce51a5545c50f59f3,0,645,835,2861,835,2216
e0bacbb82ff13817d8de1ca66661fcd8,c955f7a32777c85658492f9a54d7184d,0,619,691,2596,691,1977
9e4a6d8da350d9e44a0f5545c5dc4d2b,a2164f7b54f72e172cebb098299bf7ba,0,688,925,2732,925,2044
45d5995de576371507cc28cc9bf70cd8,71af37d046593582c4df8de482971e03,1007,156,2012,2314,1005,2158
ea8a09a16763d310b4065fe94c6c04cd,df1e2e35bd93d1824931466400216263,0,0,805,3518,805,3518
28c12994a7c4ebe44d80008b1266f5ed,2ecbcd66c48199f3e146701a587ea626,1845,642,2800,2746,955,2104
6ae9c8f307114392317545f28424a0ff,ac500366b9f825f24c33baa6f65e9a87,0,484,743,2316,743,1832
d35b1a4107f0d52e18acdd7a9360ca85,a404014023088ae711fd4445d8b298b4,1492,392,2800,2788,1308,2396
6e775903cce3d3e2634e7068dfde579a,2bfbb1cbea8074c0e2b3962f367cc737,1946,322,2800,2494,854,2172
e0bacbb82ff13817d8de1ca66661fcd8,380c1a7a1fd73b9d4c36a062b73d38c9,2171,235,2800,2412,629,2177
6e775903cce3d3e2634e7068dfde579a,2819580349b525073d05f82c1013d6b4,0,550,891,2828,891,2278
775b952222e22629c94c0fa606118ab6,a0db50f74d42d2cc82a5ca8850f04fb4,2119,633,2800,2444,681,1811
6ae9c8f307114392317545f28424a0ff,07828773e86f97a27bee4f8cb399cc6c,2058,0,2800,3297,742,3297
9e4a6d8da350d9e44a0f5545c5dc4d2b,a7e25e5154caf1d2c1a87919bda6e6f1,1847,697,2800,2771,953,2074
e0bacbb82ff13817d8de1ca66661fcd8,a45341681b70b117a4da532e14cf1374,0,0,757,3518,757,3518
6ae9c8f307114392317545f28424a0ff,9edfbd4104a29a7621b6ba304fe612e4,0,0,717,2828,717,2828
28c12994a7c4ebe44d80008b1266f5ed,706fcb22f718c9dd5addaadb75347e45,0,640,973,2771,973,2131
ea8a09a16763d310b4065fe94c6c04cd,58d70109b957243aeaf19b95ed5322d4,2033,0,2800,3518,767,3518
d35b1a4107f0d52e18acdd7a9360ca85,c580aa39e9d2d5462655d8b89d99b17c,0,598,1373,3088,1373,2490
233b85a62a06f3101f84c2cae27d442f,1512ea504e93f8c993fcbf57db569fef,0,237,1253,2853,1253,2616
a4f8747667ebf1277f26f92bddceac46,78d02b3cf85dcd92a9d03ca0e709d162,1114,0,2012,2812,898,2812
112da6c5c3402c9691db1a8d62cf7e37,2f4395e043c52103174f4e8c95eeb0b8,0,195,998,3037,998,2842
a4f8747667ebf1277f26f92bddceac46,20fcc2d20af0297318b470cb5694dc9e,0,0,1052,2571,1052,2571
6e775903cce3d3e2634e7068dfde579a,5a813437a683d01d078a4a4fad6307b0,0,0,936,3518,936,3518
9e4a6d8da350d9e44a0f5545c5dc4d2b,5814628c165670b5b016322f811649f0,1759,0,2800,2894,1041,2894
a4f8747667ebf1277f26f92bddceac46,8c0951831d8317ed2ce7f3663967f4f7,0,0,954,2812,954,2812
45d5995de576371507cc28cc9bf70cd8,f1a1839e6a0cf3777f57e7c316c72845,898,0,2012,2525,1114,2525
775b952222e22629c94c0fa606118ab6,ea46f4834d92e77afe1da27757b0678b,0,932,671,2846,671,1914
a4f8747667ebf1277f26f92bddceac46,0f13d8433c64575cc1549195e0393deb,1022,0,2012,2367,990,2367
737b0cb7ebcce96bb85cf4926764deec,72b4816db55d3dd401e81e3f74b13bb0,2184,654,2800,2129,616,1475
8bd5c0419fe5af4adb4bce96ca86b2c8,e2ccff54395fa1abfad4e2cc80372492,1847,0,2800,2611,953,2611
737b0cb7ebcce96bb85cf4926764deec,232f33051c77bd6ce2d185aafe9471a3,0,715,586,2351,586,1636
775b952222e22629c94c0fa606118ab6,1a9d25caba40af283939d65d97720cc0,2058,0,2800,2437,742,2437
737b0cb7ebcce96bb85cf4926764deec,df8b9763dad465e61b23875932af4f7d,0,0,640,2408,640,2408
775b952222e22629c94c0fa606118ab6,ff476c753265aa0baa6685c58d5ef05a,0,0,688,2317,688,2317
f1b567bf8d90eae043734c48db8d184c,9050a7890cf3a814848f67f7d93a5fbe,2006,847,2800,3518,794,2671
233b85a62a06f3101f84c2cae27d442f,1f5c029d9f88b6667cc26955b2121a02,0,0,1721,3092,1721,3092
92c046067cef4c13847438cd1142c7ed,6eaf4f600bc17f1af5a3aacb1b4e8596,2050,961,2800,2898,750,1937
112da6c5c3402c9691db1a8d62cf7e37,e0b10c2919c6a0ceeb5268c424d2a5c4,1774,0,2800,3518,1026,3518
6e775903cce3d3e2634e7068dfde579a,d3727b354196d8dd672fbd339852b7eb,1894,0,2800,3518,906,3518
112da6c5c3402c9691db1a8d62cf7e37,3857ccd50552f86e8b20c435cbbec481,1884,455,2800,3193,916,2738
8bd5c0419fe5af4adb4bce96ca86b2c8,4bdc01dead79ad5aa4078b0271d9920f,1910,673,2800,2980,890,2307
f1b567bf8d90eae043734c48db8d184c,6d1c637c7cf2c7e897a266d3a7324397,0,603,884,2767,884,2164
f583e500aeeb515c67025e0300d57051,c9919de08befe3d98e6865f274979dc1,2106,470,2800,2472,694,2002
0e7981072f41e298184c3546d38157af,0021a0557c913b0bbbd9b19cac8a5d66,0,0,955,2360,955,2360
737b0cb7ebcce96bb85cf4926764deec,6be2ba6c6698e9813dcff3e3078761d6,2059,0,2800,2559,741,2559
fce53bbf985d83e76e3ce1403e8c8540,6986e869311e735b06accc480554e520,0,609,804,2846,804,2237
45d5995de576371507cc28cc9bf70cd8,b996c49374e7794dee7368e84c84d77c,0,0,1119,2639,1119,2639
fce53bbf985d83e76e3ce1403e8c8540,5f138a47f5881e845d6fc1581c119e6a,0,0,1382,3518,1382,3518
fea8c8cde7c9cb62805a154b414a1efe,3fcae0365d60c7af6febc9c550fc4780,986,107,2012,2373,1026,2266
f1b567bf8d90eae043734c48db8d184c,0e70482c0daa9f5c5a5cd0ee161d586b,0,0,961,2785,961,2785
00ba2f2c0cd9a34af770eb252f3a56ce,87fc5ac0e9db92007763e0a2e3169fd2,0,0,940,2200,940,2200
f583e500aeeb515c67025e0300d57051,6ebe438d3d329df63a1839e5cea38637,0,425,699,2498,699,2073
8bd5c0419fe5af4adb4bce96ca86b2c8,b66a61aa1e48e276534cb2a9efaece88,0,0,943,3518,943,3518
112da6c5c3402c9691db1a8d62cf7e37,d5eb195de6250e1274fa6fdc5f865976,0,0,1115,3518,1115,3518
0e7981072f41e298184c3546d38157af,938c92a0ef8ad654bbd88a0384785945,1961,448,2800,3518,839,3070
f1b567bf8d90eae043734c48db8d184c,7cd87931f084d44108d9804f645f53d1,1894,0,2800,3319,906,3319
2e6115ae61492ff861182ec975172d3a,97ad7b232bc3eb6b1b90a419ffed7fa2,1296,0,2012,2130,716,2130
00ba2f2c0cd9a34af770eb252f3a56ce,15e2d481fa5cc8df2dd0a8a93b766e53,1846,0,2800,2221,954,2221
f583e500aeeb515c67025e0300d57051,ede4b0ad9dabf09afa20de9faf33f379,1829,0,2800,3518,971,3518
2e6115ae61492ff861182ec975172d3a,7ddd66b9f4fabf7bd8d80b5a327fd831,0,256,749,2287,749,2031
7fd9c5dda625564ca7650fa4f6598358,c2adb4bcb2e3bbfca4c347a504567d2d,1846,0,2800,2725,954,2725
f583e500aeeb515c67025e0300d57051,174eb58afb7ce521f76e959f7e3281d0,0,0,824,3066,824,3066
28c12994a7c4ebe44d80008b1266f5ed,1b2a94f12b5604db29f46e1aa2a60482,0,0,967,2890,967,2890
5e3d1deeea68e248e65fa0e03249f925,a0d839825d6307104467c0f2a11c6ed0,0,412,1165,3518,1165,3106
233b85a62a06f3101f84c2cae27d442f,c9142b82d6ce38a8dc3bb127229177c0,1350,169,2800,3030,1450,2861
fea8c8cde7c9cb62805a154b414a1efe,cd1db4b9e984c005a121d99bb442a644,0,121,952,2470,952,2349
00ba2f2c0cd9a34af770eb252f3a56ce,1095b6e3fd733c527a98c2ee2df95e5c,1838,490,2800,2731,962,2241
d35b1a4107f0d52e18acdd7a9360ca85,34f2d0c18511aa05a4d6dd8d514a0f00,1437,0,2800,3518,1363,3518
7fd9c5dda625564ca7650fa4f6598358,ac9eaab751433a99b46440ac8977575c,0,545,936,2775,936,2230
d35b1a4107f0d52e18acdd7a9360ca85,35b22f011dfcaf5062384eaad4cbe821,0,0,1345,3518,1345,3518
8bd5c0419fe5af4adb4bce96ca86b2c8,f9c14e8bf740c710f40846d98123a58d,0,339,964,2787,964,2448
7fd9c5dda625564ca7650fa4f6598358,d5100a66c8cfcc8d71e4e1925a8c23a8,1896,849,2800,3518,904,2669
7b17b1d061b038ceee40c3811341b2fc,fc756aa345c85a94ce5e9d9066cd7247,2046,421,2800,2482,754,2061
2e6115ae61492ff861182ec975172d3a,7363d5e6872e3844626a15a6e08a89c3,1312,0,2012,2283,700,2283
2e6115ae61492ff861182ec975172d3a,cbcad5384dbe7b9700a0a08c7c45d64d,0,0,825,2397,825,2397
7b17b1d061b038ceee40c3811341b2fc,b034e7a53c1d9964d85c222267f663b9,2037,0,2800,3518,763,3518
7b17b1d061b038ceee40c3811341b2fc,5ec31710f02e8a75d7f2afe393e33e84,0,490,788,2601,788,2111
7fd9c5dda625564ca7650fa4f6598358,123d1ca46100fa7bf559d7a2460e1d4e,0,0,1017,3518,1017,3518
6c0c69ac87bab684ae9430a40f2839f2,3b78f0183c08553ffa44a799ae53cae5,0,399,939,2766,939,2367
5e3d1deeea68e248e65fa0e03249f925,10f51b35c67d32d449557c631f84461c,1737,485,2800,3518,1063,3033
5e3d1deeea68e248e65fa0e03249f925,a9affff93a9e6059f5dc3c02be3ce280,0,0,1239,2484,1239,2484
973bd2de8e4dba021c5bcfa1086d0c2c,23128b04a5c4df2a94c9a51f0a2be1bb,0,330,1000,2545,1000,2215
5e3d1deeea68e248e65fa0e03249f925,e5ffcc53f0a8a480596751ad19291b14,1643,0,2800,3126,1157,3126
e3877a7387a670f7f948f3927b9441fd,1264b7e7c36d4d9b433373c302780fbb,0,379,822,2610,822,2231
233b85a62a06f3101f84c2cae27d442f,997d20433c787f23a59de0e3bcdce6be,1111,0,2800,3019,1689,3019
0e7981072f41e298184c3546d38157af,b4295609c199b2d781ab2afe59223012,0,137,781,3096,781,2959
ba68e45e8918053a5c13622c927baa20,a73f16b15e00d0d8a888cf9724d0d7da,0,77,1084,2405,1084,2328
ba68e45e8918053a5c13622c927baa20,56154ac92606bc003d892b644e8890e6,0,0,1265,2812,1265,2812
e3877a7387a670f7f948f3927b9441fd,c39022642229970dd0bf23facc786b91,1966,502,2800,2795,834,2293
ea0bde28915067a3c6a686d841a2c2b4,c27241007c98281fa2ea54d2751de3fa,1362,95,2012,2015,650,1920
928ef6e18ceab4b0fbe8b4df9dcc87ce,60369030137e0dbf6e11ce8a1c16a842,0,0,705,2946,705,2946
928ef6e18ceab4b0fbe8b4df9dcc87ce,a7ac720056c7fa9bd9ac98678cb4eefe,0,609,584,2462,584,1853
6c0c69ac87bab684ae9430a40f2839f2,19e9ed0d9ee5b63e5f5039de391de59d,1995,578,2800,2726,805,2148
6c0c69ac87bab684ae9430a40f2839f2,c6e20c10f39a1d1f102b4465d13134a4,0,0,1061,3518,1061,3518
77265393c274ed0a3f847116ef2c141e,79e21ca17dd11b986c323a58c4d1ae2f,0,101,1040,2728,1040,2627
77265393c274ed0a3f847116ef2c141e,7852a5450abe44c5d5dc7b19b19affb3,1773,126,2800,2640,1027,2514
e3877a7387a670f7f948f3927b9441fd,db11cda2213f36113419be8947d2a793,0,0,1441,3518,1441,3518
5be15564e7f8c5593194a380ff2e1d7f,3b2330a4ee7eae5e0c7b55409b337c94,2241,734,2800,2331,559,1597
0e7981072f41e298184c3546d38157af,adb434aaa92e48843bc19b975d242fce,1825,0,2800,2675,975,2675
6c0c69ac87bab684ae9430a40f2839f2,6b515f0f0834b393a47baa6adf3b1b62,1741,0,2800,3518,1059,3518
5be15564e7f8c5593194a380ff2e1d7f,81aa41932e5729ebe88376dad8bea224,0,1104,607,2734,607,1630
77265393c274ed0a3f847116ef2c141e,aef591b4741cf84c2aee5ef92537a8e3,0,0,1100,2702,1100,2702
c35cfa4c2b4f469e6c6f7f3a8a14827f,2dc9b531dae1e06ae06d6c908dfd2644,0,656,846,2521,846,1865
c35cfa4c2b4f469e6c6f7f3a8a14827f,74595f381c8be460a560f98bc434469e,1146,381,2012,2354,866,1973
9b7180de5d5a211e5fd063faf3d39147,5aefc4106baaa746ca3eb5b3357637f3,1841,77,2800,2333,959,2256
5be15564e7f8c5593194a380ff2e1d7f,ce5902005b02a9d2b9f4510c3f49ae6a,0,0,764,3142,764,3142
77265393c274ed0a3f847116ef2c141e,230d6029b2c287ae8a1b5e17517471a6,1673,0,2800,2571,1127,2571
c35cfa4c2b4f469e6c6f7f3a8a14827f,8f5ba150a762ce0dc56f074750f67bb4,0,0,736,2812,736,2812
89db4033799508d0ddfa34ecc3d2cee2,5422f474ceff4750ee23f90a8046434a,0,575,699,2433,699,1858
ea0bde28915067a3c6a686d841a2c2b4,c2baf9d56fccbf3a997a4e138a1d8214,0,333,701,2284,701,1951
e3877a7387a670f7f948f3927b9441fd,a6f05f904fc1f62a5ccf9c1702a2f273,1896,0,2800,3518,904,3518
c8f1794fb4ead580d257c79b35b9e946,32496c746ce11251f6a9aa239b634182,0,702,1020,2669,1020,1967
c8f1794fb4ead580d257c79b35b9e946,3fa2c9f1b9c3c9e0e355ac9f29e5f737,1849,384,2800,2304,951,1920
5be15564e7f8c5593194a380ff2e1d7f,236e7e7000dc41b79a388d067d906352,2103,0,2800,2173,697,2173
9b7180de5d5a211e5fd063faf3d39147,1675d2b505117f37a6c6b0e20239cced,0,0,957,2826,957,2826
ba68e45e8918053a5c13622c927baa20,6a030e8342db46ae972ed462678f3e36,1004,185,2012,2475,1008,2290
928ef6e18ceab4b0fbe8b4df9dcc87ce,77462cea84cb71dcb695b7bbfc6600a8,2114,402,2800,2327,686,1925
92c046067cef4c13847438cd1142c7ed,80d99c2744667937ca80cc885abb979f,1937,0,2800,3108,863,3108
1083d6c6778c44746258a0314d8267bc,88a7cdf5215bb6b6385daba8f9c80e5b,1924,0,2800,3518,876,3518
0a0c5108270e814818c1ad002482ce74,cb8a1b1282b4b16c0f322e9fc89a9c35,1964,571,2800,3518,836,2947
40fd03a5bb87d107c5807c0f89076b0d,909a6a8085377952165d95ad284d2a83,1912,0,2800,3518,888,3518
89db4033799508d0ddfa34ecc3d2cee2,53230c9f7855afa0a521d5c1b0b63185,0,0,755,3044,755,3044
ea0bde28915067a3c6a686d841a2c2b4,b49c5fb32975927b5977ea1a9f71d3d6,0,0,780,2812,780,2812
28c12994a7c4ebe44d80008b1266f5ed,fd9236d6886686a04af49a2e6a919a83,1836,0,2800,2802,964,2802
928ef6e18ceab4b0fbe8b4df9dcc87ce,c3c072de9a0ed43f2e832f358ec81fdc,2152,0,2800,2996,648,2996
fce53bbf985d83e76e3ce1403e8c8540,70302c89bb905d2b776160e6d8da9d08,1946,593,2800,2882,854,2289
c8f1794fb4ead580d257c79b35b9e946,0cacc338d6f74c9874fc27a81b44e350,1767,0,2800,3414,1033,3414
1025fae5d2cdb5be023144e81e1ffd79,a205bd9685719492b7122804759a4601,1848,583,2800,2637,952,2054
973bd2de8e4dba021c5bcfa1086d0c2c,fd0c0b70adb9608b5b2dcf57f05668f3,1613,0,2782,2748,1169,2748
fce53bbf985d83e76e3ce1403e8c8540,e81d16a1df2ad82c71f443cc9e07f0b6,1763,0,2800,3518,1037,3518
9b7180de5d5a211e5fd063faf3d39147,05fdb16c86e8734788ed2989f5c92671,0,225,962,2530,962,2305
7b17b1d061b038ceee40c3811341b2fc,f35654a9b6747cb28255aefb999e55e7,0,0,864,3518,864,3518
ba68e45e8918053a5c13622c927baa20,9181ca27df2f5259bb94ee3ec4540cc9,808,0,2012,2812,1204,2812
c8f1794fb4ead580d257c79b35b9e946,a264b452500a089fb7d9dad7ce459d37,0,0,1086,2918,1086,2918
c35cfa4c2b4f469e6c6f7f3a8a14827f,a4a009064c05664469ac1d0599fe85dc,1206,0,2012,2812,806,2812
1025fae5d2cdb5be023144e81e1ffd79,d00d8f56dadf148a0d9453eb7f90b569,0,0,975,2483,975,2483
b1ea3a30c883b0e10b1e1a4afc2fc55d,6005c4c1b5532626ec05540117b230a6,1691,300,2800,2470,1109,2170
40fd03a5bb87d107c5807c0f89076b0d,a1a7fafa84056120b08e453c2fc0fe08,0,0,869,3518,869,3518
89db4033799508d0ddfa34ecc3d2cee2,8989f2e71d10da8b08d309f0afb91533,2062,635,2800,2588,738,1953
1e4acd08f793169cd0f00e35a1fa4c7d,cf7ba03830dca57021062ea8efa83d2d,0,0,1150,2859,1150,2859
40fd03a5bb87d107c5807c0f89076b0d,94bb562605ae3ba8d6cc391b78add9c3,2035,641,2800,2681,765,2040
1083d6c6778c44746258a0314d8267bc,39ad97546ce47c345f839acf72ef8ec2,0,0,787,3518,787,3518
1025fae5d2cdb5be023144e81e1ffd79,fdd9cfd938ec7ed6c84b9c432601b3c0,1839,0,2800,2581,961,2581
3c6a6210c7adf47cba39486cc160230a,05a587bef120fd75c5ff3084762b3a7f,0,0,993,3518,993,3518
0a0c5108270e814818c1ad002482ce74,7a3df96890c90370590984ca196d1b40,0,0,839,3448,839,3448
0a0c5108270e814818c1ad002482ce74,0a6a90bdc088e0cc62df8d2d58d14840,1945,0,2800,2616,855,2616
40fd03a5bb87d107c5807c0f89076b0d,db9e8b5a74f34c19b694ee430936033d,0,797,779,2826,779,2029
1e4acd08f793169cd0f00e35a1fa4c7d,a148a50dc13002f343367ae0b0ebc31f,1717,846,2800,3518,1083,2672
1083d6c6778c44746258a0314d8267bc,e4438a21a2069c5bd9ae1fc4265f7801,2053,873,2800,3518,747,2645
973bd2de8e4dba021c5bcfa1086d0c2c,6db51537e772e0a41305519fbcf5ea31,0,0,1139,3580,1139,3580
9e4a6d8da350d9e44a0f5545c5dc4d2b,f7c152b35931e88ad54660d79ebe59d8,0,0,985,2473,985,2473
ea0bde28915067a3c6a686d841a2c2b4,a20c42df6ec5f0005ed2b04474197f1b,1278,0,2012,2340,734,2340
1e4acd08f793169cd0f00e35a1fa4c7d,3da3ec08911f5d8679c78bc6422e0e7c,0,637,1110,3453,1110,2816
0a0c5108270e814818c1ad002482ce74,1b66d3ea1dae116b7c0e87e3caab3340,0,358,814,2752,814,2394
3c6a6210c7adf47cba39486cc160230a,83c85e93728f063aece3125469ca935c,2058,805,2800,2741,742,1936
1025fae5d2cdb5be023144e81e1ffd79,478575d1fab98db6a27e0c87b167f6c0,0,637,936,2744,936,2107
fea8c8cde7c9cb62805a154b414a1efe,ec71e1837dc028353032825a2721da14,1063,0,2012,2812,949,2812
1083d6c6778c44746258a0314d8267bc,70cb8a10bae57181c01033efdbcc32e8,0,596,783,2843,783,2247
1e4acd08f793169cd0f00e35a1fa4c7d,3398afd26b6167deb74a1d0de2b978de,1608,0,2800,3187,1192,3187
89db4033799508d0ddfa34ecc3d2cee2,fe66db33ae90d3de4173b03d2b43809b,1869,0,2800,3070,931,3070
b1ea3a30c883b0e10b1e1a4afc2fc55d,a214a9a9863e29545a77970ba166de3a,0,0,1065,2629,1065,2629
3c6a6210c7adf47cba39486cc160230a,f39e07f8d93e78f1c6d9ae3e00c9f2ce,1912,0,2800,3518,888,3518
9b7180de5d5a211e5fd063faf3d39147,2866e87de91bca2b6d9336c7310cffcd,1867,0,2800,3518,933,3518
973bd2de8e4dba021c5bcfa1086d0c2c,ce00a3d09a67659c9ca5a3f6e7e3532f,1810,166,2798,2512,988,2346
679367ea933e7799367c5f1fb3ad7f91,678b9461964bda0ed09f80cdbf8ab3e7,1788,0,2800,3413,1012,3413
3c6a6210c7adf47cba39486cc160230a,d1c76a5fa49feed657abbf687a9a764b,0,607,688,2487,688,1880
679367ea933e7799367c5f1fb3ad7f91,c09991d4e2258364f80ccb7b44fd5e0e,0,0,1067,3459,1067,3459
b1ea3a30c883b0e10b1e1a4afc2fc55d,dfce6f5b459be781d936107a3c1d649b,1694,0,2800,2641,1106,2641
b1ea3a30c883b0e10b1e1a4afc2fc55d,df26762e7c847377fb42346b2c7c1bed,0,519,1071,2686,1071,2167
679367ea933e7799367c5f1fb3ad7f91,a094dbe2f5695714bc1625028f6c07f4,0,0,1044,3518,1044,3518
679367ea933e7799367c5f1fb3ad7f91,34a68c5fe4eb88411e37472de8b8ef81,1838,0,2800,3518,962,3518
ef73a721f0f0415ec4eba70f248604e2,97ae06413e923794e62fd066d8b0b819,1980,0,2800,2523,820,2523
b16e05735fea8b06a2f2b2cbcec371bf,012e8191adb9149484cc1efc587b6998,1086,450,2012,2367,926,1917
8851da72a07732833ad812f3b865b5a5,197a0fcd8f837ae9741b40cbbd4faa7c,0,0,1019,2119,1019,2119
b16e05735fea8b06a2f2b2cbcec371bf,6cf0833ea52f693d37ac7d3f01b1f470,986,0,2012,2812,1026,2812
aba909f14c21dc68e13e516c8a8cbb7e,aad09d3b49967b0e47f36138aa513b27,0,1010,419,2556,419,1546
71493fd15755e29bd1bc9aa577553651,642844169eff1a4691bf321924b0e4dc,0,272,1161,2725,1161,2453
ef73a721f0f0415ec4eba70f248604e2,18e28ab64995f13aa024c69d7cf53842,0,794,739,2799,739,2005
8851da72a07732833ad812f3b865b5a5,38928406dd0c3541e6c168ddb88425cf,964,0,2012,2782,1048,2782
2aa5a38e39e63a089feb1ecf4dbc2ea4,525a35260f5484d6d3bcb897fbf16364,1696,0,2800,3518,1104,3518
aba909f14c21dc68e13e516c8a8cbb7e,06691f5dc2caa5f72c05d4b26af810cf,1731,0,2812,2698,1081,2698
71493fd15755e29bd1bc9aa577553651,0d2eda71fd3da645694c8e61262a06e0,0,0,1118,2838,1118,2838
8851da72a07732833ad812f3b865b5a5,884cc85c45838bf3c9b1fbb5522a81c6,0,0,1095,2716,1095,2716
71493fd15755e29bd1bc9aa577553651,64387c0e5a6fbad1cab57790efe21891,1878,27,2800,2522,922,2495
2aa5a38e39e63a089feb1ecf4dbc2ea4,f5d665656a4f983fdadcd55a00e02dce,0,228,1129,2608,1129,2380
8851da72a07732833ad812f3b865b5a5,9e6864a02e72d98d7915487456040926,1028,0,2012,2812,984,2812
2aa5a38e39e63a089feb1ecf4dbc2ea4,e70569b3f02c3b47159de27a3c480391,0,0,1132,2970,1132,2970
71493fd15755e29bd1bc9aa577553651,ff8c441e765f0635a80b134ae2bb311f,1770,0,2800,2771,1030,2771
aba909f14c21dc68e13e516c8a8cbb7e,0806729f6ebeb658662051e8bdcfab3c,0,0,814,2635,814,2635
a53d611f7387a0d7828ac28b53ad8f8d,628e752f18004e6bf9efec50522a295c,1771,0,2800,3288,1029,3288
2aa5a38e39e63a089feb1ecf4dbc2ea4,d24c088be30f0d1b4b3346f45a4a9e78,1716,229,2800,2616,1084,2387
ef73a721f0f0415ec4eba70f248604e2,11b9f8ddc3f36b46206ed5328c100838,0,0,733,2393,733,2393
a53d611f7387a0d7828ac28b53ad8f8d,f0cad0ee9e56d47a1b352d667e8d2bb9,0,431,1011,2497,1011,2066
a53d611f7387a0d7828ac28b53ad8f8d,9cd11bfad89dd3529d3113b84716e044,1821,244,2800,2232,979,1988
efb1201b3375f966f79743fa1f1bd3f4,8bc3a0e5a47b048fc12afb6bb45af2b1,0,655,924,2881,924,2226
aba909f14c21dc68e13e516c8a8cbb7e,f48421c66df7a8d198f64022fbc6b5c8,2164,1198,2812,2665,648,1467
e1c2ec03c616196b5e8f9b0b33e0d8e8,30abd3247fff12dc5deb745f8782fc4a,1871,286,2800,2383,929,2097
73c7145e9af74c1f07e0983c0dbdf792,c8bf13b4b2e00daed45ca291fb31d822,0,363,963,2673,963,2310
d653b35230d6ab6ef57e016e545c7261,0e4934773c1bf4a9a4569bcf00da0fca,0,622,781,2615,781,1993
2ee09134c4092db92192e59c2d7c2ce4,9da35fe1a2f3b77b22f2cba08543be1b,1742,0,2800,3518,1058,3518
2ee09134c4092db92192e59c2d7c2ce4,cef865f2fd5d6e0f752045b2b5138832,1955,652,2800,2796,845,2144
d653b35230d6ab6ef57e016e545c7261,2fd66068b5ed3891104e8446f15285ac,0,0,815,3377,815,3377
562e918f654de165cb09b07ff79ba0d5,254c572e07f6cd7415a708b3ac140107,0,232,1015,2715,1015,2483
a53d611f7387a0d7828ac28b53ad8f8d,53f1d075936c67fa89d9b273937015f8,0,0,1087,3518,1087,3518
efb1201b3375f966f79743fa1f1bd3f4,d8c12b315e5bf1c1f8849d3cdddea478,1999,682,2800,2770,801,2088
e1c2ec03c616196b5e8f9b0b33e0d8e8,0071fb50c07c4c6f49df3667b8715d58,1848,0,2800,3078,952,3078
b16e05735fea8b06a2f2b2cbcec371bf,b021bb379f747c45e88e5285b97f0ab1,0,501,909,2467,909,1966
6a015ff718625303ff6dbb763f0e7367,92dbec26609cb89bb7f44a99cb5e8e03,2083,482,2800,2421,717,1939
b8acac150be7f949f78dc631a3851f8b,dbe631b24f8759c7f7022513582c39ba,1765,1200,2609,3398,844,2198
6a015ff718625303ff6dbb763f0e7367,2c9849db92a18f7cbeb2aed9d5d3ca07,0,0,822,2381,822,2381
73c7145e9af74c1f07e0983c0dbdf792,0e96ec45aa09a1b8374c83bf963bda65,1853,35,2800,2317,947,2282
73c7145e9af74c1f07e0983c0dbdf792,43b3b020728c074af7246f1e8e1162e4,1793,0,2800,2881,1007,2881
efb1201b3375f966f79743fa1f1bd3f4,ab3298979f993fa94082a4a8e0c6694f,0,0,862,2733,862,2733
73c7145e9af74c1f07e0983c0dbdf792,47d62f5f8c2db4a7b353781913ee978d,0,0,1094,2910,1094,2910
562e918f654de165cb09b07ff79ba0d5,f5636c7beb3c7c1a271a84ae475427c9,1497,0,2800,2772,1303,2772
d653b35230d6ab6ef57e016e545c7261,4d2300f7899d1b06f83231892de0fb48,2007,292,2800,2781,793,2489
b8acac150be7f949f78dc631a3851f8b,bdf1539e07e60cfcb5e7833f5b63fa86,1643,0,2706,3580,1063,3580
b8acac150be7f949f78dc631a3851f8b,621c0c5e87d4e652b158beb4f5cd036b,0,0,971,3580,971,3580
e1c2ec03c616196b5e8f9b0b33e0d8e8,6698e707eda1f011dedd300565f09801,0,446,1119,2719,1119,2273
e1c2ec03c616196b5e8f9b0b33e0d8e8,919e66616c382218fe5e37a8ad259a5e,0,0,1099,3447,1099,3447
2ee09134c4092db92192e59c2d7c2ce4,bf5a45c5cafeebbc926cc801f02eb103,0,712,1033,2881,1033,2169
562e918f654de165cb09b07ff79ba0d5,cd73b50767d1c06cc5df418984949e00,1662,325,2800,2872,1138,2547
ef73a721f0f0415ec4eba70f248604e2,8b04f247fecaaeb3aae3fd0b9db0a02e,2048,647,2800,2619,752,1972
6a015ff718625303ff6dbb763f0e7367,63c82e14fd966a8dc7fa9ae0d3d2dec2,0,532,815,2597,815,2065
2ee09134c4092db92192e59c2d7c2ce4,049b8ec439f6ca45402c9b2eb216f4ed,0,0,1025,3518,1025,3518
562e918f654de165cb09b07ff79ba0d5,19604f12fd7e0dd566924d87b7b5d028,0,0,1244,2859,1244,2859
6a015ff718625303ff6dbb763f0e7367,17c02666ce809ae24ae3fd2313c51bb3,1949,0,2800,2644,851,2644
0235ca5feed683d1a7d3bb7960dfb697,e0ab4041d21e6e76ee8f910cbf0ea049,1650,0,2800,2930,1150,2930
0d1729d8b441019fc5307a691dbf8eb0,d5711c4d1e1ff9b200d695fb5d70201d,0,0,894,2302,894,2302
6534d535a185200be29da82c7dee2acc,b662b0dd6607e3aa54e7c6158fe9c793,0,0,1088,3092,1088,3092
efb1201b3375f966f79743fa1f1bd3f4,e23468f3a72fbf78f4d96c95e70f2ee7,1895,0,2800,3518,905,3518
6534d535a185200be29da82c7dee2acc,a70563c734da0a022b9996c451657f59,1798,384,2800,2756,1002,2372
0d1729d8b441019fc5307a691dbf8eb0,77d3985d3c47e09ce74d8b57725038d7,1932,0,2800,2501,868,2501
6534d535a185200be29da82c7dee2acc,42237c0f0e2a20d0504f0d45059ec1be,0,488,1032,2662,1032,2174
b16e05735fea8b06a2f2b2cbcec371bf,f1097a8a50765e2261af176d00347cf0,0,0,1032,2812,1032,2812
0235ca5feed683d1a7d3bb7960dfb697,806ce2ed638cce88558628e33e8f1d6b,1762,232,2800,2699,1038,2467
d653b35230d6ab6ef57e016e545c7261,c9e1147af8806b651c2551953e57e1c5,1999,0,2800,2115,801,2115
0d1729d8b441019fc5307a691dbf8eb0,5afcc89fb0be4b9545d2c09e46406873,0,407,878,2266,878,1859
0d1729d8b441019fc5307a691dbf8eb0,5c1030ca89d5810841e9c4571159197f,1897,519,2800,2513,903,1994
0235ca5feed683d1a7d3bb7960dfb697,03d4be3d0b52e8983c433d5761412ce6,0,283,960,3490,960,3207
b30273f6d22c2bf6c7b53b9ce252fb71,96abf417a3be74faf0a582cdfd913d4c,0,339,679,2159,679,1820
baf8826de23e6964333873b936add16d,fe75674a538757c00e1fe31a4b74bd16,1627,0,2812,3580,1185,3580
6534d535a185200be29da82c7dee2acc,2fc6488121005e7143a091dee0d23781,1723,0,2800,3068,1077,3068
0235ca5feed683d1a7d3bb7960dfb697,d56c74d86bec7e01e79939397f17b354,0,0,1108,3073,1108,3073
b30273f6d22c2bf6c7b53b9ce252fb71,bcdee42b0cace018b4435e4799257cb5,1297,458,2012,2386,715,1928
b30273f6d22c2bf6c7b53b9ce252fb71,c2b9ea847139554600e1d22d479bc98f,1263,0,2012,2161,749,2161
a8f590a5b3a26a7164d9a84207d6feac,7c877cec6f7cb8852f9489a8a9a5f0ab,0,652,978,3518,978,2866
b8acac150be7f949f78dc631a3851f8b,8e2ebc4589ff147885a02a9ed8b36531,0,850,887,3580,887,2730
a8f590a5b3a26a7164d9a84207d6feac,3cf27111ae413ec6f2cab10a66858709,1869,239,2800,2289,931,2050
b30273f6d22c2bf6c7b53b9ce252fb71,7302cfa7dab6a3b300d440007558d9dd,0,0,767,2812,767,2812
1e23350a1da64abd78dc27a56f966186,ca82a478cab2884afd41a7aaaf2cd36e,0,700,915,2650,915,1950
baf8826de23e6964333873b936add16d,984d290c15646f9113498a06d0a87b3c,0,0,1284,3209,1284,3209
baf8826de23e6964333873b936add16d,8f2941c5f8293293d8bc92712fca5bd5,1689,409,2812,2723,1123,2314
a8f590a5b3a26a7164d9a84207d6feac,13b4ee6802e3555f3b8fc4a145460ee5,0,0,1101,3518,1101,3518
baf8826de23e6964333873b936add16d,6c1b365cbbaac1a040a005a3dd9c2f39,0,680,1221,3050,1221,2370
1e23350a1da64abd78dc27a56f966186,1f7810314e30e081e2d81ddb34019cc4,1837,638,2800,2609,963,1971
a8f590a5b3a26a7164d9a84207d6feac,a520e28c700294acd52dbb87c343bbd4,1856,0,2800,2854,944,2854
1e23350a1da64abd78dc27a56f966186,42670b1f3b20518b71e9ae297859ccf1,1812,0,2800,2983,988,2983
5d97254382a3079830523a3b1bb427bf,1e88849d689a88d8801f4584cf22bde5,1726,563,2800,2738,1074,2175
5d97254382a3079830523a3b1bb427bf,673bfe48839dd592b99146bf2c38961d,0,558,1079,2704,1079,2146
5d97254382a3079830523a3b1bb427bf,ae8c52a47a872f740d7a6b8fa41cc9ad,1620,0,2800,3518,1180,3518
8ec64d7fcb01cb582052533c9ea00e1c,80480238dbb969ee4a9c04dc3f60fbb1,0,0,1239,3465,1239,3465
8ec64d7fcb01cb582052533c9ea00e1c,8cb10fd44abc45558929172778bb0992,0,442,1192,2723,1192,2281
1e23350a1da64abd78dc27a56f966186,4cafad9b80e5f82859f78518c0cb4849,0,0,967,2816,967,2816
5d97254382a3079830523a3b1bb427bf,05fb08728b34ebf67805056e87e2c8dc,0,0,1138,3518,1138,3518
5abeaa51524dc1777482b2d277ede105,3e8a13b4db7191e5e838e6a889affe20,0,695,859,2981,859,2286
5abeaa51524dc1777482b2d277ede105,0874aa7e744445f38cc02ffd083890ea,2196,453,2800,2661,604,2208
5abeaa51524dc1777482b2d277ede105,42a5ba37c61a4471edc817af49167eb5,1847,0,2800,2501,953,2501
5abeaa51524dc1777482b2d277ede105,b27f3f88d770bed5df0d0f7578e71800,0,0,930,3518,930,3518
a4046f021f9de4265a5c01ae953b9f09,38b501c62a3af16284bd79f211981ade,2020,642,2800,2640,780,1998
a4046f021f9de4265a5c01ae953b9f09,9eabb54954fc44682ff3330aa877baf9,0,0,1076,2979,1076,2979
a4046f021f9de4265a5c01ae953b9f09,a8e59b1bda9b7d6ae5fcd9ac543bad56,0,527,939,2634,939,2107
a4046f021f9de4265a5c01ae953b9f09,cc2488a35ad924c88d9822d745a9ce30,1918,0,2800,2906,882,2906
6ff83dc23a1a8b2cc820320236a5350e,0d3eb654aa917150460ff19c609bce8b,728,269,2012,2606,1284,2337
6ff83dc23a1a8b2cc820320236a5350e,deb87648089924e053983bf444715bb9,0,217,1234,2812,1234,2595
6ff83dc23a1a8b2cc820320236a5350e,b8e83727e8ff6e10d9a443a35a9179d9,0,0,1206,2610,1206,2610
11104ee1c6a4ffc580ab359bd2ff0f03,269b0e2dcc0d301c13a3f235bae909e1,0,0,2012,2812,2012,2812
6ff83dc23a1a8b2cc820320236a5350e,3c0f00c60e40f7a2a3e51cdac3058de1,867,0,2012,2674,1145,2674
11104ee1c6a4ffc580ab359bd2ff0f03,be52b4f882a8bd451a7f6340df49fa76,0,0,1806,2812,1806,2812
ad4c1002ec151709d87f40bd2d33ec3e,ea62e2840e95c5ce494f7060d1624802,0,488,508,2488,508,2000
ad4c1002ec151709d87f40bd2d33ec3e,90785c79f74f9c4d5b3421df1eeebc40,1215,0,2012,2812,797,2812
11104ee1c6a4ffc580ab359bd2ff0f03,5afff71a5b24cce2e37053222fdb0b81,289,0,2012,2812,1723,2812
11104ee1c6a4ffc580ab359bd2ff0f03,6faab2326c761cbff07324cd7d849325,0,0,2012,2812,2012,2812
8ec64d7fcb01cb582052533c9ea00e1c,70973c1903b72550c72ba8026d6523fd,1485,472,2800,2785,1315,2313
ad4c1002ec151709d87f40bd2d33ec3e,61fea443cb545eb72bb2d71efe726ca5,0,0,703,2123,703,2123
ad4c1002ec151709d87f40bd2d33ec3e,cbb42c7bff29ccc5dd3fc930a3663d9e,1478,557,2012,2547,534,1990
4d73151d25e8a64ceac3ad18ff88c664,7be4b8b091a9c401354db38de4d9394b,1835,503,2800,2624,965,2121
4d73151d25e8a64ceac3ad18ff88c664,90005358ea70a2c5d0f7ab42133f1a32,1668,0,2800,2770,1132,2770
4d73151d25e8a64ceac3ad18ff88c664,c552822add6ad294fb48e396fd5e6598,0,466,1053,2643,1053,2177
8ec64d7fcb01cb582052533c9ea00e1c,eff7d3d7a1c76c1b8b21ffbbe56ca3c2,1557,0,2800,2494,1243,2494
428b656fce3168763e8f2fccb4ffdfba,136a7d195b654c4bf862fdd076c77574,0,236,739,2338,739,2102
428b656fce3168763e8f2fccb4ffdfba,b0124dae990a237fc01f625feea67a52,1926,864,2800,2785,874,1921
428b656fce3168763e8f2fccb4ffdfba,360a2637d08a1b3f8fef4f3a3e14e717,0,0,732,3518,732,3518
e9202914d886b2250485039a6545d202,dd131ca9cb80daff5e019d3905363e69,0,0,823,3046,823,3046
4d73151d25e8a64ceac3ad18ff88c664,17ea6bea26208c17faa5db570d57f85d,0,0,1204,2816,1204,2816
428b656fce3168763e8f2fccb4ffdfba,c0d6b03b2add28581aec656ad0d10613,1831,0,2800,3518,969,3518
e9202914d886b2250485039a6545d202,0da2f319b592f983c0b028152999f18b,0,274,855,2317,855,2043
e9202914d886b2250485039a6545d202,dbea27bca9f6f60c59c41ff28f4fa67a,1929,560,2800,2401,871,1841
69047ef9628192e208d91eaa0ad0c15f,6012e2b7b0601a13e5b9690dbc1dc72a,0,666,727,2738,727,2072
e9202914d886b2250485039a6545d202,b27288bc829358911d45c50aa6024e6a,1901,0,2800,2843,899,2843
69047ef9628192e208d91eaa0ad0c15f,2b9e158333613e15eef6e7adbc8353d5,1992,453,2800,2755,808,2302
69047ef9628192e208d91eaa0ad0c15f,d0607ec43da82678a2e23182de4a8f13,0,0,863,2770,863,2770
16ea517b8a6ed18fe6cefb0e100ff7ee,b9e891b754cb3c5b6ecb4b202e8be242,0,0,1192,3518,1192,3518
16ea517b8a6ed18fe6cefb0e100ff7ee,cca6a5fe68b917e8f180e82f9248fda9,1517,0,2800,2472,1283,2472
d8ed2802a26e7f5755becfa0b1ce1f8f,62ec0cf4269fffbc2dbd1a872bbf6f22,0,122,1111,2812,1111,2690
c9bf7a8ab7246729d66d3125f77250c5,6db25afb04a1b448503aa037a4b955f4,1877,444,2800,2629,923,2185
d8ed2802a26e7f5755becfa0b1ce1f8f,ab87b569dd774fb5d4eec76fbcd48c38,1083,0,2012,2776,929,2776
c9bf7a8ab7246729d66d3125f77250c5,c8321b99660f7c3309a73120e2d7034f,0,0,1104,2968,1104,2968
c9bf7a8ab7246729d66d3125f77250c5,03fd56d2b8ad85b9f1eddc9d07fa5c3c,0,421,1033,3518,1033,3097
69047ef9628192e208d91eaa0ad0c15f,f4527091986cedf8d61c72040fdecba2,1901,0,2800,2748,899,2748
16ea517b8a6ed18fe6cefb0e100ff7ee,4112f99864ccf04ca5e6b12f3921bcdd,0,0,1140,2651,1140,2651
c9bf7a8ab7246729d66d3125f77250c5,b934cdb31aeabf5d6cbeb6caa32ab73b,1701,0,2800,2938,1099,2938
d8ed2802a26e7f5755becfa0b1ce1f8f,ffff43ffbe56fd959c81d83a5ecdc4dc,0,0,1025,2812,1025,2812
16ea517b8a6ed18fe6cefb0e100ff7ee,ab11784a1d0a2df806daac802ce31d9f,1495,0,2800,3518,1305,3518
d8ed2802a26e7f5755becfa0b1ce1f8f,ca90dd0570bd22f81863532ab22ba0a9,978,319,2012,2575,1034,2256
917e1fa7a691df313bb1f79eef909f39,fe3ea32467af5a213fcdadf094da1ba5,0,105,1147,2812,1147,2707
b16a792ccb5800d5e8cd23692358ebb3,9816341920117aab2c7ec6f673646b51,1826,93,2800,3147,974,3054
917e1fa7a691df313bb1f79eef909f39,5a03ec9b7e0d5d1e75663c0de00178b4,0,0,1388,2812,1388,2812
b16a792ccb5800d5e8cd23692358ebb3,4721d219896bc9b072d1670e95de25c9,1747,0,2800,3518,1053,3518
917e1fa7a691df313bb1f79eef909f39,3723702fd34a9bc76332aa441b9c1dbe,878,126,2012,2642,1134,2516
b16a792ccb5800d5e8cd23692358ebb3,285f9e42db736912f0b2c51495e28020,0,0,950,2751,950,2751
433626429d0be2b36c55c765ec00bf1b,1f95613123891d9abc88b7e73a6c5a2f,0,0,910,2798,910,2798
433626429d0be2b36c55c765ec00bf1b,58268bc94de977c9f0e13e6762ae895e,1975,0,2800,2646,825,2646
b16a792ccb5800d5e8cd23692358ebb3,a467649e68357574470d37b54026c1a4,0,276,1020,2475,1020,2199
917e1fa7a691df313bb1f79eef909f39,3321b23f1ba519720eb77ef6e01f32ea,464,0,2012,2812,1548,2812
433626429d0be2b36c55c765ec00bf1b,161826d540386a05a00fb7751f7024bc,0,853,898,2781,898,1928
a6cd8003bef893b95b0c32c9ccc57f94,e1fafe748418a38720aec431f9e27f61,1055,0,2012,2812,957,2812
433626429d0be2b36c55c765ec00bf1b,a8b419fe34cbe8bfbc61681435a99656,1971,520,2800,2451,829,1931
a6cd8003bef893b95b0c32c9ccc57f94,5e78a37a42d866f42afefc9b73462bcc,0,410,885,2812,885,2402
a6cd8003bef893b95b0c32c9ccc57f94,8f0e4df6c8295241f5a806a8c35590a0,0,0,958,2377,958,2377
a6cd8003bef893b95b0c32c9ccc57f94,848fd1cc3afeb70471c7ae495620f9f1,1029,145,2012,2812,983,2667
855386729b3c1938efa569eb057bdcac,9bfd1ad34554a017a12bc80624c82e81,0,570,1190,2773,1190,2203
855386729b3c1938efa569eb057bdcac,5d9444c3834c03fb7327a4b54dc1d1ec,1527,0,2654,2983,1127,2983
855386729b3c1938efa569eb057bdcac,226dd5ca133f575c11a0458f965f6d1a,1435,673,2606,2821,1171,2148
1b370456a9e22af6ed3a6892b2f006af,7946485eda2b9ae95011bf8803604710,0,0,1020,2419,1020,2419
1b370456a9e22af6ed3a6892b2f006af,c448a7ac464464751437b754b7b65e48,1704,0,2800,2904,1096,2904
1b370456a9e22af6ed3a6892b2f006af,e18c0c36feb058e5350400ce24ee187d,1871,635,2800,2621,929,1986
1b370456a9e22af6ed3a6892b2f006af,cfe03db5d0bcd553792db1d7eb20087f,0,547,955,2451,955,1904
87bb3b60a3923dfe4118e209d52b650b,1bc10fdc07c8088c12033ea2d3089e12,767,292,2012,2398,1245,2106
855386729b3c1938efa569eb057bdcac,79f40e2ff76108b71b44ac855701672a,0,0,1169,2956,1169,2956
87bb3b60a3923dfe4118e209d52b650b,393bac460cd181095eff571bff72df54,0,0,1119,2737,1119,2737
87bb3b60a3923dfe4118e209d52b650b,b26dbc0ff174b0bbc341d370e97e129f,684,0,2012,2688,1328,2688
87bb3b60a3923dfe4118e209d52b650b,07d72e026e292dd4f303e3e4841cb33c,0,453,1097,2543,1097,2090
2df91aab9edbcf4db7faf8da1079685a,adceda15be6b2af50774ec5e223ef25b,1887,344,2800,2328,913,1984
2df91aab9edbcf4db7faf8da1079685a,3ada899727114a7701072dc636ea1ec6,0,493,920,3518,920,3025
2df91aab9edbcf4db7faf8da1079685a,ba7f6b2fa85f0c80d1db58db89073c49,0,0,973,2639,973,2639
2df91aab9edbcf4db7faf8da1079685a,e5bc3f728fad5d69a6be168c04e6855b,1823,0,2800,2542,977,2542
28a4a6bb5b389475a6b85988366205a6,aafe5ec22b96f67a374b976cf53e0c4f,0,0,874,3580,874,3580
2eed237aeeb4c9edca6d5923e6107fd8,aa63183e0954a9eae0e6ac910acc7545,0,897,851,3518,851,2621
28a4a6bb5b389475a6b85988366205a6,6b358b62a89fabeec95f77e8e6ba94fd,0,97,940,2808,940,2711
28a4a6bb5b389475a6b85988366205a6,114e02fe2a7ef7ba7e6d435e3f37025c,1779,0,2750,2724,971,2724
28a4a6bb5b389475a6b85988366205a6,a594444821b5be01e853df0fc405b71f,1714,571,2654,2584,940,2013
2eed237aeeb4c9edca6d5923e6107fd8,3f3ec60b56a3366e747d8c1e2679edd9,1878,68,2800,3394,922,3326
2eed237aeeb4c9edca6d5923e6107fd8,b53a8431cce6a24581c87177bdc34c70,0,0,983,3518,983,3518
968fd0c76a33137d8c227041ea728bf6,d49b79955d2ce6c4261e0c931c7aee63,1186,0,2800,3168,1614,3168
2eed237aeeb4c9edca6d5923e6107fd8,a7d11f1ceb3867285f31e750eb3838b8,1795,0,2800,3518,1005,3518
b9c15e629cf02f501acbc194420d749c,53407545c60d323158544eea4f7e3cf1,0,432,955,2935,955,2503
968fd0c76a33137d8c227041ea728bf6,c71921f95a1c02e242ecaa2a731e614f,1362,585,2800,3518,1438,2933
968fd0c76a33137d8c227041ea728bf6,c89a8dd3fc80a4927de00ada5668293f,0,414,1298,3518,1298,3104
b9c15e629cf02f501acbc194420d749c,002074412a8fc178c271fb93b55c3e29,1739,280,2800,3392,1061,3112
b9c15e629cf02f501acbc194420d749c,ecd205950bf1dd716b59ebd2992bbe9f,0,0,935,2407,935,2407
b9c15e629cf02f501acbc194420d749c,a3415116030171359f15e0c14f9e75b1,1695,0,2800,3518,1105,3518
b8f8fdca9f95cb0f5291e11a7d796a28,19f975e20284445a6ffc70116c9853d8,1781,0,2800,3518,1019,3518
b8f8fdca9f95cb0f5291e11a7d796a28,d6b37bf4be96c08b1f5459287aa8884f,0,0,1033,3518,1033,3518
b8f8fdca9f95cb0f5291e11a7d796a28,13b804991289c30b8bfda50f2478dfec,1711,492,2800,3518,1089,3026
8e29ff5683bfba53a52dc4b881ae3081,15d62d1f37c2baabf09d2ab33b8ac334,1037,0,2012,2812,975,2812
968fd0c76a33137d8c227041ea728bf6,226f58738813f35d4875b5c1f3f80e29,0,0,1466,3007,1466,3007
8e29ff5683bfba53a52dc4b881ae3081,a877d77e276b75dc03bd33f3e16a5b88,0,0,903,2812,903,2812
b8f8fdca9f95cb0f5291e11a7d796a28,35c6d8080e11f46f2c98d4ebaa1d2378,0,438,1132,2653,1132,2215
0fa5fa272327129de653fca756bd674b,5ee054ac78c465089317c4037b9521a1,0,0,797,2812,797,2812
0fa5fa272327129de653fca756bd674b,af41cb1664d2895dfe7e87254c120b5e,1359,669,2012,2281,653,1612
0fa5fa272327129de653fca756bd674b,7cefa927cc731b2f273a498eec661b55,0,490,612,2178,612,1688
8e29ff5683bfba53a52dc4b881ae3081,ac02d46a45eddf6af05c9a7e14f59565,1026,0,2012,2467,986,2467
0fa5fa272327129de653fca756bd674b,ed1a75779f353af9367a956ac5c8f9f3,1205,0,2012,2406,807,2406
8e29ff5683bfba53a52dc4b881ae3081,a3547901eb53fdc8eb89279d5875a272,0,279,899,2812,899,2533
0fcd253e5cec1784b57b2b7aa289da71,74d35dc3ce784f17e6a02d00c541e8eb,1827,313,2800,3518,973,3205
0fcd253e5cec1784b57b2b7aa289da71,ed811b0dc65cd967d93a18d04ddaf1be,1731,0,2800,2532,1069,2532
0fcd253e5cec1784b57b2b7aa289da71,7035503c1ff9e6dd33d56b22c3db2cbc,0,0,1077,2643,1077,2643
6e758d1d77cc3d29488cde65ca3c83d1,30a482d48c4c2b2f7600ab3288c4915b,0,0,1137,2684,1137,2684
6e758d1d77cc3d29488cde65ca3c83d1,5a936c07554cfaf1da0691cfb678ee35,1923,352,2800,2343,877,1991
0fcd253e5cec1784b57b2b7aa289da71,f358408a086bc958dfd1b2682e67e0bf,0,419,991,3468,991,3049
6e758d1d77cc3d29488cde65ca3c83d1,d4f07098fc9275d58e17b57004a57cff,1702,0,2800,2633,1098,2633
5195ab4a4f27a2cd4c4aeb158a38c2ab,a407773533384e13b7a17acd60fa7105,0,0,874,2520,874,2520
5195ab4a4f27a2cd4c4aeb158a38c2ab,652e98267f5a89a530bfe6f58386e726,0,0,873,2448,873,2448
6e758d1d77cc3d29488cde65ca3c83d1,510321b5f36778a67df067a517737e67,0,543,1015,2600,1015,2057
8cfb116b88cd38849717938c63d2e664,869db6f76111c4baad3efa36f9fa457b,1872,0,2800,3518,928,3518
8cfb116b88cd38849717938c63d2e664,4a8f09f582f325cc6386b5d1c04404da,0,0,1007,2514,1007,2514
8cfb116b88cd38849717938c63d2e664,94ba3ae9a08e694fb0401b84d1c44427,0,668,823,2802,823,2134
7f83e99b3af8f3398758f6d873ad1ad7,992c25a1a7901155c83efc9ebc95a0e3,0,0,745,2358,745,2358
8cfb116b88cd38849717938c63d2e664,c528f0af26468c25eeda7f88b24d0fbb,1867,480,2800,2526,933,2046
5195ab4a4f27a2cd4c4aeb158a38c2ab,1363542dc45675a6e699896f350d91fb,1150,0,2012,2318,862,2318
5195ab4a4f27a2cd4c4aeb158a38c2ab,bdcf9c3032c7cb79930ef4cc3fc70901,1150,265,2012,2441,862,2176
7f83e99b3af8f3398758f6d873ad1ad7,51f63ac317e9b41a4ac3189ba767e3f2,1349,0,2012,2433,663,2433
7f83e99b3af8f3398758f6d873ad1ad7,8638dd5eb8d6b9610ab8bb2aa3519c1b,1263,412,2012,2481,749,2069
7f83e99b3af8f3398758f6d873ad1ad7,6240d8165606500748c26b63b6144846,0,309,722,2119,722,1810
5988446083ab88daccc8fc5c6c679474,986270e6fba1cec502a4d3f8a9d93516,0,407,1122,2679,1122,2272
5988446083ab88daccc8fc5c6c679474,ebe0d766cf25c8576d78d0e7a351e39a,1584,616,2800,2860,1216,2244
ed6fc1ef1ff606bd66699b7207ab39bf,1b4b869ab051891afb33e2779babcc4f,0,708,797,2457,797,1749
5988446083ab88daccc8fc5c6c679474,d243d21b36e9e0722f691db50e5ba771,0,0,1000,3518,1000,3518
5988446083ab88daccc8fc5c6c679474,6539805fceb039119fb638034ffb5bd1,1677,0,2800,2852,1123,2852
ed6fc1ef1ff606bd66699b7207ab39bf,b6f91d970840088e0fc5e42b0b7ff01b,1990,614,2800,2421,810,1807
ed6fc1ef1ff606bd66699b7207ab39bf,cde7b0e963f0938970e245674a83722c,1986,0,2800,2505,814,2505
ed6fc1ef1ff606bd66699b7207ab39bf,696e0e48406b203bfa6f94f7ab26a6b3,0,0,801,3518,801,3518
62e43b5d3c368ea7318bbd4c9b571404,e1709df86c349fc987e22e649fc4a521,1514,323,2800,3475,1286,3152
62e43b5d3c368ea7318bbd4c9b571404,2f022ce6c350af4fd1cc9ceab979f54b,0,514,1254,2641,1254,2127
62e43b5d3c368ea7318bbd4c9b571404,1681a64ad171d0c2f522942497e7989b,0,0,1251,2626,1251,2626
62e43b5d3c368ea7318bbd4c9b571404,83010f371c658fe1c8e5643de7f84b52,1575,0,2800,2558,1225,2558
f6bb2ab2292bd155fcbc905a6e208b26,230d88855d53b8edfb4c3cc7ef1248db,0,544,1007,2765,1007,2221
f6bb2ab2292bd155fcbc905a6e208b26,da1a36405c16227ef13b0dbfffd8a3fd,0,0,1089,3580,1089,3580
f6bb2ab2292bd155fcbc905a6e208b26,76ae547cf9fa33a7012a76e0588a4abe,1840,496,2812,2680,972,2184
f6bb2ab2292bd155fcbc905a6e208b26,b318c1f2c2d233d2484c123f791392f4,1680,0,2812,3452,1132,3452
8acfb46904bc5a6f8fb4ade6d91dce9d,6bc16ac1124a3a148f274d3499f309df,2050,737,2800,3518,750,2781
8acfb46904bc5a6f8fb4ade6d91dce9d,e875e84aedc9e96397ef0320479e04b3,0,689,800,2748,800,2059
8acfb46904bc5a6f8fb4ade6d91dce9d,d403c43315763be4c7961d1c9310655e,0,0,856,2736,856,2736
8acfb46904bc5a6f8fb4ade6d91dce9d,c1e2542b05005b05b802aa81b0dbe6a3,1968,0,2800,2709,832,2709
6b233c892f087acbc331eefa20964766,f6614880a7b094594ce3a969c660b4ff,1910,930,2800,2803,890,1873
6b233c892f087acbc331eefa20964766,5cbd55f6862e0abfa4e746938bc91033,0,775,941,2745,941,1970
359c8f8129c5699e18f462a50c2db6d3,adc6b5327e9f7acd6ad7331fac90d731,0,307,1023,2749,1023,2442
6b233c892f087acbc331eefa20964766,beac2c16af761b9303945a319476445c,0,0,1007,3454,1007,3454
359c8f8129c5699e18f462a50c2db6d3,c010f1e92ddebacb395734589b39ff78,1804,0,2800,3392,996,3392
359c8f8129c5699e18f462a50c2db6d3,da895e6f3ec768ae0db83937336ebbc2,1900,437,2800,2714,900,2277
7fa05485d8e90a042cd57d5bb2206b57,46d5e1b47ffcda5ecda23ec3364a4b5f,0,421,968,2387,968,1966
7fa05485d8e90a042cd57d5bb2206b57,ea97e77887dbca5e4a0ffaaab8c7f408,0,0,955,2698,955,2698
7fa05485d8e90a042cd57d5bb2206b57,fdeda828090d12552fb1c28e51f27507,1795,0,2800,2879,1005,2879
7c587ec273072789a4f075ce81c9b2df,337d793530641fbfa4910621964b57d2,0,0,795,2663,795,2663
7c587ec273072789a4f075ce81c9b2df,f8c53453ed96163183f1e61b610cc3c6,2077,0,2800,2652,723,2652
7c587ec273072789a4f075ce81c9b2df,b8117c7c380f5c26f74b4d6a97af8c02,0,742,757,2627,757,1885
7c587ec273072789a4f075ce81c9b2df,68b154f132f87bb2048bbe16679c6866,2087,693,2800,2405,713,1712
917a4de3b1f921f1c9fa98b7a61d749d,4dd8faf113a9421e03a6e2bcd4238da2,0,530,747,2561,747,2031
a1c36bbdee6d78b5ed4315ded139039b,5a9f5aa8245b9376cb1b725bd9649b8b,0,500,800,2812,800,2312
a1c36bbdee6d78b5ed4315ded139039b,c44d7edb37f4d65fcd45dab52435d98c,1057,128,2012,2812,955,2684
a7fcf5fd0df0381cf3aef1a710de762a,8bd5a893f81c9577af04619d514b88a8,1458,0,2750,2667,1292,2667
a7fcf5fd0df0381cf3aef1a710de762a,6a3b9e49348e5f2211aef19faa622661,1967,243,2718,3508,751,3265
917a4de3b1f921f1c9fa98b7a61d749d,61a21edb7a20e422db9480450af61c23,2037,561,2800,2460,763,1899
917a4de3b1f921f1c9fa98b7a61d749d,19056b152c5d2ed98f66de006fa45a6c,0,0,805,3237,805,3237
a1c36bbdee6d78b5ed4315ded139039b,2557e3499700b9106b2b9e63f350efa8,0,0,866,2812,866,2812
a7fcf5fd0df0381cf3aef1a710de762a,5e659b82fce9cf6436d38cce1c0f864d,0,579,706,3580,706,3001
359c8f8129c5699e18f462a50c2db6d3,a12529cc64c4d6eb4c50715d3dede1a8,0,0,1046,2994,1046,2994
a7fcf5fd0df0381cf3aef1a710de762a,650c744fae7963be72c865ff63fc0a53,0,0,890,2558,890,2558
7fa05485d8e90a042cd57d5bb2206b57,78e651e9da7c5051a567ba565a252c8d,1809,392,2800,2405,991,2013
917a4de3b1f921f1c9fa98b7a61d749d,22ee994cf99bbf35b3e5546a0aa5ca4b,1907,0,2800,3181,893,3181
a1c36bbdee6d78b5ed4315ded139039b,42b16ab74f95a570b16e0158e64ecb27,1072,0,2012,2384,940,2384
a51bf9bf2eeac91e9d0e921844b621ae,d2dec6ba9dac3a8fd05a792819415f0d,1193,0,2012,2812,819,2812
a51bf9bf2eeac91e9d0e921844b621ae,e904be92777a89a4fa4b97c5b9309b70,0,0,913,2077,913,2077
ad5c5621f0cf6bb5209abeee0e574334,3222829308c18144cc7243bc982fede5,1110,125,2012,2406,902,2281
a51bf9bf2eeac91e9d0e921844b621ae,36e6359c76417ef6c6ae43b2c7055527,1299,397,2012,2360,713,1963
a51bf9bf2eeac91e9d0e921844b621ae,cfab599424d4864f2c5f1c253b0d3743,0,258,757,2358,757,2100
6a7796eaad3ac8071d7d1b04f1a09076,b36f8d59a5a9c0160a4b34026bd17097,2134,597,2800,2420,666,1823
ad5c5621f0cf6bb5209abeee0e574334,b4bb95ad7bbcf3e9f4d983a69e63792c,0,73,881,2329,881,2256
6a7796eaad3ac8071d7d1b04f1a09076,874e865f6da69ee4c2158397d2a60df7,2149,0,2800,2445,651,2445
a809fefbd4911fe12db8b738428d3ea7,d01a7447bccf0046c98abd21634561af,0,267,1092,2467,1092,2200
6a7796eaad3ac8071d7d1b04f1a09076,02a21cc1f185a8eeacc0c3c66cacfc3e,0,457,721,2398,721,1941
6b233c892f087acbc331eefa20964766,d09e91581f1c8f8fbbd62932afcaf0bb,1914,0,2800,2759,886,2759
ad5c5621f0cf6bb5209abeee0e574334,64c0bac68b85c5826f2d9f4581e9a987,0,0,987,2573,987,2573
ad5c5621f0cf6bb5209abeee0e574334,d9d49aaa63b7fe1b55993febeafeda07,1088,0,2012,2695,924,2695
a809fefbd4911fe12db8b738428d3ea7,ea45e7ceaab51fd44a2735e957741464,1053,0,2012,2812,959,2812
6a7796eaad3ac8071d7d1b04f1a09076,05b15c87de884d04ca3f271c965b399c,0,0,755,2229,755,2229
a809fefbd4911fe12db8b738428d3ea7,37dc77f8c5f95f94af65a8ab8a6d190d,1004,0,2012,2530,1008,2530
c93387cbddf4252d57313995598f66d3,adecdcdcb58169dc2af6dab92905ed43,2010,632,2800,2622,790,1990
3d14c7835d12cec377d1b1251fadb7f2,befaee18a4aa3be4fb7d770ab0ef1b14,0,0,938,3503,938,3503
3d14c7835d12cec377d1b1251fadb7f2,a4405d573f42caab23a0112a77ec52d9,0,417,820,2557,820,2140
c93387cbddf4252d57313995598f66d3,c8fba0c3facb8daf92a167645e388d1c,0,0,948,3109,948,3109
c93387cbddf4252d57313995598f66d3,9b92966f667ab67c27dbc3cfbdf5d2b1,0,763,817,2762,817,1999
3d14c7835d12cec377d1b1251fadb7f2,9b93e214c887f9175b1a8d1a3256c3fb,1943,332,2800,2510,857,2178
a809fefbd4911fe12db8b738428d3ea7,25ce361380de416cd1fd7fc87efca3ef,0,0,1059,2812,1059,2812
c93387cbddf4252d57313995598f66d3,050c70172c216576c9ec93c2e9c51770,1804,0,2800,3518,996,3518
bf537a1a81555ebd333690cbf503f219,1dd31cf4018728002e547267c2a23e7b,1836,108,2800,2666,964,2558
49d19516ab85df44a9812a0ff1c673c8,eb250648a5d5a3ab778ed8c621d2301d,0,108,1038,3230,1038,3122
819cb8e0a467bc52985a634e1a5246aa,f4dd5fcfddf5bf55a78fa86107672cfb,0,838,611,3518,611,2680
819cb8e0a467bc52985a634e1a5246aa,a4264d9ee12bb18c40d7a263f5c45e5a,0,0,714,2420,714,2420
bf537a1a81555ebd333690cbf503f219,adb5a5b68e71b184d3b40d68b186db8e,0,0,1459,3518,1459,3518
3d14c7835d12cec377d1b1251fadb7f2,d0153271d2821a6df8b6e8c38c5fe306,1901,0,2800,3452,899,3452
49d19516ab85df44a9812a0ff1c673c8,8853de15e51cfb3456b43cc12804666f,1814,457,2800,3518,986,3061
bf537a1a81555ebd333690cbf503f219,0771994d1d5cc5890fc7fbd6770e6234,1803,0,2800,3518,997,3518
819cb8e0a467bc52985a634e1a5246aa,90393c99edab97c2c51b573b95e00985,2033,0,2800,2264,767,2264
bf537a1a81555ebd333690cbf503f219,beda568cf20c86e1a9b285b03915ce94,0,633,852,2918,852,2285
819cb8e0a467bc52985a634e1a5246aa,f610562217ebececd0467fa658a84fe1,2277,940,2800,2654,523,1714
d1bf06af2c2164a887b9c2828978920e,d9f9dddf5f4c932f005a479e55e39525,0,223,1447,2694,1447,2471
d1bf06af2c2164a887b9c2828978920e,7be6258c54375c155a0a2590752cd6aa,1366,258,2800,2673,1434,2415
d1bf06af2c2164a887b9c2828978920e,acae0e1249545c0c364e5442ab0e7d82,0,0,1379,3518,1379,3518
e0a0467a2217a6128a503a9baa5101fa,60a838c554cc8a2859bb9f14d05bc9b9,1951,585,2800,3518,849,2933
e0a0467a2217a6128a503a9baa5101fa,07902227cde8e3f2974daf8098577bde,0,0,1035,2651,1035,2651
59cd101053153653bb6caf9aee24bad8,72862c0cf4be6928e6a9ca357e84b426,1797,557,2800,2438,1003,1881
e0a0467a2217a6128a503a9baa5101fa,81e1e38565f03d208dfff1c7f43f26e5,0,679,997,3146,997,2467
0aa73250fc098df248c26c5a5bbe77d9,d185c35d9c8a2bc5db40fd7f91143cbd,2065,0,2800,2331,735,2331
59cd101053153653bb6caf9aee24bad8,25bc2c152ab40dd818e1d9b3ef35b92f,0,0,921,2778,921,2778
0aa73250fc098df248c26c5a5bbe77d9,f0a598699adac0ebb735d44cd3ff9954,2006,0,2800,3518,794,3518
59cd101053153653bb6caf9aee24bad8,2ad841d1d6cd5b4733661f30aab50637,1763,0,2800,2428,1037,2428
49d19516ab85df44a9812a0ff1c673c8,6db9b843628f9af77ac14479c7f9e982,0,0,1144,2967,1144,2967
3e115f8a5c5e02149eb6e16027f31afa,b3378cb45d01d61a76743d438660cc8b,0,557,914,2671,914,2114
49d19516ab85df44a9812a0ff1c673c8,86c25dd71563ae2a4857fd8be8a171e0,1725,0,2800,3093,1075,3093
3e115f8a5c5e02149eb6e16027f31afa,20f1e5f086435e252f15385458ae7eec,1775,525,2800,2699,1025,2174
59cd101053153653bb6caf9aee24bad8,bdf0bac966538dea7bb0990117f4b027,0,665,969,2519,969,1854
660b342db2ce99394f911f59ef6516bd,9f1534db7364b669c3dad76dc4f2374f,1308,334,2012,2034,704,1700
660b342db2ce99394f911f59ef6516bd,cbfdd72eac42ab5df60296ecb290838f,0,0,671,2521,671,2521
0aa73250fc098df248c26c5a5bbe77d9,72fa1883ebcaa10ee018df77cbc486b9,0,0,828,3271,828,3271
d1bf06af2c2164a887b9c2828978920e,5ef223465df71903d255d38f5ceae58b,1383,0,2800,3518,1417,3518
0aa73250fc098df248c26c5a5bbe77d9,ddb3671140305e8b163ed39191d59c54,0,0,680,2441,680,2441
e0a0467a2217a6128a503a9baa5101fa,01d0cd4189c35961f46b5b87adf2fce8,1834,0,2800,2723,966,2723
660b342db2ce99394f911f59ef6516bd,86cd524a39f46834e50ec5d7b8408e49,0,272,610,2039,610,1767
14aa4040a6aa421c2c758818bffd32dc,b0011bb24dc7b4842867f68871b88e6b,0,747,1046,3033,1046,2286
07612019d2f5f7920f8c2a70b83fd6ef,eb2fc7fd6fd63149707dec1461521d41,0,667,828,2901,828,2234
be04b655593a99f6e97f01b51f68efc7,1bad8213c45fc1ec05100b8d67ff44d6,2035,0,2800,2410,765,2410
07612019d2f5f7920f8c2a70b83fd6ef,14a75407b1540a82046e08e60ec7b446,0,0,886,3411,886,3411
3e115f8a5c5e02149eb6e16027f31afa,466953ac1609459b9b0c74a62eec953f,0,0,1057,2711,1057,2711
be04b655593a99f6e97f01b51f68efc7,950144b057313916f31a69c7408fd279,0,440,827,2493,827,2053
07612019d2f5f7920f8c2a70b83fd6ef,68d2df95da0ea16e3538a0232897487b,1882,0,2800,3518,918,3518
660b342db2ce99394f911f59ef6516bd,3ac48199d8122100aec8f9dd3f28d146,1275,0,2012,2356,737,2356
07612019d2f5f7920f8c2a70b83fd6ef,6121fbc3552f3c55aad8d05acd6a809f,2005,391,2800,3500,795,3109
e2a5398dcfa5debe0a771227eb72a650,60a4e9c478ffd45d91080785a939aa38,1735,377,2800,3518,1065,3141
e2a5398dcfa5debe0a771227eb72a650,1c4e33dac704eb30dbf7e3b2f57543e3,1657,0,2800,2940,1143,2940
be04b655593a99f6e97f01b51f68efc7,637e0b41a477a260789735c08a6e9fe3,1933,0,2800,3306,867,3306
14aa4040a6aa421c2c758818bffd32dc,756069bc5d528af636c5c0922dc46704,1664,371,2800,3518,1136,3147
e2a5398dcfa5debe0a771227eb72a650,aa3845376ee4ec802e9e6a77dd77b428,0,0,1128,2712,1128,2712
e2a5398dcfa5debe0a771227eb72a650,83dca03023c8590d7bd706892cd6993a,0,368,1046,3444,1046,3076
be04b655593a99f6e97f01b51f68efc7,414099bc34c1b50214f43178856e0340,0,0,882,3502,882,3502
628a6d10970a6b5c7032da06ba371b6c,1a640b603b5e70a42161bfbf42eb21d1,1322,652,2800,2935,1478,2283
3e115f8a5c5e02149eb6e16027f31afa,3396efbea001fd9dd20af6f08b357db8,1683,0,2800,2970,1117,2970
628a6d10970a6b5c7032da06ba371b6c,828253b7a6115fe856ffdd59ce6f0e0a,0,0,1371,2963,1371,2963
628a6d10970a6b5c7032da06ba371b6c,c73c198fad4a42d32f88ff145b27b46f,0,0,1396,2827,1396,2827
93cc5719b7fd42d698e01c7cdfbf5ca0,a6db4b61e585efb55956e2a2916ac478,0,697,793,2554,793,1857
9adfebdbf918359af33b9fbd0141f7f2,8144cc7b09aeb3c30985c6e7dce8345a,1862,0,2800,2451,938,2451
628a6d10970a6b5c7032da06ba371b6c,869bb44e02d05f5754c2f6df394e6d9a,1128,0,2800,2668,1672,2668
14aa4040a6aa421c2c758818bffd32dc,33ec569cc75a3f6744b4cda03fa93ec2,1637,0,2800,3518,1163,3518
93cc5719b7fd42d698e01c7cdfbf5ca0,c8a42520fa57a580f91308e71ff5f302,0,0,830,3518,830,3518
9adfebdbf918359af33b9fbd0141f7f2,b4bbe6e40339708ce29c206b6ee52d37,0,0,946,2435,946,2435
14aa4040a6aa421c2c758818bffd32dc,f680c678e1d1e623a3d8bfd14fa2d1b0,0,0,1069,2926,1069,2926
9adfebdbf918359af33b9fbd0141f7f2,a3a8f0de407577b5c273249f9aeff8a1,1874,307,2800,2445,926,2138
93cc5719b7fd42d698e01c7cdfbf5ca0,d866a74ed309841e5bb8cd87067e511d,2024,0,2800,2854,776,2854
9adfebdbf918359af33b9fbd0141f7f2,be5afad3424a051e26dc5a3fe19f145a,0,640,832,3518,832,2878
93cc5719b7fd42d698e01c7cdfbf5ca0,ea5acbc371ca2f930cb124e9f5cef6a0,2104,800,2800,2610,696,1810
4f2dbafc344f1427addc52c4c7c8c3ff,cc35092f82c748331021812ce8b8a71d,1871,0,2800,2517,929,2517
4f2dbafc344f1427addc52c4c7c8c3ff,0da5cc71ef40c3535de32789b0890733,0,0,901,2659,901,2659
4f2dbafc344f1427addc52c4c7c8c3ff,9974b9d5c4bc48183e46a97c64baab7f,0,525,940,2559,940,2034
79a545d87c997d0ac51be0b90c6a6ca0,5bf1fb6fb072221239f84b1dc86ad112,0,409,1010,2537,1010,2128
4f2dbafc344f1427addc52c4c7c8c3ff,9a17a8d13233212cacbebe72c8af2e00,1810,625,2800,2740,990,2115
754155e03891e5d71d859df496bc8638,c90b41cd28971bc7047c8b8637718a6e,0,428,1056,3518,1056,3090
754155e03891e5d71d859df496bc8638,92b418ace5a5af79fdbc1ca2f0c7c400,1782,287,2800,3518,1018,3231
79a545d87c997d0ac51be0b90c6a6ca0,b3a1b440bcfceb60d6b42ae07ea4d3cc,1874,0,2800,3518,926,3518
754155e03891e5d71d859df496bc8638,cca2fbb16f86b24546d998b64233247b,0,0,1117,3518,1117,3518
d285e835c788a1644affe201cd919e61,1460860e2879dce6cfbd9e614207e2df,0,0,962,3472,962,3472
754155e03891e5d71d859df496bc8638,a9ba5af5712aba68523463eaa564e503,1702,0,2800,3518,1098,3518
d285e835c788a1644affe201cd919e61,6e5127c700eab1b34d40dc1e76b3c203,1898,0,2800,3518,902,3518
79a545d87c997d0ac51be0b90c6a6ca0,2d100f58ccbee16aa703af0c79a4f1e4,1974,447,2800,2617,826,2170
d285e835c788a1644affe201cd919e61,8ce013d5a9bb3dd4856a0b417b29d4af,2081,538,2800,2762,719,2224
d285e835c788a1644affe201cd919e61,f016570f6b3aad2d1a9d8a9d5d773555,0,1017,738,3122,738,2105
947272c41d3109342bf70521d1ff3bf6,93ade8c890df2b0eb8cea0304261741f,1941,398,2800,2514,859,2116
79a545d87c997d0ac51be0b90c6a6ca0,4c6de4e3e2259f0bb4e7f3a7e5243d3f,0,0,960,3029,960,3029
947272c41d3109342bf70521d1ff3bf6,f9cc88a985af47dae9d5b1b66b7c6dfa,0,753,800,3518,800,2765
2039df78f975f5a3854fc4524492ff87,ab594348acb6cfc7a9a5ca91be196a47,0,821,649,2578,649,1757
e8f50c4592095c6d69a9e7f8b1fb2115,b68440b6a1c213860c940efe57e5ae00,0,631,776,2547,776,1916
947272c41d3109342bf70521d1ff3bf6,cd56f9c77cd81ee3cbafb8c2bfaabeb0,0,0,852,3160,852,3160
e8f50c4592095c6d69a9e7f8b1fb2115,7953c61304f201a3ee5d837853d27f91,2045,491,2800,2381,755,1890
e8f50c4592095c6d69a9e7f8b1fb2115,dd6d24f4d1fe5ab36c3504228fe1cc31,2022,0,2800,2350,778,2350
2039df78f975f5a3854fc4524492ff87,18d05a8adb0e2434563ee327d5ebd572,2247,999,2800,2572,553,1573
947272c41d3109342bf70521d1ff3bf6,d2f56c9eb1ed160c2e2276ae2bafc443,1872,0,2800,3265,928,3265
2039df78f975f5a3854fc4524492ff87,eb587f5cca3955d876ae808912c93114,2174,0,2800,3238,626,3238
b4622eb933004ecb0c0a2c52f80f976d,8bddead60937d277dc88d2917330d68c,1976,0,2800,3518,824,3518
e8f50c4592095c6d69a9e7f8b1fb2115,1d4370ed51a7d390da1bdb0f04d1be38,0,0,754,2372,754,2372
b4622eb933004ecb0c0a2c52f80f976d,a80064c0d58f5c791a8e4940adf3ee6a,1961,557,2800,2593,839,2036
2039df78f975f5a3854fc4524492ff87,659781e2f5dd58e1f7de7d34dabf90bc,0,0,612,3518,612,3518
20457a9245229489ee5c67af773d4240,23996a0f1390fb6e92b377327c0f8f9b,1219,0,2012,1974,793,1974
672e4a8b265c9d541c39a838a5b23371,2d2b9c7c9ca6be1cd4e8eff261d52ece,1929,705,2800,3518,871,2813
672e4a8b265c9d541c39a838a5b23371,a455038bb8d706168888a53a25307b68,0,629,932,2899,932,2270
20457a9245229489ee5c67af773d4240,11b8d57615519367276e766b61684f04,0,0,693,2279,693,2279
b5e4f282eed47db82fc0ec04dff01cc5,9f91dcb0811981b9baecc49a6fd725a1,746,0,2012,2591,1266,2591
eaf4031c2bade0296b7d140e4b5a04a9,ef237727779f6f122a071e30fc558001,1930,669,2800,3518,870,2849
20457a9245229489ee5c67af773d4240,ad50a0920f06e7bf2ff5ea7e4eda123a,0,281,575,2114,575,1833
20457a9245229489ee5c67af773d4240,9f7cd9e1262811874f52de316c3ad279,1649,530,2012,2240,363,1710
eaf4031c2bade0296b7d140e4b5a04a9,3eac85f1779d391002fc23cd37dddfc3,0,394,978,2404,978,2010
b4622eb933004ecb0c0a2c52f80f976d,1fc0127a8bdbeda9d09a63b6aef4a946,0,0,780,2976,780,2976
672e4a8b265c9d541c39a838a5b23371,fcf8847db76f3bf5b5fffc3021de6835,1960,0,2800,2829,840,2829
672e4a8b265c9d541c39a838a5b23371,a342b1bcbbcdcd6b54febedd6e6fd778,0,0,845,2877,845,2877
eaf4031c2bade0296b7d140e4b5a04a9,036a4c862065d31d738e69badcd4b066,0,0,918,2919,918,2919
eaf4031c2bade0296b7d140e4b5a04a9,21f4b1a7e12c2e3ec0562d628a87c7b4,2022,0,2800,2808,778,2808
b5e4f282eed47db82fc0ec04dff01cc5,a78008847a338db1a121c06fb0c764ce,799,71,2012,2371,1213,2300
2f067732b7b86ef47f0e2a5b1858cafe,b3accf2b91134e7c0188fb4b80b303d4,1840,392,2800,2430,960,2038
2f067732b7b86ef47f0e2a5b1858cafe,a743c234e305205215516a957dc669cf,0,576,1037,2543,1037,1967
b5e4f282eed47db82fc0ec04dff01cc5,ab8059e83309a7e6c0e4ef5ad17f3e13,0,315,1226,2812,1226,2497
75a17594107b72e58e2b6cb012d97371,02a1f8a224a880403eb6279619d1f262,0,590,1025,2843,1025,2253
2f067732b7b86ef47f0e2a5b1858cafe,df07d6393573cbd0969186a76343702e,0,0,1050,2945,1050,2945
75a17594107b72e58e2b6cb012d97371,b297d2cd25c8a248e4c427c1e9148878,0,0,1025,2921,1025,2921
b5e4f282eed47db82fc0ec04dff01cc5,111c237c616638ec9caf6aeaaeab563b,0,0,1297,2713,1297,2713
b4622eb933004ecb0c0a2c52f80f976d,59a0fb8f0d852ce41103cef00bf98b78,0,583,755,2562,755,1979
2109fb895eb5b829dd7c4f984ec7a954,a46a0b9a03e4f253bd20a32e21f5f05b,1877,49,2800,2562,923,2513
75a17594107b72e58e2b6cb012d97371,5a8dc8220d40719c46bef89e03c60753,1228,0,2724,2984,1496,2984
2109fb895eb5b829dd7c4f984ec7a954,132d035bafb8dec76bcb8cd965b4bbcc,1774,0,2800,3516,1026,3516
2f067732b7b86ef47f0e2a5b1858cafe,3a54768d8a88cb037e6e34c33807e183,1757,0,2800,3180,1043,3180
2109fb895eb5b829dd7c4f984ec7a954,0f22280d1836afa323f2023d12be9573,0,177,908,2536,908,2359
f3de3ace5bf814e20a8a1c7d9bab334a,e7175e22b9d1bf3d7365dd7f2b43942a,2001,0,2800,2565,799,2565
75a17594107b72e58e2b6cb012d97371,d877abb6bca1a5789211920abeddc63d,790,89,2663,3580,1873,3491
f3de3ace5bf814e20a8a1c7d9bab334a,cdc25fcced1743214994465fc26a92c2,1935,473,2800,2493,865,2020
04da62c8c5b60287566502a801c93f9f,b3f6a24e4d4e7e80d9f6decc65ca4fb5,902,0,2012,2521,1110,2521
f3de3ace5bf814e20a8a1c7d9bab334a,52397a0202cef041bc2fa208ffa36bfc,0,566,964,2609,964,2043
f3de3ace5bf814e20a8a1c7d9bab334a,4e19ed9a76e34da5bc14dbf9629075b0,0,0,863,2597,863,2597
2109fb895eb5b829dd7c4f984ec7a954,096cc0a03198a6ee828e92b6eaed4e78,0,0,979,3518,979,3518
04da62c8c5b60287566502a801c93f9f,3f0983b28b66671b546c45b1637132f2,0,0,1142,2812,1142,2812
04da62c8c5b60287566502a801c93f9f,b5a1920a7c73634b39cc9f0b19f4ef33,900,188,2012,2812,1112,2624
3c298ed63e80ce35799083b1fa928f75,91311a7bb1ea12ad2361ea7d59f89942,0,584,604,3044,604,2460
04da62c8c5b60287566502a801c93f9f,b782b3d525b9cbd78338e4e471d11741,0,0,1217,2415,1217,2415
3c298ed63e80ce35799083b1fa928f75,103447b2d437d7d8adc1ed5ade8acde0,2097,0,2800,3518,703,3518
d6751693a8f2c11a67fbaed260449abd,5d8f97b7a25a0f7c9d12c466130651af,2223,677,2800,2443,577,1766
9ae3b0d0e23a95315a923567235ccee3,666ee43f2cb7a6b234d7e6bd3351cecc,0,527,912,2645,912,2118
3c298ed63e80ce35799083b1fa928f75,6fb232b35aa3a44002b414126dc5949b,2212,543,2800,2338,588,1795
d6751693a8f2c11a67fbaed260449abd,a3e787ded9ca91b8281beba75f6ed60a,0,754,644,2859,644,2105
d6751693a8f2c11a67fbaed260449abd,ee5211ee8d365c4d1c4242a0df775c9c,2018,0,2800,2733,782,2733
3c298ed63e80ce35799083b1fa928f75,bcb8665337f4c89b6ab75c9cd0e5f068,0,0,712,3518,712,3518
d6751693a8f2c11a67fbaed260449abd,b9bbc66abf98202f5b621d55bd59b599,0,0,789,2642,789,2642
c175f78758dee63cd0c38a77217a2718,e3084b3b5907a4af30d7cec9e2eedb20,0,168,991,2812,991,2644
9ae3b0d0e23a95315a923567235ccee3,57bd533c4a0f049d16b1a2a4fd57577a,1158,0,2012,2469,854,2469
c175f78758dee63cd0c38a77217a2718,567043bab3206746d0b91929708397ec,1012,0,2012,2135,1000,2135
c175f78758dee63cd0c38a77217a2718,70641abaddcc28159b8315735de5b58e,0,0,1053,2812,1053,2812
9ae3b0d0e23a95315a923567235ccee3,61c95307d44107fe981e4e56b3b04223,0,0,860,2535,860,2535
9ae3b0d0e23a95315a923567235ccee3,ed1b4537b7077aabb25758e5770abcff,1076,0,2012,2523,936,2523
c175f78758dee63cd0c38a77217a2718,eee46f4ce46360e458499dd62c7df907,856,0,2012,2812,1156,2812
70fba768292ff75be98a9e4e5ac78308,099a9997fe2cd7888e9494bda620a8c7,1454,0,2800,2563,1346,2563
b03987075629dc5f05aaea30a94a43bd,bc9034a4d9f31056a7efbe75543c4f4d,957,0,2012,2812,1055,2812
b03987075629dc5f05aaea30a94a43bd,315aa7a7973f2a2618720c039158d4f7,0,0,1289,2812,1289,2812
70fba768292ff75be98a9e4e5ac78308,55cdc132e24f63dc176b7169f0d9da7c,0,0,1286,3518,1286,3518
70fba768292ff75be98a9e4e5ac78308,6e951ee45295c1594eb432c4f67929a2,0,437,1153,2715,1153,2278
70fba768292ff75be98a9e4e5ac78308,cef4e4a5e7dd9238393f374c3ea006a6,1564,564,2800,2875,1236,2311
b03987075629dc5f05aaea30a94a43bd,8e2d8b4e75a0304b92d7130dd54e00cb,0,0,1186,2812,1186,2812
a0d75cb5a7be01a0d63f5d9ec553443e,70ed16a267d5d0ac091387eeb8f7a57c,0,0,1039,3518,1039,3518
a0d75cb5a7be01a0d63f5d9ec553443e,804253cd6c4cebbfaa3b2d031862d58e,0,342,946,2655,946,2313
a0d75cb5a7be01a0d63f5d9ec553443e,3c315903764b853c05c059346675e1b7,2019,0,2800,3518,781,3518
a0d75cb5a7be01a0d63f5d9ec553443e,271e8bfd46adee65f8580092753d08e5,2031,0,2800,2493,769,2493
8c3a72bc005d1638babd62ba02d56126,c3bb338966696288811221ea1ed80a8a,2105,423,2800,2423,695,2000
8c3a72bc005d1638babd62ba02d56126,4e0a4f7f59e380c1124675b69610e998,1973,0,2800,3151,827,3151
8c3a72bc005d1638babd62ba02d56126,56fe870f46d9f4862df7cb81de2ddd17,0,614,679,2734,679,2120
8c3a72bc005d1638babd62ba02d56126,4d1d2cd40d8db9f452bd1b01771c1f9a,0,0,799,2729,799,2729
b03987075629dc5f05aaea30a94a43bd,86f39c45ee3a000985a5c40194f82035,811,0,2012,2812,1201,2812
d7aed649ce08dc351089a2c5be1fa0cd,365240d1854edeebc1871d93b378a07d,0,0,941,3518,941,3518
98cb38f8acf972cb3f59be436886e26f,1607e801e6bc4a7272df949669ec4731,0,0,1010,2812,1010,2812
98cb38f8acf972cb3f59be436886e26f,37b8b3fc0c162ba375afc2783c1b5f7f,1042,0,2012,2812,970,2812
d7aed649ce08dc351089a2c5be1fa0cd,c0f700939cf937eb5d5f713cf35d98ca,0,286,897,2708,897,2422
98cb38f8acf972cb3f59be436886e26f,5dc76f2f4ddbcfff0a75088fcde58c10,1177,0,2012,2812,835,2812
d7aed649ce08dc351089a2c5be1fa0cd,655b49967af13346964054f350631bfa,1971,497,2800,3518,829,3021
32c3433c6f6623437cef4109a95e61d8,1c08582612464f0cc4ee7598404252c2,1494,386,2800,3518,1306,3132
2114f75d035248dd46b4d8de94cdf2a1,fe26bec4ad32bfad30e9d17e3b38eb83,1980,0,2800,3518,820,3518
2114f75d035248dd46b4d8de94cdf2a1,51a21cb01e19eeb0e145f5218042aeef,0,0,978,3091,978,3091
32c3433c6f6623437cef4109a95e61d8,74cab3d124133ae61efc074007e3014f,0,193,1337,2708,1337,2515
32c3433c6f6623437cef4109a95e61d8,4d3e97be3264bb6a6248d2f563b3f19a,1457,0,2800,3518,1343,3518
2114f75d035248dd46b4d8de94cdf2a1,4b1c136936b5b11578d324420dfa098c,2028,651,2800,2617,772,1966
2114f75d035248dd46b4d8de94cdf2a1,68b6bfad2bbe1171c3f608ec3f6f422b,0,740,735,2797,735,2057
d7aed649ce08dc351089a2c5be1fa0cd,39bb8e8d695ece817a5b45015d7d82ad,1739,0,2800,3518,1061,3518
32c3433c6f6623437cef4109a95e61d8,1f955e1530e02fbec10ed6e5d25eec0d,0,0,1415,3518,1415,3518
98cb38f8acf972cb3f59be436886e26f,055a4f16daeef8e7b8f677a8b87257c7,0,131,984,2812,984,2681
043d9d8165d4305437a4a7fad9cc01a4,74437780c2c48e5219b897f7eac3c09b,0,0,877,3518,877,3518
6177b0be8eecb571f77e8bf9b4ae16e7,e51174de1b424238d7a6a0b2f9720357,0,0,1017,2510,1017,2510
043d9d8165d4305437a4a7fad9cc01a4,449ec022b37d10f46eb495895125264a,1832,725,2800,2975,968,2250
6177b0be8eecb571f77e8bf9b4ae16e7,c38943cba503adf84a2eb13ce9acff6b,0,655,1126,2632,1126,1977
043d9d8165d4305437a4a7fad9cc01a4,9d80c9d0d03a9c9c9cbd8ab4a5db5eba,0,536,883,2728,883,2192
5fb086552ff0566a7ba0fba65d5c4823,24da46045c5bb3dba6223d63c8a6db5a,2061,760,2812,2949,751,2189
6177b0be8eecb571f77e8bf9b4ae16e7,330eeff83f4aeb779aba211bbcb98180,1924,0,2800,2569,876,2569
6177b0be8eecb571f77e8bf9b4ae16e7,be168847f6f4c58e02f8cd65dd1d10bc,1852,480,2800,2462,948,1982
5fb086552ff0566a7ba0fba65d5c4823,406cf70b4c69a0f9d656bc77cbf5977c,1911,0,2812,2381,901,2381
5fb086552ff0566a7ba0fba65d5c4823,ded6d333fe65171adf1e6047dd29a7b8,0,0,891,2253,891,2253
5fb086552ff0566a7ba0fba65d5c4823,1f2ad3de97b6d7a4d8f78af09c11b580,0,455,738,2613,738,2158
e1d511be45069e935f3aaf94f1333b8c,4f3c5fbeaf5fb61c1ecc714806db0794,0,0,929,3402,929,3402
12e8e75807da6433a348c4e23bc80705,7f554821ff023d89f966ed88580fffd1,1861,591,2800,2662,939,2071
e1d511be45069e935f3aaf94f1333b8c,b21e2a8a9bf99b287baba5d274e7c39b,0,9,1025,2496,1025,2487
f77dfcff252ce3aa53b32eb18a461d02,8ee1c3c152cabb1e0de3bce0bcfb44c3,0,511,779,2608,779,2097
12e8e75807da6433a348c4e23bc80705,9267ff36abf57d79fb609ed6717ea10f,1741,0,2800,2980,1059,2980
f77dfcff252ce3aa53b32eb18a461d02,6d6fb388ab2377ae77e596eea92dd7aa,2017,343,2800,2428,783,2085
043d9d8165d4305437a4a7fad9cc01a4,35473f4bc0a4a2b422c6f4d5135963af,1862,0,2800,2490,938,2490
f77dfcff252ce3aa53b32eb18a461d02,7af1cc6dcceaa47534a3e85c3f11ae9d,2091,0,2800,2438,709,2438
e1d511be45069e935f3aaf94f1333b8c,3e9ed87021172987f5b520c117ed3a97,1762,588,2800,3518,1038,2930
f77dfcff252ce3aa53b32eb18a461d02,1625a54a0b9c4cb4d8263da2a707226d,0,0,697,2255,697,2255
12e8e75807da6433a348c4e23bc80705,7a1b1aa12d3f2e7ee586351569ab0d05,0,0,904,3369,904,3369
3339900943ae751ec581130ffd8bccdb,343930a2d2a0e0811e98e5f1b134506e,1663,0,2800,2695,1137,2695
3339900943ae751ec581130ffd8bccdb,8152feeb60e251dc830aae2319504730,0,527,1137,3518,1137,2991
e1d511be45069e935f3aaf94f1333b8c,ce783521b95f4b499124c4b3c84ce18d,1799,0,2800,3514,1001,3514
12e8e75807da6433a348c4e23bc80705,5094f28a27e9477ed4d191f0af4e6e1d,0,515,860,2723,860,2208
cd382c3ebc8ba562720517a16ccad1d6,bdfe198ee7f5af1d72eea0d6e47e1e14,0,403,669,2649,669,2246
cd382c3ebc8ba562720517a16ccad1d6,eef876d5537ddebd2841fa82bd7aa937,2164,429,2800,2873,636,2444
3339900943ae751ec581130ffd8bccdb,6e0379d2270a087b04d0bd790f6888b9,0,0,1112,2652,1112,2652
eb89bfe037192d2492867dfc9d7f89d8,eef2b5244216ed99d2e28ea713d746b3,927,0,2012,2812,1085,2812
cd382c3ebc8ba562720517a16ccad1d6,2f17785e981502db36a811d5b1c92053,0,0,1189,2600,1189,2600
3339900943ae751ec581130ffd8bccdb,3c589a8f9c05132524bff9d7a90a6fd6,1654,823,2800,3518,1146,2695
cd382c3ebc8ba562720517a16ccad1d6,ff9f80954cd1993eca2cf89d0d17b914,2031,0,2800,2628,769,2628
eb89bfe037192d2492867dfc9d7f89d8,ba977d915b14fc1ece179c206fe3fcf4,642,0,2012,2812,1370,2812
eb89bfe037192d2492867dfc9d7f89d8,d4189b8f521b99c78fd2ec3d227bfa88,0,192,1102,2812,1102,2620
f4501ce4ea52e408424017af0bfdd24a,8067cd3b1af632c485e7e0e0e0fa8286,0,0,1087,2812,1087,2812
f4501ce4ea52e408424017af0bfdd24a,f57792b2c12bde9f3de6da550d326e08,934,0,2012,2812,1078,2812
f4501ce4ea52e408424017af0bfdd24a,f49bce31d2edb1a63ca77346e0c200f9,833,143,2012,2812,1179,2669
f4501ce4ea52e408424017af0bfdd24a,ae7abae235b863c92c74a8138665712d,0,0,1134,2680,1134,2680
c1ad8f4c9dbcf03b34b521562de77be9,e4beb8aeeceec9f71dcf92ef93e55919,1701,385,2800,3518,1099,3133
c1ad8f4c9dbcf03b34b521562de77be9,e049e381dbf39820a2993b1eda669cd4,0,685,1033,3518,1033,2833
eb89bfe037192d2492867dfc9d7f89d8,b279f7b3c8663a29540eb94ce14df71f,0,0,1041,2812,1041,2812
24b96dbb9fd6b54a61f8812774078b85,546aa3283aff38fae346b98557cf5e5b,0,301,999,2529,999,2228
c1ad8f4c9dbcf03b34b521562de77be9,f1b3f10509b8a2bdddf15ab865921067,0,0,1020,2784,1020,2784
c1ad8f4c9dbcf03b34b521562de77be9,72811e5bd76f1456011c8946df777727,1714,0,2800,3518,1086,3518
988948f8b1a543c0f3f093a28d9d4222,0cbeace7ffd62a11441565ea22f2fe0f,0,782,652,2828,652,2046
048f7aea72f07d4af95c482c8ec20c36,cb8c98e2f181591d263ca231f47d417a,0,391,1142,2768,1142,2377
24b96dbb9fd6b54a61f8812774078b85,11e006ec84e7dda904305ad3e0cca181,1816,0,2800,2820,984,2820
048f7aea72f07d4af95c482c8ec20c36,65686eaa0445c0859ab0a42b9763f24b,1742,525,2800,2793,1058,2268
988948f8b1a543c0f3f093a28d9d4222,986a7936e5757616b2fe2cb34d77aa0f,2027,0,2800,3518,773,3518
048f7aea72f07d4af95c482c8ec20c36,a020d39122bec611742497676fb22af8,0,0,1108,2781,1108,2781
24b96dbb9fd6b54a61f8812774078b85,4e05757252b8d8b552bd8cce621b50b9,1872,586,2800,2755,928,2169
7d6360b9a64937e539082e5c3eed4ea4,61ddfd5cb183caf633285288ce441d82,0,302,1050,3518,1050,3216
7d6360b9a64937e539082e5c3eed4ea4,b9f4eb481435f40d2a642414f989ae02,1795,531,2800,3518,1005,2987
732f3f2f2d670658f13e4ec37e27a19d,f3628e7d3c9f4933c2d34ebf8a4079e6,0,0,754,3354,754,3354
048f7aea72f07d4af95c482c8ec20c36,d8e413db21cacbd8fee2f71be897d958,1661,0,2800,3518,1139,3518
7d6360b9a64937e539082e5c3eed4ea4,084e9be8c3708cf3d9664d82f679aaf1,0,0,1017,3128,1017,3128
988948f8b1a543c0f3f093a28d9d4222,15ca77b404650473d38e1d3b62a43cde,2094,422,2800,2486,706,2064
732f3f2f2d670658f13e4ec37e27a19d,c0d7c0b003efcf794d37503d19937f87,2242,0,2800,2455,558,2455
7d6360b9a64937e539082e5c3eed4ea4,1dbe7f7b5936f0e13739ab34e59ba318,1772,0,2800,3518,1028,3518
732f3f2f2d670658f13e4ec37e27a19d,e5c2032d1997b7341c15977ec5ca0e5a,2228,265,2800,2092,572,1827
732f3f2f2d670658f13e4ec37e27a19d,9ef0cdfba373bd181f899037807559ed,0,568,730,2485,730,1917
24b96dbb9fd6b54a61f8812774078b85,521f69693329ccdbe151f9e607d6814a,0,0,1085,2882,1085,2882
860c7a2282f9c9b16a0dde95a9537600,f10a081784e3c8b4b06ea988677efeb0,1731,639,2800,2818,1069,2179
988948f8b1a543c0f3f093a28d9d4222,6a158e92daec283584e83cccc9197fab,0,0,819,3518,819,3518
860c7a2282f9c9b16a0dde95a9537600,36679e3b20a83d8a4b2d938ac650390d,0,525,1064,2818,1064,2293
860c7a2282f9c9b16a0dde95a9537600,e476aeae9b127d6b21aaccd014ed59c2,0,0,1042,3518,1042,3518
860c7a2282f9c9b16a0dde95a9537600,09679f49e874617268b0db6cabae9646,1730,0,2800,3518,1070,3518
866f5f71f7cecc04d6353c3758c292e3,c95c8777138ea99099eb9c2f77df684a,0,0,1161,2964,1161,2964
b2b2db4b25454482e99d3e249b2f59fa,6048accc213f193f64f38688914820d7,0,504,1196,2902,1196,2398
866f5f71f7cecc04d6353c3758c292e3,5f1c4b5d63497c7c42b2f957e02ebc6e,1578,0,2800,3299,1222,3299
866f5f71f7cecc04d6353c3758c292e3,dc136153717a4d12e8bf7e4bc2031b67,1448,391,2800,2641,1352,2250
b2b2db4b25454482e99d3e249b2f59fa,d9a0e389a2e860faa1185eb60a8d6b49,0,0,1211,3518,1211,3518
b2b2db4b25454482e99d3e249b2f59fa,0a2527098baec3423635fe5d4f48705e,1675,514,2800,2802,1125,2288
189d3424b85c8ef2550b883c7832c0c4,287493796266120dd7e3b664adeebc21,0,564,871,3059,871,2495
866f5f71f7cecc04d6353c3758c292e3,58a92ed8d1f8fecfce0f9d578a9937fe,0,346,1174,2783,1174,2437
189d3424b85c8ef2550b883c7832c0c4,5885fe0b41b8875ac4442e2b6e98ab8f,1944,711,2800,3518,856,2807
b2b2db4b25454482e99d3e249b2f59fa,b0070404b4bbb481968e0bb70761370e,1545,0,2800,3518,1255,3518
189d3424b85c8ef2550b883c7832c0c4,013574ba096190e923131682ae96d252,0,0,762,2560,762,2560
e064e1a5ef7a703e020b58ab37ee8fce,0b500c3cf25a46e0aed6297d67c436b3,0,415,1154,2569,1154,2154
e064e1a5ef7a703e020b58ab37ee8fce,820d0f5d41afb2037ad83b9e9246383b,777,241,2012,2461,1235,2220
e064e1a5ef7a703e020b58ab37ee8fce,2cfab7f1ea90cb31556825529c7fda6f,0,0,1040,2767,1040,2767
f3d1727622d7bddd0afa0efbe0207a6c,1eeba8aa4544d36733d16df084b00c98,0,0,729,2213,729,2213
189d3424b85c8ef2550b883c7832c0c4,3866a5f13bb28ad7a83249d122c4f88a,1944,0,2800,2598,856,2598
f3d1727622d7bddd0afa0efbe0207a6c,76d92c92675e7da1adfa383eef918bc4,2202,974,2800,2703,598,1729
44d781163b0c32b5776c98fd19a0fdc3,e924746785a216a445198882f6c4a859,827,174,2012,2812,1185,2638
ab56fed52729b23ec2007c6b0b3070cd,2da8c15a653dc9ba8469fdf0d3fe696e,0,148,914,2453,914,2305
f3d1727622d7bddd0afa0efbe0207a6c,8eb3f9699c939a0e7d6010210e5a3fd2,0,757,584,2397,584,1640
44d781163b0c32b5776c98fd19a0fdc3,797c3d16e28571dfa04249154abd7f6d,899,0,2012,2812,1113,2812
e064e1a5ef7a703e020b58ab37ee8fce,c05e1a3c3fa990f3805f36cbe5cc1db3,828,0,2012,2778,1184,2778
44d781163b0c32b5776c98fd19a0fdc3,3ec418f25b478094a16da45e41d23687,0,40,1308,2812,1308,2772
ab56fed52729b23ec2007c6b0b3070cd,d99cd9e354fe6f0afa57aefb52d44415,1101,38,2012,2812,911,2774
ab56fed52729b23ec2007c6b0b3070cd,c4a544b96a5a7b63644cec7972c90353,964,0,2012,2716,1048,2716
f3d1727622d7bddd0afa0efbe0207a6c,fc34ed76cc8673f367c08b905bb0b57a,1998,0,2800,2831,802,2831
0094c131716a68e40576375e98917c62,01d524575ad7f3be2080305dc1dedc07,1928,316,2800,2481,872,2165
ab56fed52729b23ec2007c6b0b3070cd,12646271cbd56bf326d7c78068bbbc74,0,0,1035,2449,1035,2449
44d781163b0c32b5776c98fd19a0fdc3,a5dbba3e66ea2be984bea1511727bc81,0,0,1148,2812,1148,2812
0094c131716a68e40576375e98917c62,f3c400ef93ef644d8c83fbe2f6431f7a,0,828,777,2870,777,2042
0094c131716a68e40576375e98917c62,2bb372e5885a059f6633f013b645814e,1902,0,2800,2641,898,2641
d4d36c652112fd0906b469af7f36e758,94b5ea45032756a4b3b58abeee84ff8b,1919,0,2800,2793,881,2793
8570b2c923a8f970c9adfa94eb4103ea,23a2fe91a457f116d23244996ef1a23a,1904,580,2800,3518,896,2938
ec8f0df09f531817085c87dd45844cec,dd5bf05ccd743cbcd6ae0f316458af20,1263,369,2012,2213,749,1844
d4d36c652112fd0906b469af7f36e758,b7dadc221e487ec90efe7d87061933f4,1930,0,2800,2796,870,2796
d4d36c652112fd0906b469af7f36e758,2b72bb5ef94edc9b407ff09c39cda8a0,0,510,908,2670,908,2160
ec8f0df09f531817085c87dd45844cec,dca0a14c4d27192ee030435fc88af383,1145,0,2012,2610,867,2610
ec8f0df09f531817085c87dd45844cec,d8081acb8903cb1c7dfcb08c07447dd8,0,158,722,1895,722,1737
0094c131716a68e40576375e98917c62,3f7902ae65b8a5873af88994cd581048,0,0,1688,2826,1688,2826
d4d36c652112fd0906b469af7f36e758,cd93b51a94ddaa4528779205a6d7dddc,0,0,955,3028,955,3028
ec8f0df09f531817085c87dd45844cec,77036069379c37ec57e41bb0c1d30cbf,0,0,842,2643,842,2643
6393e6feb3322c53f771083e905397fc,ba5c186176f29d94310bcd51e8257582,1901,366,2800,2490,899,2124
6393e6feb3322c53f771083e905397fc,6b985ea3a49716a3555475b685e3450b,0,532,907,2684,907,2152
6393e6feb3322c53f771083e905397fc,3c3d3f1739704e068259e12f9f1b0f79,1859,0,2800,3338,941,3338
6393e6feb3322c53f771083e905397fc,344f27bd381def69bc5de7f34088afe4,0,0,1047,2817,1047,2817
68b51f315262578bc2cc51e70ab239e8,a114ff4b288b79a117605aa6581755e8,1002,188,2012,2449,1010,2261
68b51f315262578bc2cc51e70ab239e8,0b8db634d217c4164e58fdd7b2d188e7,0,437,968,2618,968,2181
8570b2c923a8f970c9adfa94eb4103ea,500176fa56b8ecda3f735e98a9e97f88,0,302,1032,2723,1032,2421
68b51f315262578bc2cc51e70ab239e8,af483e7de8897d9959f102a284862c9a,1048,0,2012,2812,964,2812
f342632ba3694f185cce126980f380f6,382a40675422b741ff115d461a0e0828,0,515,745,2370,745,1855
f342632ba3694f185cce126980f380f6,af4d5049032e574b217c9caf4a22964f,0,0,781,2175,781,2175
8570b2c923a8f970c9adfa94eb4103ea,bd7bd3ec3a0a16b8207b9a03f91e6338,0,0,923,3518,923,3518
f342632ba3694f185cce126980f380f6,33e70ba173a4e512e4eaa4d473f89c10,2027,0,2800,2112,773,2112
7c98228fc11204260460934ba8c6e12b,4729d422042d543e3deb79bc9bad8ab2,1989,0,2663,2547,674,2547
7c98228fc11204260460934ba8c6e12b,1e6d951c061c1e68ca0056aa7af70405,0,0,803,3501,803,3501
7c98228fc11204260460934ba8c6e12b,9d88128064cdbc7d426f36da953cebbb,2074,0,2621,2850,547,2850
7c98228fc11204260460934ba8c6e12b,a2b207fbb38e7522dc318d2ca7a56d19,0,565,484,2510,484,1945
f342632ba3694f185cce126980f380f6,876f29ad5cb4fbfc575b0ba07c2021ca,2043,397,2800,2228,757,1831
8570b2c923a8f970c9adfa94eb4103ea,7b57e69efe3aaf9eeae91f55e703c2d4,1874,0,2800,2755,926,2755
68b51f315262578bc2cc51e70ab239e8,e00a2903326dd2756b6e28ca83ee7a71,0,0,1039,2812,1039,2812
605fdc453a4af1933695ff682fc46cea,e93d0d3179ad61476383da8694e2d1f4,1909,219,2800,2340,891,2121
605fdc453a4af1933695ff682fc46cea,5b34564ccb99b6ef4e858015ee58b49e,0,0,850,2649,850,2649
6489da1aa1487b38667ff88ebff67fa2,754250ced271661f7561cb53bd409d52,1820,0,2800,2873,980,2873
336341d585ebbba49012fd82d143a7b5,0da1afd5d8517c3ae55f6a2f76bedf1d,0,0,721,2707,721,2707
336341d585ebbba49012fd82d143a7b5,a75940f95ba11180a99dadce45870ace,2047,595,2800,2433,753,1838
605fdc453a4af1933695ff682fc46cea,5fc451ccea65adb2ba624fe0d3c456f1,0,0,894,3029,894,3029
6489da1aa1487b38667ff88ebff67fa2,1a434f461d6b76fea8bb58c6cc2d3549,0,542,846,2959,846,2417
6489da1aa1487b38667ff88ebff67fa2,8093b3a19316c067b5d53b1aac3daab9,0,0,897,3052,897,3052
d674cbf17db746dee2d5c55ae9f31d96,a1fc7639626b9f2409ebcc5f47e9666c,0,601,958,2672,958,2071
336341d585ebbba49012fd82d143a7b5,ff672babf9a7e0a7bfe090f016a57a17,2089,0,2800,2760,711,2760
ef23b803564531710be27994408c731e,f72c146f5b2b340c146d45f7ebebbf7c,1048,0,2012,2812,964,2812
605fdc453a4af1933695ff682fc46cea,d3d7b406535a6955c3cad96eca1a52cb,1879,0,2800,2745,921,2745
d674cbf17db746dee2d5c55ae9f31d96,3013807752907fbd0f688aa23802a5b0,0,0,932,3518,932,3518
6489da1aa1487b38667ff88ebff67fa2,42746825d0f2b3701889e31fef44a88d,1813,0,2800,2745,987,2745
d674cbf17db746dee2d5c55ae9f31d96,93084d26fba999a18540d9cff8522862,1803,625,2800,2719,997,2094
ef23b803564531710be27994408c731e,62cc8511fc139caf4bf28ac4b82ccfb2,1095,187,2012,2812,917,2625
ef23b803564531710be27994408c731e,b6f92b39e4c860c127c91d338725b24b,0,202,981,2549,981,2347
81136bf850c59832e48742df49c6f2d3,5cedbdef1f0bc7f2574d9b723e53a501,1911,321,2800,2549,889,2228
619196694c4cbf4afd575ba197b64ffd,24c779822c85edbbd6f0ac753f5e2a91,0,343,1001,2748,1001,2405
336341d585ebbba49012fd82d143a7b5,d9a8ef45209d93c9845184f4186a9e0f,0,752,675,2603,675,1851
ef23b803564531710be27994408c731e,b4287319284ae0f4bbf080444b01d6fd,0,0,1033,2425,1033,2425
81136bf850c59832e48742df49c6f2d3,7011ab8eb1d212b4209adf75c29a4475,1815,0,2800,3236,985,3236
d674cbf17db746dee2d5c55ae9f31d96,575a6c8ea2a9d447251921d8493953e8,1820,0,2800,3257,980,3257
619196694c4cbf4afd575ba197b64ffd,7c50cb4d09fb37e330600be3d6212562,1685,0,2800,3287,1115,3287
71c6ba28c22f47a5480ee91838e4078c,68426a583c2e1f00535c459657a9c01c,1814,417,2730,3580,916,3163
bcbe58293b8091a19baeb7782c18506c,ae726f21372eeebf269eeef8cd9a99f9,0,0,914,2304,914,2304
81136bf850c59832e48742df49c6f2d3,1d5969e04dbcf999d79f0c4f3521a1b3,0,0,1024,2741,1024,2741
885ce415427c2f458910e5e18db992d8,cf4d3289a03430bb440b2e90fae2ca72,2410,900,2800,2370,390,1470
81136bf850c59832e48742df49c6f2d3,0d191a16829f80b61025ce7822f662df,0,208,892,2495,892,2287
885ce415427c2f458910e5e18db992d8,e26ed469e345fb0763fac9e9628c4aef,0,882,461,2297,461,1415
885ce415427c2f458910e5e18db992d8,d7cf65ae6801509b368d4bd472bf3965,2125,0,2800,3518,675,3518
885ce415427c2f458910e5e18db992d8,9c60a08919ddcbef111406a69c4e72c0,0,0,729,3014,729,3014
619196694c4cbf4afd575ba197b64ffd,515d1122286630b8a7a26caa4b4ad6f8,0,0,1001,2943,1001,2943
1e6e1af27942b6ea861c553e3c525578,37a51ee98232c668d3a6f094aa6361ce,0,67,651,2674,651,2607
1e6e1af27942b6ea861c553e3c525578,c13f373d1e91a5081cf89131fb171478,1294,0,2012,2385,718,2385
1e6e1af27942b6ea861c553e3c525578,54da2efb97dc1b12fb240b843ed0e82c,1238,106,2012,2239,774,2133
1e6e1af27942b6ea861c553e3c525578,e356a34090f64c7ca945baae97130075,0,0,770,2692,770,2692
bcbe58293b8091a19baeb7782c18506c,eb341af69a5a7a155eeed060d9b06f01,988,470,2012,2709,1024,2239
71c6ba28c22f47a5480ee91838e4078c,5d5a77c214f8bce775ca2303fe9d819f,0,470,1275,2829,1275,2359
619196694c4cbf4afd575ba197b64ffd,4c46dc40387958bcbe08b6bb85ffd946,1783,259,2800,2676,1017,2417
71c6ba28c22f47a5480ee91838e4078c,a8d0ec130175e432e31cf0c5f896e76c,0,0,1178,3580,1178,3580
e601888d7c9e4543b199941c0cd2b016,b4823731d0c58bb3cbb63a9becec20e2,2084,671,2800,2557,716,1886
63303252b1fb34780163ab8a47ba89f9,4a33d5cffaf6ec81e26c6e5d8799351b,1726,0,2800,2691,1074,2691
ac9af4a1786443fb9471b28d43cca24c,6052361513099eaeb4e35aa3359f2f44,0,695,568,2766,568,2071
71c6ba28c22f47a5480ee91838e4078c,46fe9f21de175afc50e5ed67a85bc4c2,1747,0,2754,2755,1007,2755
bcbe58293b8091a19baeb7782c18506c,e9d80b7c287c2fd5d6f43035c5017278,0,211,962,2321,962,2110
e601888d7c9e4543b199941c0cd2b016,3a9fb0a48e40935f00a88ae9b55a5211,2096,0,2800,3518,704,3518
e601888d7c9e4543b199941c0cd2b016,73aadec32f3e7d4bd1b75df7ee919168,0,562,773,2545,773,1983
13930dbff7b65b65c880062d477fa209,dedd14294086bc99286064dcf8e660c2,0,0,1023,3518,1023,3518
13930dbff7b65b65c880062d477fa209,07632689107f760cac39f076d2ff62ad,0,780,1016,3017,1016,2237
63303252b1fb34780163ab8a47ba89f9,59f48cb79b21eb04885c31a45a6369dc,1650,0,2800,3198,1150,3198
bcbe58293b8091a19baeb7782c18506c,b201f38a7cb20b4e813aca106fe50a2f,996,0,2012,2331,1016,2331
63303252b1fb34780163ab8a47ba89f9,2f48022a49d11be37b6b391fbc5bc47c,0,0,1001,2922,1001,2922
13930dbff7b65b65c880062d477fa209,728652778fc0fb697c18e25691655878,1802,0,2800,2536,998,2536
e601888d7c9e4543b199941c0cd2b016,17a8e9e802b8bc4eea85fe96217c60cf,0,0,712,2748,712,2748
ac9af4a1786443fb9471b28d43cca24c,155d06e7b464e905a66840f908c828f0,2157,0,2800,2498,643,2498
387e100607ff059419ffbcfdd9e7cdb2,dbd8aa68ff28bf9132cc59934f80a661,1856,0,2800,2463,944,2463
ac9af4a1786443fb9471b28d43cca24c,9b2f7d6978183d005ee1772171f621c2,0,0,693,3518,693,3518
63303252b1fb34780163ab8a47ba89f9,03e464754732750f5828aeb94af68b22,0,102,930,2938,930,2836
13930dbff7b65b65c880062d477fa209,2b7258667c01f06633869ffdbabc9490,1852,0,2800,2818,948,2818
387e100607ff059419ffbcfdd9e7cdb2,a0254be5e3681b89c164c4d831eb0b76,0,612,1044,2596,1044,1984
387e100607ff059419ffbcfdd9e7cdb2,7d3b27acb728c71198fd2b78eb4d2b7d,1814,422,2800,2430,986,2008
ac9af4a1786443fb9471b28d43cca24c,a77708ba43c52512766fe10f6e7008ae,2152,0,2800,3518,648,3518
247141b74b782af302fa2f968c4795b7,a473c60e8c464ac5ef4687e31cb2b436,0,0,1453,2736,1453,2736
387e100607ff059419ffbcfdd9e7cdb2,dac798f3fd340e1fff0deb48d34a4ef1,0,0,1070,2655,1070,2655
247141b74b782af302fa2f968c4795b7,7a56d1bb57dcec947d8b6af9a2db399f,0,0,1448,2617,1448,2617
da80440fe69a8d3b53db2d34d02aa30e,87be51569975f3b5ee00676d5e8fabf0,1744,769,2800,2716,1056,1947
da80440fe69a8d3b53db2d34d02aa30e,072d3d5d421242b5de47d4e21ace28f1,1869,0,2800,2554,931,2554
247141b74b782af302fa2f968c4795b7,72792db8fac021dcc996e11715e38af8,533,0,2012,2490,1479,2490
247141b74b782af302fa2f968c4795b7,c574415ef9d31fe602c4a52dbc8bd974,662,0,2012,2812,1350,2812
c205a0e69876b7c83b37a084b663aacb,5e336958f6e734091af43fa3c726d0ee,1924,677,2800,2879,876,2202
c205a0e69876b7c83b37a084b663aacb,7d7497ce827e51060fa9620e890328df,0,613,876,2952,876,2339
7e3449ae37eb46ae020e72559b516f1c,db5e37606073b04919f001feb3bebf28,0,526,765,2785,765,2259
7e3449ae37eb46ae020e72559b516f1c,2752a745e9b487afd8eea2f71404335a,2008,408,2800,2635,792,2227
7e3449ae37eb46ae020e72559b516f1c,f14eec0dd1879cb38db1e8301f4b5003,1916,0,2800,3518,884,3518
da80440fe69a8d3b53db2d34d02aa30e,486c2f3aa86a55e2f0cbaeab8eb93f64,0,0,925,2586,925,2586
c205a0e69876b7c83b37a084b663aacb,4cf53067a676b188f59493bd806dc271,1758,0,2800,3518,1042,3518
c205a0e69876b7c83b37a084b663aacb,254a67265452f4b67a953c445a71f664,0,0,985,2769,985,2769
da80440fe69a8d3b53db2d34d02aa30e,56532ad753dd4c771a6de7547ac3dd64,0,773,1017,2679,1017,1906
2462c2f7c435e788d915213ed30ed211,4d301d0806fe93588293cd52f7c5f725,1893,0,2800,2646,907,2646
2462c2f7c435e788d915213ed30ed211,bb25c9b03c61f29688408f7ef3600182,0,582,837,2390,837,1808
7e3449ae37eb46ae020e72559b516f1c,3e4a9380c259705172915830a4180775,0,0,895,2938,895,2938
adfd894922d1a977e3806f42eb3d3588,a737cfa80a02165af8766f5a2758ac25,2040,736,2800,2521,760,1785
4f23cdd4785c6fcd7e182a9ab6772f49,62ce79502283d2842d4e53e7fcf0442f,0,0,984,3518,984,3518
adfd894922d1a977e3806f42eb3d3588,54baa174d301ef3f91416f8ed954d6c6,1761,0,2800,2651,1039,2651
4f23cdd4785c6fcd7e182a9ab6772f49,ce2c08151efa9bedc0bcbece1c4e5c3a,1931,0,2800,3518,869,3518
adfd894922d1a977e3806f42eb3d3588,906ee09901fc7baa83e68a30d2c4eb4b,0,545,877,3031,877,2486
adfd894922d1a977e3806f42eb3d3588,c036307d71eec6d1e42d44c477cca644,0,0,1013,3099,1013,3099
a449e9e5794ec95e61e6ee7f489a3118,041897b571bd2f008bd4c2648d557c6d,1747,0,2800,2800,1053,2800
2462c2f7c435e788d915213ed30ed211,2b506fb9c2e33c314287ddda5f24c0dd,0,0,908,2734,908,2734
a449e9e5794ec95e61e6ee7f489a3118,74e082c97b7200426f7ad49ed3958585,0,0,956,2838,956,2838
7ad3e804b8985abc9b72ee0bd4c4a8a3,93acc4ef27f7febe3fcc850246873b29,0,481,823,2561,823,2080
d8d9c121cc587f31710f61b20fb8c98c,a2ce545b7d7d400e6599dcba1fb0b5b6,1996,496,2800,3518,804,3022
a449e9e5794ec95e61e6ee7f489a3118,89b3911dfc16af2dc8246c800fe62540,1891,495,2800,2575,909,2080
a449e9e5794ec95e61e6ee7f489a3118,1794bd3ec60ded76e996129e44b7dc26,0,1021,961,3093,961,2072
7ad3e804b8985abc9b72ee0bd4c4a8a3,952db864c34b4f02eeabc1559fda2058,2021,0,2812,3580,791,3580
d8d9c121cc587f31710f61b20fb8c98c,660d6f19556bd5eab8d81c40150c2ba0,1908,0,2800,3518,892,3518
4f23cdd4785c6fcd7e182a9ab6772f49,22836a0ca09865a26df159ced1afda2d,0,620,873,2741,873,2121
2462c2f7c435e788d915213ed30ed211,20659a3225d153fe360173651bfe78e2,1967,756,2800,2556,833,1800
d8d9c121cc587f31710f61b20fb8c98c,b6186d486587191a39ef60daa5bc4547,0,252,795,2561,795,2309
00fff3f5e68727ee9a2cceeefee31bb9,81919f88215ae0efaa74ae2c494c4f73,0,812,709,2619,709,1807
00fff3f5e68727ee9a2cceeefee31bb9,6fbd1ca678eb143c893b5cf07b844d09,1234,0,2012,2693,778,2693
d8d9c121cc587f31710f61b20fb8c98c,12274fa705b7da077ac9150b2e54af6b,0,0,856,3518,856,3518
7ad3e804b8985abc9b72ee0bd4c4a8a3,735851f234a657318773c4cbbe4969cf,2110,609,2812,2709,702,2100
00fff3f5e68727ee9a2cceeefee31bb9,e92f99ecdf4166ed6203897443df6b2b,1246,162,2012,2066,766,1904
9f51e3e476221f2fc806713fd3da9cc4,0e21f42ce08dc6176173bf5cb7dab05d,1216,435,2800,2920,1584,2485
00fff3f5e68727ee9a2cceeefee31bb9,bfc5a7b2eda1db5cb794779d75de0b12,0,0,879,2796,879,2796
7ad3e804b8985abc9b72ee0bd4c4a8a3,90b0c7b7b17c0f74c30b9e142a59b2ea,0,0,822,2981,822,2981
4f23cdd4785c6fcd7e182a9ab6772f49,6202355f08b8036890db6f1f8dfaa826,1981,615,2800,2702,819,2087
9f51e3e476221f2fc806713fd3da9cc4,4d2172c8fcc3ee30d2c9a7e096e96a43,0,0,1688,2826,1688,2826
2a4461282beeda36fdcee63840ed33f6,1ca632dce3f016d04bd459160191656a,1086,0,2012,2251,926,2251
2a4461282beeda36fdcee63840ed33f6,74c19640b94664168b82b49da976a9ef,0,139,940,2465,940,2326
f5bdab9e46e221f7454631a148f7cc10,40a5fb1be421bb55fb4f7aef2720de8a,1894,606,2800,2757,906,2151
9f51e3e476221f2fc806713fd3da9cc4,4a14088cd3032bda3d08e09309b98293,0,73,1700,2557,1700,2484
f5bdab9e46e221f7454631a148f7cc10,a7d676b9410ed016ad9d2781e7b8c554,0,559,1104,2839,1104,2280
33d0c61db56727d4836cbf15f0a957bd,a9baee8dcd94643da53724c1d309c2c5,0,0,950,2766,950,2766
15b8272461861e816d4f59b6d851a355,6d80b90f1fc52d44f73c253a159d723a,1887,0,2800,3385,913,3385
15b8272461861e816d4f59b6d851a355,9870a19b06b045fad3f127d3c88fa556,0,890,720,2973,720,2083
2a4461282beeda36fdcee63840ed33f6,2c8d5f49ffa9a747e0e55dfa51555998,0,0,916,2812,916,2812
33d0c61db56727d4836cbf15f0a957bd,bfda0f9389d796a02ef294cd517d4524,1846,797,2800,3080,954,2283
5db9ac9324ec6e77d5e5c4a3158323d7,5e9575a4554f18ff0de64dbc43bc01ff,0,404,883,2669,883,2265
5db9ac9324ec6e77d5e5c4a3158323d7,2afb5dbb957c6f57e7b8a950592f34a5,0,0,870,3518,870,3518
33d0c61db56727d4836cbf15f0a957bd,84fd4638554e41743bafc1dd92277918,0,0,1061,3518,1061,3518
5db9ac9324ec6e77d5e5c4a3158323d7,37ea2a11029068572a77e6e530187bdf,1821,629,2800,2695,979,2066
9f51e3e476221f2fc806713fd3da9cc4,02d721ad8c872e33065398c929e92726,1347,0,2800,2895,1453,2895
33d0c61db56727d4836cbf15f0a957bd,facdbf93ba45c9743d41f00c71303779,1722,0,2800,2955,1078,2955
5db9ac9324ec6e77d5e5c4a3158323d7,d0580fd717bf2fdac32a1cd63e91f99e,1754,0,2800,3518,1046,3518
6f87ecb7d9ca57a790c3f81b23940af9,66a16e7d7eb7d26170b2558a697b1459,0,828,690,2648,690,1820
2a4461282beeda36fdcee63840ed33f6,d5e07748ca6ca132f654ba0c35e6bb84,1150,0,2012,2742,862,2742
de22cb48e2dda5ba8a7e496170c91471,6315bf0727e30c815fe8f9bd4e216731,1803,418,2800,2427,997,2009
33a3c7b1ea1b9b72d28bd57043d7a215,f17545da04140b4509c26962077f97e5,0,0,1439,2812,1439,2812
de22cb48e2dda5ba8a7e496170c91471,644bf82c27f6054f7f19276f3adb330a,0,416,1036,2704,1036,2288
6f87ecb7d9ca57a790c3f81b23940af9,c9783845c2a98ecbaff787510620b43b,2147,703,2800,2620,653,1917
33a3c7b1ea1b9b72d28bd57043d7a215,043274d2c4fc673ae3f7086d802e1063,0,0,1351,2812,1351,2812
6f87ecb7d9ca57a790c3f81b23940af9,d253efd959e8daf6e9750810c63f09bb,0,0,816,2720,816,2720
33a3c7b1ea1b9b72d28bd57043d7a215,ed321241cd1d4492640270a6ae4fe6f5,554,0,2012,2812,1458,2812
33a3c7b1ea1b9b72d28bd57043d7a215,88e68a69fc30be13a86fcd1f18a4d5e1,515,0,2012,2812,1497,2812
f5bdab9e46e221f7454631a148f7cc10,9d13ea00836c1d5ffdf627cce426f4a1,1726,0,2800,2884,1074,2884
15b8272461861e816d4f59b6d851a355,547cbe9151eb56312930a1345109d5c8,2023,344,2800,2636,777,2292
f5bdab9e46e221f7454631a148f7cc10,e2e568f6b2f2559df38695ecf995f790,0,0,1228,2777,1228,2777
99f96bb79aba94eaba2a06075da37c32,2bc19cfbec2433a34e6293156219eb0c,1932,709,2800,3518,868,2809
15b8272461861e816d4f59b6d851a355,e3a5551d73eaa30a0cb6409d07b05a25,0,0,858,3093,858,3093
de22cb48e2dda5ba8a7e496170c91471,8c4a9f9cf8aafa0c576744f3f55ebe45,0,0,1031,2777,1031,2777
de22cb48e2dda5ba8a7e496170c91471,838a4c7b25799db5ae2bc6c8c4cc488b,1751,0,2800,3518,1049,3518
6f87ecb7d9ca57a790c3f81b23940af9,000611f8c6a44659a1813f4019241829,2044,0,2800,3358,756,3358
99f96bb79aba94eaba2a06075da37c32,e5f7599f07caffbc18b3c5acf127dadc,1879,0,2800,3518,921,3518
99f96bb79aba94eaba2a06075da37c32,fad16dc1f1377178a35835fb96b58011,0,482,917,2782,917,2300
99f96bb79aba94eaba2a06075da37c32,cd5d0218e33eef4475608f19ab9a343a,0,0,900,3518,900,3518
5391295c0b9ae2214d1b53debaafea83,9a2e5e2bb980b92385564ecd4554bcd0,0,0,1022,3518,1022,3518
5391295c0b9ae2214d1b53debaafea83,5868f5dca604bc07a0724742acc87778,0,435,928,2739,928,2304
88a8677b6c5d1d4a1bdc5ab8e996e574,d69d78e62fcc97f5c1d245eca0aedd95,1834,91,2800,2366,966,2275
5391295c0b9ae2214d1b53debaafea83,7916c8996f987b1bece6c73a111a42ba,1830,279,2800,2631,970,2352
88a8677b6c5d1d4a1bdc5ab8e996e574,d52bdeec29878d35e2466b1ff2952edf,1670,0,2800,3028,1130,3028
c104afcef952c35b1eac48908e27ebce,85bd92b68140b0270e9a44ce62e6b1ab,1914,604,2800,2549,886,1945
88a8677b6c5d1d4a1bdc5ab8e996e574,f66c0da6193e7620d7bc58510127cf19,0,344,1034,3518,1034,3174
5391295c0b9ae2214d1b53debaafea83,b196bea5f5319020f50f877b6c95cbb3,1894,0,2800,2514,906,2514
88a8677b6c5d1d4a1bdc5ab8e996e574,a50b9a4ef063c1adff61ce258ad21346,0,0,1091,3518,1091,3518
c104afcef952c35b1eac48908e27ebce,21a2c2f41cce753292ea4f98399d4346,0,621,988,2756,988,2135
c104afcef952c35b1eac48908e27ebce,1c28531b49fa2ddea7bdf13fed6fb6a5,0,0,971,2853,971,2853
c104afcef952c35b1eac48908e27ebce,16b2f75fc3744cd41534a28603729f60,1887,0,2800,2763,913,2763
785729f93f666e444f09c8f896a40b23,1e68af8fabf125bdfc956c89f012c912,0,0,878,2463,878,2463
b3e52f3b9cd865ac0845a27599a67f16,a0ae3f69de3948d95cb9d3852fa480d7,0,0,852,2442,852,2442
b3e52f3b9cd865ac0845a27599a67f16,c2726c1cd65a31152c46b6dea5399387,0,501,804,2603,804,2102
b3e52f3b9cd865ac0845a27599a67f16,ca9d1620404dc4cef56f0b236b9e2aac,1977,420,2800,2461,823,2041
785729f93f666e444f09c8f896a40b23,974338ee2afc95522d816b24d7b1bff2,0,680,818,2595,818,1915
7af67b3ba8cbc4b88ffb7312a04eae53,9391ee3c794969e3ad706fd956f814c3,1003,150,2012,2812,1009,2662
b3e52f3b9cd865ac0845a27599a67f16,afb0966a4e9e19d2ad84c8f5055c2f0a,1947,0,2800,2799,853,2799
785729f93f666e444f09c8f896a40b23,975c3d5ce62765f6414ec7e91f40826d,1965,0,2800,2532,835,2532
785729f93f666e444f09c8f896a40b23,7f2b61378ebe558984c2e368b324d655,2003,703,2800,2688,797,1985
7af67b3ba8cbc4b88ffb7312a04eae53,dd6285b890d465e8c9299d4b200d7960,0,0,891,2618,891,2618
7af67b3ba8cbc4b88ffb7312a04eae53,cfe35e85bfbdce445923d81563dbdbd9,0,406,977,2812,977,2406
78c014516859f527da71c144bcdf72bc,a57727ec7929261a6d42e2e0200244ce,0,373,789,2141,789,1768
d01655ab6372a7adf01fdd062f02cc04,62374824e7a4011c7d1441d13c66ee5e,0,490,1010,2816,1010,2326
d01655ab6372a7adf01fdd062f02cc04,461a1a57bf14dc379aba902574519181,1641,278,2800,2739,1159,2461
d01655ab6372a7adf01fdd062f02cc04,4fadef298bd8892fbc11b5dabeab9ff1,0,0,1355,3405,1355,3405
78c014516859f527da71c144bcdf72bc,315ba9b38bed7b6c7a83fc8313867e05,1104,0,2012,2694,908,2694
d01655ab6372a7adf01fdd062f02cc04,d3446b8c970b5bad494d95983fcc5909,897,0,2800,3408,1903,3408
7af67b3ba8cbc4b88ffb7312a04eae53,802c8126ab19a1556c35aa5fe5f2b429,1111,0,2012,2558,901,2558
78c014516859f527da71c144bcdf72bc,ecbb7e3f1930a101ea65630b62f72b86,0,0,820,2652,820,2652
a69408393f1b2e777f6d0c3f6542ce02,e49be43a9b0b75d421580d94df481321,1155,257,2012,2422,857,2165
78c014516859f527da71c144bcdf72bc,99a67887459ecb1febc9047b76b489be,1195,275,2012,2157,817,1882
a69408393f1b2e777f6d0c3f6542ce02,a89eb23e42edec411bb14ca3e0755a1b,1127,0,2012,2812,885,2812
d5562730424a599e5bbf4f7fc7f1a5d4,cde88eb3adee814e6a2a1b341a0f9558,1937,250,2800,2637,863,2387
d5562730424a599e5bbf4f7fc7f1a5d4,71c157751c2655973b4ee93ec3c903b0,1770,0,2800,3518,1030,3518
eb06908791374f31906e18b6049af92b,41db5e7edf74b6ae9229e56863aa6151,1149,0,2012,2539,863,2539
eb06908791374f31906e18b6049af92b,52b022e73cbc2b2b27335cce447ad0df,0,0,810,2812,810,2812
a69408393f1b2e777f6d0c3f6542ce02,4d7c9617ee1c0761e2ee35d10e04af00,0,0,1011,2589,1011,2589
d5562730424a599e5bbf4f7fc7f1a5d4,7cda9736480e9576bdc8ba23f27064db,0,322,861,2496,861,2174
ce79b639b6bdd567f2b99436bd2af4e9,ee81d3c7ef2f141363d6e1886a5e13f0,0,0,858,3518,858,3518
eb06908791374f31906e18b6049af92b,7d8d2d3e41a9fe59c900fce099a6a93a,0,237,757,2432,757,2195
ce79b639b6bdd567f2b99436bd2af4e9,69bcd5a7b7d69e4c9a55b9f9abaf47d7,0,404,878,2387,878,1983
d5562730424a599e5bbf4f7fc7f1a5d4,7f711f5e21dcebe1d0e85147f0c29040,0,0,973,3518,973,3518
eb06908791374f31906e18b6049af92b,5f103ec013b30052905106aca64335a2,1104,0,2012,2421,908,2421
c2f210181aa90f2492d8f71461457a6b,9d58e0bf5dd82696cd00a780c66256d7,0,1060,823,3453,823,2393
ce79b639b6bdd567f2b99436bd2af4e9,29a4b8eb8e14e86dbfb53ce51eca0dc3,1989,470,2800,2336,811,1866
a69408393f1b2e777f6d0c3f6542ce02,1fe871e863c4612500dcfb628aff88ab,0,174,978,2431,978,2257
8ad73a0dec1d64e5cafce7443c161d9a,698e105119d645c31f7263f64f4630f1,0,0,1157,3015,1157,3015
bb618f1280b452945dc7afcf35e23b9b,f7c19d193c48ad21632263eac84bd2ae,1015,284,2012,2812,997,2528
6305f7b1aab1b784f5c1a7785e78897c,9335e45bf3a5d2bdf5bbdfab0e709c55,1937,0,2800,2435,863,2435
6305f7b1aab1b784f5c1a7785e78897c,d7a291a2d2376b3de0865e14f70941df,1999,147,2800,2438,801,2291
8ad73a0dec1d64e5cafce7443c161d9a,8d968dc7e55c057149ebbbdc5b4f685f,0,315,1095,2665,1095,2350
ce79b639b6bdd567f2b99436bd2af4e9,43f71765e5cfcddcdfa448d50e53df4f,1891,0,2800,3389,909,3389
6305f7b1aab1b784f5c1a7785e78897c,0b39caacc0a39f075c47ddf7c270d8c4,0,0,903,2644,903,2644
c2f210181aa90f2492d8f71461457a6b,3db23769b17367a050293dc4704d6e8f,1740,530,2734,3567,994,3037
c2f210181aa90f2492d8f71461457a6b,4fba0516b88167b614481b6d3ec69646,0,0,928,3580,928,3580
8ad73a0dec1d64e5cafce7443c161d9a,cb08125e5f10ca0e9d191dac4d08837b,1738,158,2800,2517,1062,2359
bb618f1280b452945dc7afcf35e23b9b,e542f9387674418e51d71d44dd35a496,0,0,1069,2812,1069,2812
c2f210181aa90f2492d8f71461457a6b,235fbdf91aba3b6033cb75957f7f05fa,1608,0,2718,3580,1110,3580
6305f7b1aab1b784f5c1a7785e78897c,3edc341904ab2373832c2cdac2248326,0,432,855,2660,855,2228
041656eea2b3ca050bc07cde237de84e,921665e73f02e853a846019035e433a2,1874,541,2800,2608,926,2067
041656eea2b3ca050bc07cde237de84e,0e2d5ae05ab94f5bac81f804369effd0,0,0,1035,2474,1035,2474
ed2e76db5f80d08cda9b1b48741e14c5,fe6ee1d3a16de3258646e80b5ea6f0a8,0,289,1028,3518,1028,3229
ed2e76db5f80d08cda9b1b48741e14c5,e95a69604ff1ee71270226e9f78b0e5c,0,0,963,2982,963,2982
041656eea2b3ca050bc07cde237de84e,403cd8d19b8bf9f91d82a56bc5f6e28e,1782,0,2800,2469,1018,2469
4225dc595e2e7fc1108a9c813a4ca74b,1b5e75f78b7eab1e4bc933d086ea99df,0,596,1038,2797,1038,2201
4225dc595e2e7fc1108a9c813a4ca74b,ed32d531056b9a9e2fe4cdc3196b5efb,1815,106,2800,2373,985,2267
ed2e76db5f80d08cda9b1b48741e14c5,9e16211ac292911bcae2e254132f9350,1815,168,2800,2680,985,2512
e82ead4cf056c2377f17eda58fbe8293,8f8e4b802994acc30ab8f23390b66cc7,1913,0,2800,2693,887,2693
ed2e76db5f80d08cda9b1b48741e14c5,70ed5b83e9b475ce7b3b6789510a2b7b,1773,0,2800,3277,1027,3277
fade1400b24d749789268e9269441977,ed1b40901dcfcdb496b9759e490cbb4b,2092,169,2800,2384,708,2215
e82ead4cf056c2377f17eda58fbe8293,f42253ca7c98c1c4ee3e03dc2387bf9d,0,405,920,2643,920,2238
fade1400b24d749789268e9269441977,b9487c66a8d7fa7baedcd5d02a4cd82b,0,522,793,2656,793,2134
e82ead4cf056c2377f17eda58fbe8293,9959a354548b538da0e0d6716d86eccc,1865,512,2800,3365,935,2853
26b1a61af2357833acfd2fbdda6f45d4,3f44b7d543aa1c95ac41310618f07ee7,2063,539,2800,2403,737,1864
32faa475192319343ddf2d39a34efcbe,e027def4435c36b5e8a5abdb646934ac,0,579,753,2474,753,1895
041656eea2b3ca050bc07cde237de84e,67d296b0a928642d542d43571d2eb62e,0,463,993,2610,993,2147
e82ead4cf056c2377f17eda58fbe8293,0d75916c106358735dc03fc1dab8b7be,0,0,826,2742,826,2742
4225dc595e2e7fc1108a9c813a4ca74b,a0395bd237fb81a5fea9f37228e75b76,0,0,1012,2752,1012,2752
26b1a61af2357833acfd2fbdda6f45d4,e9c9392e87e712277b454f4b4f5a1f3b,0,626,724,2457,724,1831
32faa475192319343ddf2d39a34efcbe,852c2762b3c36f2cfdf62087ecdda0ee,1168,232,2012,2325,844,2093
c642123afeedc42140d34568ff03b57a,ac168bdd92355609c405793178205767,0,563,791,2670,791,2107
fade1400b24d749789268e9269441977,40812d1f1e3851129d68d43ed8b6400d,1938,0,2800,3518,862,3518
32faa475192319343ddf2d39a34efcbe,2de40c4e296397b65ae32d97855a3c02,0,0,821,2812,821,2812
1e2b0ce2c5a93c643834c98803e6ac2d,f2ebfa37e63f0aa3306b4cfdd4c7a18c,0,125,998,2502,998,2377
c642123afeedc42140d34568ff03b57a,ffca344e59b96f7569c0d44c6937148f,1756,555,2800,2757,1044,2202
4225dc595e2e7fc1108a9c813a4ca74b,438769492a874cec87523a2beb5f2c99,1819,0,2800,2794,981,2794
26b1a61af2357833acfd2fbdda6f45d4,1ac290ddb2e85787b53c9ae588f04e68,2029,0,2800,2687,771,2687
26b1a61af2357833acfd2fbdda6f45d4,aac84510d9a47edde435eda43591414e,0,0,760,2540,760,2540
32faa475192319343ddf2d39a34efcbe,cd3f03d63ac652dbf7f38d7ea0724a9c,1143,0,2012,2812,869,2812
1e2b0ce2c5a93c643834c98803e6ac2d,da7b44b1079d80029a432be9d521f946,1059,0,2012,2388,953,2388
1e2b0ce2c5a93c643834c98803e6ac2d,7c616bb264b7a725e0bb420854a01537,950,0,2012,2812,1062,2812
c642123afeedc42140d34568ff03b57a,882e4abe154a415c7c8f65790a2b6a4b,1763,0,2800,2747,1037,2747
fade1400b24d749789268e9269441977,8cea71c97baf7eea84418c308382c849,0,0,915,3518,915,3518
dbfb97561565699ae842486bda2ec6d2,8fbefa6c24fe224db1ebd5728a2b33c6,0,0,1026,2905,1026,2905
dbfb97561565699ae842486bda2ec6d2,170afeec27484befc85f021f0bdb7085,1973,363,2800,3518,827,3155
1e2b0ce2c5a93c643834c98803e6ac2d,22fba1258f27256a9f1d090b0ddca9c7,0,0,1144,2812,1144,2812
dbfb97561565699ae842486bda2ec6d2,4bada21420a7af3c0ff002be3332cce4,1873,0,2800,2766,927,2766
dbfb97561565699ae842486bda2ec6d2,6788a93e8c55343f3ed3e04d874ee47f,0,531,874,2706,874,2175
c642123afeedc42140d34568ff03b57a,0228a0c3c65d83e70bf133e5ce5adb0f,0,0,866,2698,866,2698
cecc3e1745d5b5ddac71ef5eee265a0a,79badc3621c642c609ccc701b4c23692,0,0,778,2517,778,2517
cecc3e1745d5b5ddac71ef5eee265a0a,254a61d64dd01120ff2c363233583c2e,1910,0,2800,2473,890,2473
bb618f1280b452945dc7afcf35e23b9b,695eb015c1143034838b1f25672d458a,0,102,1081,2244,1081,2142
8ad73a0dec1d64e5cafce7443c161d9a,24dd1dcd93bc4f4e3c300fffadcd2fac,1602,0,2800,3394,1198,3394
cecc3e1745d5b5ddac71ef5eee265a0a,3b94a263b0e402bae801ea30ff611752,1911,28,2800,2886,889,2858
bb618f1280b452945dc7afcf35e23b9b,ae7fa8204b82ad9f9d36e8c678e785ad,836,0,2012,2812,1176,2812
cecc3e1745d5b5ddac71ef5eee265a0a,207047d62529f7f61692d709e24ce373,0,0,872,2491,872,2491
8f21f2e48ad57b34a5ef9140540748ae,1fbf74aa3e9be948b0e9b1e73f8b3a9b,0,0,744,2695,744,2695
8f21f2e48ad57b34a5ef9140540748ae,efcbaef780d73bb5516164ad413bc27f,2037,0,2800,2782,763,2782
8f21f2e48ad57b34a5ef9140540748ae,8fcd78aec5f1cbbc380dd84ea71822f8,0,682,667,2677,667,1995
23b71a1b28ddd313a85b0094125fec57,dd589d0d60506f6a04e2414d6cb90e2e,1917,472,2800,2531,883,2059
23b71a1b28ddd313a85b0094125fec57,9fc275eb9a2215696112a2e458645e06,1954,0,2800,2350,846,2350
4416c447b8be797ebd10fa131bbb9f30,4610a0674d20ae9dce77360ee9d859b8,0,369,1053,2545,1053,2176
4416c447b8be797ebd10fa131bbb9f30,1b341845c6182d00387c6b5498bdeb9a,1916,0,2800,2763,884,2763
e76479cad9660161de636c26eb13bb48,75ad8cf7d28967880ba3f45dc8f23b2f,0,0,901,2708,901,2708
4416c447b8be797ebd10fa131bbb9f30,0225874eb4af91c639bce19c00dc6fad,2019,617,2800,2677,781,2060
44f07a46a60e6f72f919228b8f64cef0,25a761a83a5600406542dcf68ed2b5b0,1924,393,2800,2541,876,2148
44f07a46a60e6f72f919228b8f64cef0,e8c4fb1f672dc7e4ac92bbaf39276ba3,0,1099,892,3082,892,1983
23b71a1b28ddd313a85b0094125fec57,0e0b1008928cf4298655d7c0ccd9c76b,0,0,866,2239,866,2239
e76479cad9660161de636c26eb13bb48,739a1aeb4752266c44f307362ca59628,0,0,829,2738,829,2738
e76479cad9660161de636c26eb13bb48,a8a89546a129c376ef5e3b5fe9ecc8e9,1903,139,2800,2480,897,2341
4416c447b8be797ebd10fa131bbb9f30,17bc91f462dd5469af5863b666893735,0,0,1024,2589,1024,2589
44f07a46a60e6f72f919228b8f64cef0,0651b138a7c491507544401ba134f6a0,0,0,990,2834,990,2834
23b71a1b28ddd313a85b0094125fec57,957820cb58a5ee0c2ce72f71f238206b,0,568,898,3518,898,2950
44f07a46a60e6f72f919228b8f64cef0,e1d735a69a00e06ac45bc877eefe1bc6,1913,0,2800,3022,887,3022
adeb0a463dc3e7d81084ce12293a1d01,8256b44023d9a280d1f14220bc49fc39,0,0,1204,3518,1204,3518
e76479cad9660161de636c26eb13bb48,d1b1316e3355406360820e4f15b589bf,1873,0,2800,3518,927,3518
6e79c21e0593c8c459ef609b99dbfb70,f78853b3aa2445fb60d677f6f5d82ca7,0,0,1249,2812,1249,2812
adeb0a463dc3e7d81084ce12293a1d01,bba3e9c9a223506b41651a92284f05b3,1762,399,2800,2620,1038,2221
6e79c21e0593c8c459ef609b99dbfb70,59cdcc53f76f8c12741f7770d8fb372d,769,0,2012,2798,1243,2798
adeb0a463dc3e7d81084ce12293a1d01,c7fde0067d6a062ae2c509d7ae618d90,0,705,1046,3009,1046,2304
adeb0a463dc3e7d81084ce12293a1d01,270c2dec8484a7acdd9e96de2059e334,1618,0,2800,3518,1182,3518
82a68ba356cb80f83266a9163089e257,c81fb865d398dbfcab68293682b40e7d,0,0,1043,2176,1043,2176
82a68ba356cb80f83266a9163089e257,cc6050bacc70f147bce89bc467b1edab,1613,0,2800,2982,1187,2982
188998c43ceb69d4cf4da4eba2c53b74,4c804ec7da66a17c85eae9ec8ae156e7,2045,704,2800,2841,755,2137
188998c43ceb69d4cf4da4eba2c53b74,679896aeba47f0815ffccc877a87571b,0,437,880,2605,880,2168
82a68ba356cb80f83266a9163089e257,8fea6bd6248ff4d5f6ff35e2c6e88ed8,0,0,1013,2955,1013,2955
188998c43ceb69d4cf4da4eba2c53b74,b82a26c37874bfb1e7809a4405691d50,0,0,915,2746,915,2746
6e79c21e0593c8c459ef609b99dbfb70,3a5599f4f1f55e7a83385c46a3c29885,0,0,1243,2812,1243,2812
6e79c21e0593c8c459ef609b99dbfb70,b802345f17611b4e223c4ab7abed58a0,753,0,2012,2812,1259,2812
0e9d91847d13260f46cfc9ffc12fdb28,6fa8d3ab6f6628de453d0d207c588f48,0,0,930,3518,930,3518
0e9d91847d13260f46cfc9ffc12fdb28,b56427913a6356c09ba7fb300274698c,0,603,978,2763,978,2160
188998c43ceb69d4cf4da4eba2c53b74,dc60a7e10efddef70dd265cb3b82c74b,1924,0,2800,2702,876,2702
0e9d91847d13260f46cfc9ffc12fdb28,f754a5b64ca0df12bb86144d10972ce5,1896,679,2800,3518,904,2839
7f69aa0222e43ec450beda9ae4e44b84,edffd3073d6c040898d31fc7e2930131,1158,0,2012,2812,854,2812
7f69aa0222e43ec450beda9ae4e44b84,80c83c289cbe42be811815ac3426ed86,0,0,911,2812,911,2812
bae4acd677cdd27b77e311aa7e4d81cd,fbb291e06f3742e9d68ee1b794fe9b8b,1064,422,2012,2231,948,1809
0e9d91847d13260f46cfc9ffc12fdb28,8c9ee8c6aedf3638092a614f3e4d770c,1841,0,2800,3518,959,3518
1cf6af8781b50bf8df522b31d0be0e40,b18215bc9b5fb2882953cc36ae5ccbb0,1511,746,2800,3518,1289,2772
8f21f2e48ad57b34a5ef9140540748ae,bb4909da33645f5cdbebcf9119d9495c,2083,690,2800,3426,717,2736
1cf6af8781b50bf8df522b31d0be0e40,70275af0235d92307ff335bc8162fd3e,0,0,1286,2774,1286,2774
a583bb3caddd4f6c7461e870c76f30fe,cb6e993119a6cb52a432c18c9584683c,0,197,1094,2611,1094,2414
a583bb3caddd4f6c7461e870c76f30fe,387a6b0285bf158f4384df9d4e6cf3d8,1045,0,2012,2689,967,2689
1cf6af8781b50bf8df522b31d0be0e40,b73b780ce9ec1045423b5380e7002d38,0,497,1387,3518,1387,3021
a583bb3caddd4f6c7461e870c76f30fe,c1601425f79073d70299c4f7ab0624db,0,0,1046,2812,1046,2812
a583bb3caddd4f6c7461e870c76f30fe,113b093df6b9927d5d6ba283bae756bb,966,183,2012,2812,1046,2629
1cf6af8781b50bf8df522b31d0be0e40,fd9d3fba0dcbf4eff60d1011dce6adeb,1613,0,2800,2903,1187,2903
7f69aa0222e43ec450beda9ae4e44b84,55073f6a98cf33d7ec56322f2247b331,1285,0,2012,2360,727,2360
11806d33cf6ecad5a73c4f5fc5b10100,d6e29630d71bd6caff78568affe73077,0,0,733,3518,733,3518
11806d33cf6ecad5a73c4f5fc5b10100,c625f222724a2b66a92a2c7b7b2cf0b1,2155,331,2800,2600,645,2269
11806d33cf6ecad5a73c4f5fc5b10100,08cc2a6ebf27d97e9b14458342eecfaf,0,46,727,2211,727,2165
82a68ba356cb80f83266a9163089e257,ce04b8e99a48aa3535e6c4d86a39fe80,1795,470,2800,2498,1005,2028
bae4acd677cdd27b77e311aa7e4d81cd,04f344c29fa7ba6610edeb1623646306,1247,0,2012,2290,765,2290
11806d33cf6ecad5a73c4f5fc5b10100,6218ec25a40fbfa7bf2891cf90e35327,2055,0,2800,3518,745,3518
cc139139b6f7359dd2d070f090fd3c19,1288ca82dc3385b2eb0759699f11eddf,812,196,2012,2812,1200,2616
bae4acd677cdd27b77e311aa7e4d81cd,6600def1e83eed0299a97a2339064ecc,0,399,938,2181,938,1782
cc139139b6f7359dd2d070f090fd3c19,515470cb4f7f316c90785030f2b2a7b7,843,0,2012,2755,1169,2755
cc139139b6f7359dd2d070f090fd3c19,8603b739d9ca3f3b360f1b61850e8f2f,0,0,1270,2806,1270,2806
bae4acd677cdd27b77e311aa7e4d81cd,088bfa9c003ef693daefcf44b427c0a8,0,0,852,2447,852,2447
7f69aa0222e43ec450beda9ae4e44b84,d1434888587a3d54e90ad5410a9564a3,0,0,922,2224,922,2224
6652417b08e5a05a0ba1568140fc3ae2,542745101e26fe3270000d39598d1ed2,1876,627,2800,2604,924,1977
6652417b08e5a05a0ba1568140fc3ae2,5769c88b2e56fc25dd1206fcb563f90b,0,0,964,2472,964,2472
cc139139b6f7359dd2d070f090fd3c19,f930d81261ac8efa02f34c6151abacad,0,75,1239,2812,1239,2737
6652417b08e5a05a0ba1568140fc3ae2,c2d3e5765b337a6a13e04962ceaf5242,1876,0,2800,2609,924,2609
3d8561fbf9ba3c9182d177019e885f19,7b7c5b926f0346fb024d7426d323c22f,0,0,562,3279,562,3279
6652417b08e5a05a0ba1568140fc3ae2,3fe98bb46fe82f2666c638ef78600967,0,1024,771,3012,771,1988
3d8561fbf9ba3c9182d177019e885f19,7f54fdecdc596792ff03593dd5f83431,0,534,459,2239,459,1705
3d8561fbf9ba3c9182d177019e885f19,e76f4341b47cba4030040c1ef1255053,2205,0,2800,3035,595,3035
4e7dc61b1642489642ffec0ba58b6a88,987d3bc5ae4e80531b7448ef487f12d5,0,816,709,2713,709,1897
4e7dc61b1642489642ffec0ba58b6a88,5d67fcbe2f6450cecd27b58d94084745,2043,501,2800,2404,757,1903
4e7dc61b1642489642ffec0ba58b6a88,d9afc977b7065fe0aa9c41d8d2756bb5,0,0,750,2639,750,2639
4e7dc61b1642489642ffec0ba58b6a88,c7bba632aa1eeef6b7439175ff321eb6,2008,0,2800,2618,792,2618
3d8561fbf9ba3c9182d177019e885f19,36302bd7d65bfeee8475dabae7db3674,2345,534,2800,2168,455,1634
a1d6c0849f4ddf239fd65b669254127f,3251f524e09ee012bcfb458fedcd6f4a,1582,0,2800,2720,1218,2720
a1d6c0849f4ddf239fd65b669254127f,1e5f37e056279f6f8affd95d582f263d,1640,83,2800,3460,1160,3377
a1d6c0849f4ddf239fd65b669254127f,8a2813f299f912eb3e3c6f873bce9229,0,0,1186,2678,1186,2678
a1d6c0849f4ddf239fd65b669254127f,43fcb42320339900783039644ee9f4d9,0,519,1152,3518,1152,2999
833ee57c0d3113e5e3c26a66a3372e32,44e5cd738f36ee0507407fe736b4506d,0,641,875,2432,875,1791
1c13eb313351c8ceb5ce1bbbff926369,63e68c6f6bca4064070e519c60ed5976,1670,0,2800,2602,1130,2602
1c13eb313351c8ceb5ce1bbbff926369,4c10e7ccdc997d70b35e391a05eea51b,0,421,1051,2861,1051,2440
833ee57c0d3113e5e3c26a66a3372e32,657aaf7cd3e890ffdefe9c8315b7eee2,1159,562,2012,2320,853,1758
833ee57c0d3113e5e3c26a66a3372e32,d98fcb5efd389083bf209c9d77d45cca,0,0,864,2231,864,2231
1c13eb313351c8ceb5ce1bbbff926369,9bc8bdc2da94d94911bb24d9a6d36f36,1761,335,2800,2720,1039,2385
1c13eb313351c8ceb5ce1bbbff926369,b3e37bbe854371e5ea841df9a3bdf991,0,0,1141,2677,1141,2677
23c04859ed27ec5d67db5f299385bda5,8321e4f3e529af8dd1908857c0658c76,1558,332,2800,3518,1242,3186
23c04859ed27ec5d67db5f299385bda5,986671ae6edc664b06717330f544a724,0,485,1152,2695,1152,2210
23c04859ed27ec5d67db5f299385bda5,8a77069b7d3a3c6cc2a4cdc2a921e986,1490,0,2800,3169,1310,3169
833ee57c0d3113e5e3c26a66a3372e32,783eb4331eaf0125a0e566d7e0753d68,1181,0,2012,2339,831,2339
23c04859ed27ec5d67db5f299385bda5,bed6b4fef8c2eb751ab46a827834871e,0,0,1235,2920,1235,2920
035d8eb3c33b11cdebaf600e9666d351,788e3c931d4b4a3966947c5535319b91,0,0,1113,2718,1113,2718
230ebb48b0f5c53ecfebd4c5f00f4d8f,d2ff0e91c5adf93ef7f41e88d96c02f0,2130,701,2800,2680,670,1979
f9114faeed1553afeb0c74072a1e2908,96e59108a8751d6c55b33fe85fb5accc,0,515,854,2841,854,2326
f9114faeed1553afeb0c74072a1e2908,7a79194035f67c79b67b2504346bd86b,1869,0,2800,3518,931,3518
230ebb48b0f5c53ecfebd4c5f00f4d8f,45a77df3907abc14508931557390e475,0,584,748,2659,748,2075
dfe5da621d5a62d81e5b8824a9f9fca0,bbe68d5a16d4759248bf1af06d7f2789,0,602,859,2784,859,2182
f9114faeed1553afeb0c74072a1e2908,6bd733d5b01d8454756eb2850d729764,1928,359,2800,2477,872,2118
035d8eb3c33b11cdebaf600e9666d351,b71161e6db0903056c1fc113917d4662,1767,455,2800,2741,1033,2286
26a84f74585261dd17fb97bd9927a66c,97f1a47b98053ae58dd968be920e3a79,0,642,715,2652,715,2010
dfe5da621d5a62d81e5b8824a9f9fca0,95ac8eb140190b02c10d8de5c5fc65b2,1925,0,2800,3518,875,3518
d188958c13e1b3e4e141b5f0c3c92090,2f3e41abba6a77ba9ad5c58060862222,2070,349,2800,2507,730,2158
26a84f74585261dd17fb97bd9927a66c,9b082dda34fe36504753ca7a1a080153,2174,811,2800,2772,626,1961
26a84f74585261dd17fb97bd9927a66c,d418f8541456bb7c9d111c243b3b98d4,0,0,767,3170,767,3170
230ebb48b0f5c53ecfebd4c5f00f4d8f,2dbe2c745c8bf3088847c1e4c0b5b702,2013,0,2800,2637,787,2637
27cb9b293d3802cf0d6260a606cca55a,edec9881c5a0191d7a1f1d5b4e3ce899,1840,0,2800,2712,960,2712
230ebb48b0f5c53ecfebd4c5f00f4d8f,f79e1ceb823ed57f57cf5547a50481e0,0,0,812,3448,812,3448
563643e06302bcd7216c2ca8de3157e5,73d9a9cb6d8d2685271440b9bd0bfc4b,1896,400,2800,3518,904,3118
d188958c13e1b3e4e141b5f0c3c92090,cdbb452fb071020dfcb9049d5ce2165d,0,0,1813,3518,1813,3518
035d8eb3c33b11cdebaf600e9666d351,1208ef4efbcebb3e82872b7d2382742a,1778,0,2800,3518,1022,3518
dfe5da621d5a62d81e5b8824a9f9fca0,77cc34668e637f5e451a1ce8312c437b,2014,0,2800,2554,786,2554
38cc668ce1f235ab2c3dd2408198cebf,44b51823c015c7d771ac2cf2e184e30e,1846,0,2800,3034,954,3034
38cc668ce1f235ab2c3dd2408198cebf,d4a3b67a09268ccf7754da40f3fd8947,1889,488,2800,2575,911,2087
27cb9b293d3802cf0d6260a606cca55a,ad92ecd24e1bff64da25769e86ebe4d2,0,333,995,2400,995,2067
26a84f74585261dd17fb97bd9927a66c,9330f08b02db571dcfd55ddffeb66189,2075,0,2800,3518,725,3518
563643e06302bcd7216c2ca8de3157e5,b852a6dcb7570e50863daf1d299da1e4,0,359,1208,2859,1208,2500
035d8eb3c33b11cdebaf600e9666d351,895ccd287973c42fc0c5744e2559536c,0,0,1143,3518,1143,3518
f9114faeed1553afeb0c74072a1e2908,4dbaa0e8863f9c1a1eb289b665d6ecec,0,0,780,2538,780,2538
dfe5da621d5a62d81e5b8824a9f9fca0,229abcf00ab2a67b382a5d1b044cc777,0,0,972,3518,972,3518
d188958c13e1b3e4e141b5f0c3c92090,9c020cc7a2819b9f5402db3ff873b60c,0,671,740,2714,740,2043
27cb9b293d3802cf0d6260a606cca55a,548b5d18bdd4a62bcfb3a88fac5339c9,1861,390,2800,2295,939,1905
d188958c13e1b3e4e141b5f0c3c92090,f50d2356445aad628c8347f4eb55a51b,1888,0,2800,3518,912,3518
563643e06302bcd7216c2ca8de3157e5,9ebd169de1990f18295bd173e655e698,0,0,1223,3518,1223,3518
563643e06302bcd7216c2ca8de3157e5,fde50065b6d598d0bb62a08a0f0d97b7,892,0,2800,3006,1908,3006
ead36b6b6b6c2ecfdba190388ce6e058,c365c2022f9a124fd25370774812e541,1169,58,2012,2391,843,2333
ead36b6b6b6c2ecfdba190388ce6e058,5651a9bf76f112a26ed45419bc603b81,0,189,963,2527,963,2338
de8574a043baa7a912786b1cf1881f2a,b0b12ad5c516ec4aa592732239a9fe79,0,0,955,2946,955,2946
38cc668ce1f235ab2c3dd2408198cebf,ea67d8286449a4dc74498824505eb225,0,561,906,2811,906,2250
27cb9b293d3802cf0d6260a606cca55a,90f9498faff989003af8ea616c7520d6,0,0,1109,3007,1109,3007
de8574a043baa7a912786b1cf1881f2a,8e9edaa83dedc183b0d8009b1133425e,2027,587,2800,2652,773,2065
38cc668ce1f235ab2c3dd2408198cebf,dcc9be86f19de7a84eeb9b10682b4cb6,0,0,1050,2760,1050,2760
3d7a29f366f2cc2c0aec860490172e48,f76724caf360a41ba8030579efc8afd8,2045,592,2800,2827,755,2235
3d7a29f366f2cc2c0aec860490172e48,9e88d5b320156e5401d97d61ad2a8cf5,0,0,836,3010,836,3010
de8574a043baa7a912786b1cf1881f2a,cadae1ec9d20224f9c857262f05c5502,1886,0,2800,2896,914,2896
de8574a043baa7a912786b1cf1881f2a,d832c496619872b2e4cf6126c04d6d0f,0,1197,915,3255,915,2058
ead36b6b6b6c2ecfdba190388ce6e058,9fa6f0d317831e656e8a3baa41921ead,1049,0,2012,2812,963,2812
e1314fcdd554aa328145271d19db6929,eaaa97be35ad0c3aade194f5d21457b6,0,0,2012,2812,2012,2812
e1314fcdd554aa328145271d19db6929,c4b0a4d1c8412cae999e25fc2a2ea8fb,571,0,2012,2812,1441,2812
ead36b6b6b6c2ecfdba190388ce6e058,e36a2fd2cdfe9c279dca7fc41cbf8c1e,0,0,1111,2812,1111,2812
e1314fcdd554aa328145271d19db6929,86176a5feecb57e582b70cfb87699929,0,0,1229,2812,1229,2812
e1314fcdd554aa328145271d19db6929,426c29495642038d7340796542d932d1,0,0,2012,2812,2012,2812
3d7a29f366f2cc2c0aec860490172e48,3effb530de7ebeb8d91721baf64adf78,1925,0,2800,3372,875,3372
a5587f04bf009e5c56e2067e00175a18,6e992b22d2cad5a7569acd9064c6b57d,1649,692,2579,2755,930,2063
a5587f04bf009e5c56e2067e00175a18,104e253c845e5bbe0d2b39617f1164c4,0,0,904,3580,904,3580
0f4cc2aa135e6d787eb320e17871087d,f2dca4c3585ca606bde00b6b9ae457d2,0,288,1284,2518,1284,2230
a5587f04bf009e5c56e2067e00175a18,978bcf7df57e0930b1ce2b9932ab9af4,0,318,914,2451,914,2133
a5587f04bf009e5c56e2067e00175a18,c87fb4a88909e898133e8393b3b908fc,1491,0,2621,2953,1130,2953
0117683d9cb57d2c9f2ae5f9b3da9b7c,1828f2d143d33d51e2bd8300cb660ebb,2047,0,2800,2557,753,2557
0f4cc2aa135e6d787eb320e17871087d,d457b6e9ca97bfe10847540b7f7a763c,621,240,2012,2397,1391,2157
106048f442f331558734236118685907,5e03164c384d5c48fd8e2465b130f9a0,0,0,1080,2648,1080,2648
106048f442f331558734236118685907,bf6000417b943167df776700f5f84d3b,0,604,1150,2674,1150,2070
8fedd1b0b5716e290a432caf9520b9d8,a16c220089b4f02d0b7706b957715309,1800,0,2800,3006,1000,3006
0117683d9cb57d2c9f2ae5f9b3da9b7c,0aeaad2300198408620b240bfb60918f,0,392,871,2277,871,1885
8fedd1b0b5716e290a432caf9520b9d8,d7df2f48310d442d7be54199575787d6,0,0,962,2483,962,2483
8fedd1b0b5716e290a432caf9520b9d8,e3bb9f1f7dae2eb581680fe1025304c7,1967,475,2800,2421,833,1946
3d7a29f366f2cc2c0aec860490172e48,d226e9c76c75482ef38e3a7b4b575c69,0,587,698,2618,698,2031
106048f442f331558734236118685907,c322176ec94d4fe9b1abc489e4a80fd6,1771,0,2800,2624,1029,2624
5fcca213052838013b31289cb7ae7042,d0448505ffc00d8846d4539faca26ad4,1648,395,2800,2573,1152,2178
106048f442f331558734236118685907,13ea2c59ed904bde1da93f3160edb462,1772,797,2800,2864,1028,2067
5fcca213052838013b31289cb7ae7042,9444b0449f7269433b40279b8ae67468,1691,0,2800,3192,1109,3192
0f4cc2aa135e6d787eb320e17871087d,a481328aa596f46af3cf5040843c4250,0,0,1281,2330,1281,2330
0117683d9cb57d2c9f2ae5f9b3da9b7c,158f37e3648212a575cbad4cacd45eec,0,0,960,2469,960,2469
5fcca213052838013b31289cb7ae7042,1823fdc981c055c747d9c64de329f491,0,634,1098,2934,1098,2300
0f4cc2aa135e6d787eb320e17871087d,f41c48376d13aef6aac6dfc9027f90ba,682,0,2012,2300,1330,2300
0117683d9cb57d2c9f2ae5f9b3da9b7c,8a3966dac93a2caaf3e14256898b3da2,2002,583,2800,2324,798,1741
8fedd1b0b5716e290a432caf9520b9d8,ec0805140fda87580adc6d3309c1fd95,0,142,1071,2404,1071,2262
1a98481ba012cf5f7ce3317b9c9762e1,12628f85097d4cfe959d5467729663e4,0,495,698,3580,698,3085
1a98481ba012cf5f7ce3317b9c9762e1,9836a5fe9b58d5d9e1bc752aed090716,1935,359,2670,3580,735,3221
1a98481ba012cf5f7ce3317b9c9762e1,c99f37a6d94ee5467481d62d4658befd,0,0,1405,2716,1405,2716
5fcca213052838013b31289cb7ae7042,e54e3e02c1bf40264299ebc70b3ebe87,0,0,1118,2903,1118,2903
ed57df0b0549ec005fedec9dd9a23a99,1b44ec25f2859a76c7272b240e25e336,0,173,899,2502,899,2329
ed57df0b0549ec005fedec9dd9a23a99,2b7c87128f56b5f9d9a51aac8c8992bf,0,0,798,3518,798,3518
1a98481ba012cf5f7ce3317b9c9762e1,695b85102246fe190d51f0f3b8d0d1b9,1891,0,2670,2823,779,2823
60a3f4027058404bdc57f3e5d200efb5,f0de3f8fe8163b61ecf52895a9cb660b,0,0,952,2812,952,2812
85b5658a196fccd06e278153299d3559,72f973c48aab5e266ec8aca11b63993e,1839,500,2800,2827,961,2327
60a3f4027058404bdc57f3e5d200efb5,5e0000c4478c64b408bda28d87c0b58d,0,0,977,2812,977,2812
60a3f4027058404bdc57f3e5d200efb5,7f432d93327d0c6e0aaf7ce171ee6c55,1115,0,2012,2280,897,2280
85b5658a196fccd06e278153299d3559,64e4bec1391792b851ca5f98adb8300d,0,0,1090,3518,1090,3518
01e7fed16d2ea510bec1cad53e7069c0,892cd21977cb484e7bdd3460dd439732,0,612,726,2563,726,1951
ed57df0b0549ec005fedec9dd9a23a99,a78ee290e836f30af608cffaed097211,1956,0,2800,3518,844,3518
01e7fed16d2ea510bec1cad53e7069c0,c1bdf3c48b1425c04a0486c70c21c2e3,2126,46,2800,2152,674,2106
ed57df0b0549ec005fedec9dd9a23a99,bf49bb830161fdf44133c013723298ad,2003,285,2800,2507,797,2222
80f4259ff9b06b388fe379d1dfd4ebcf,52e1ad128b89e1fe16163f8dc33741a6,0,0,1085,3302,1085,3302
80f4259ff9b06b388fe379d1dfd4ebcf,06dbcd8f718b2edbfaa7daa5f69086e3,0,0,842,2611,842,2611
80f4259ff9b06b388fe379d1dfd4ebcf,a56cea12abb8b72472933f9a8e32ab4a,1916,508,2800,2716,884,2208
4b0dce5f7fd39f2999bc1bba7731b412,2001cff9e84157602648cf702dd6684a,1577,584,2800,2750,1223,2166
80f4259ff9b06b388fe379d1dfd4ebcf,978385833ecae85494c497a2bc3405cb,1759,0,2800,3518,1041,3518
60a3f4027058404bdc57f3e5d200efb5,d4331d86c6c3a20399e974a564c8ec0a,1021,0,2012,2812,991,2812
c712ee6f5883e10ac9191fc4d36f7fc8,0aa8f4eb06ed9ebfd6ca363b7b29ede8,0,0,1180,2637,1180,2637
01e7fed16d2ea510bec1cad53e7069c0,1ff01e9ba48df809fcf46ea7d92b0e6f,0,0,821,2993,821,2993
4b0dce5f7fd39f2999bc1bba7731b412,337cbd2b96abb85f31597ba5b4e11b62,0,394,1330,2688,1330,2294
4b0dce5f7fd39f2999bc1bba7731b412,cd745eb10feb213e6d641f8eac552f37,0,0,1335,2800,1335,2800
c712ee6f5883e10ac9191fc4d36f7fc8,27becac22317351631749618739a792a,0,0,1177,2614,1177,2614
85b5658a196fccd06e278153299d3559,dd0c40dfc28c639a206ada68b5732c29,0,335,1003,2829,1003,2494
c712ee6f5883e10ac9191fc4d36f7fc8,8963f7154444fb63ee14adf4a3e9e000,1611,0,2800,2871,1189,2871
4b0dce5f7fd39f2999bc1bba7731b412,400abe0361cbdd7981df847fe228df6c,1620,0,2800,2664,1180,2664
85b5658a196fccd06e278153299d3559,19912160e24b0d70fb2f85b192f1dac8,1806,0,2800,3518,994,3518
c712ee6f5883e10ac9191fc4d36f7fc8,dd6761ca83e423ceaf175b406f14e81b,1715,569,2800,2854,1085,2285
01e7fed16d2ea510bec1cad53e7069c0,70a90ea95c1d8281450230d4b38fd186,2043,0,2800,3518,757,3518
a4d42bf9c1134be1dc77999efe553c97,97bc5e0910de874eec16300587775067,1698,0,2800,2798,1102,2798
6bf27e67a2c06b1a9f2e4e27bb0fea57,4028843929e74e0c90a4ff479c35f92c,0,750,661,3518,661,2768
6bf27e67a2c06b1a9f2e4e27bb0fea57,096c59a2599386880eba306081a81efb,2089,233,2800,2484,711,2251
a4d42bf9c1134be1dc77999efe553c97,3cdef45e87af9ce95fed666fa8386c18,0,562,1027,3014,1027,2452
a4d42bf9c1134be1dc77999efe553c97,fb04090d40d2949cff34cd0e1726a3df,1774,242,2800,2707,1026,2465
c1328ae8d386f50f20398eab60144517,b9c186c90538c4e69a546509f17b6c0f,2019,0,2800,3355,781,3355
6bf27e67a2c06b1a9f2e4e27bb0fea57,2a3a293b1b2e1b69a22ff4121f793316,2002,0,2800,3518,798,3518
a4d42bf9c1134be1dc77999efe553c97,2c1a6a97af8a309d61a5ec562afa3393,0,0,1172,3518,1172,3518
6bf27e67a2c06b1a9f2e4e27bb0fea57,45dc33b2e010acccd21e852007188c68,0,0,792,3518,792,3518
c1328ae8d386f50f20398eab60144517,805ac4538a0ca3897476bb63a44569ed,0,1012,614,3015,614,2003
27606dcc0b712747b305abed3660867b,3a6b7cade748ea4548af474dd2647784,0,867,1026,2914,1026,2047
27606dcc0b712747b305abed3660867b,68d7998419ecb43c56ad22490758135b,1837,354,2800,2416,963,2062
c1328ae8d386f50f20398eab60144517,5984b47ab4b099692f6615d733ac4a0d,2218,441,2800,2671,582,2230
5dc66081cd880712e2f7a7da539dac4c,67f9d148203d1d3fe0c2bf262743709e,0,757,871,2802,871,2045
357d9f7f8a1b65bbb2e13d52ccfb6cd6,627af26717c682a07770173c71b4c17e,2003,428,2800,3460,797,3032
27606dcc0b712747b305abed3660867b,5871546c1e8d69498a7f7fca83e01683,0,0,1067,2734,1067,2734
357d9f7f8a1b65bbb2e13d52ccfb6cd6,4bd9dac6c6754764ace710f9b0e6136e,0,0,863,3322,863,3322
25f368a6ed1079e051c38c5476870c4f,92e60c4827f41a133354f1f94909d4de,0,311,968,2812,968,2501
c1328ae8d386f50f20398eab60144517,687a48aa044b9cb2d098642e058adeef,0,0,809,3518,809,3518
357d9f7f8a1b65bbb2e13d52ccfb6cd6,232d42e92fc9445b6e882d8391c3c782,2007,0,2800,3491,793,3491
5dc66081cd880712e2f7a7da539dac4c,9c2596a6c144160ae134cf54a73d55d1,1977,650,2800,2673,823,2023
25f368a6ed1079e051c38c5476870c4f,b55fce212a98d7c42913b2a4b533f02c,1093,125,2012,2289,919,2164
25f368a6ed1079e051c38c5476870c4f,74b5bcc683b771858ec1656638c52fb7,0,0,1044,2812,1044,2812
25f368a6ed1079e051c38c5476870c4f,1126e53d524b00be96f6f2d7fc883832,1023,0,2012,2760,989,2760
357d9f7f8a1b65bbb2e13d52ccfb6cd6,9a2d14fd1aa47ee5f20634ae0305ba24,0,521,755,2517,755,1996
5dc66081cd880712e2f7a7da539dac4c,298e49ea0fd89f69efeff5577e6a1bc6,1843,0,2800,3518,957,3518
5dc66081cd880712e2f7a7da539dac4c,c72e0372d727bcbc3a01e97150dc0f50,0,0,901,3188,901,3188
27606dcc0b712747b305abed3660867b,92e27067fe6e847a6e5e2c0bce8106b6,1707,0,2800,3034,1093,3034
46b2087bbbe034451826a46269bed8c3,3d6568e3755d6bdcaaadef1608c0bee8,1397,794,2012,2691,615,1897
46b2087bbbe034451826a46269bed8c3,82b4b69fdc73b74f0399e0c5137364d9,0,177,685,2011,685,1834
dd1959e485eccb3a17f29d7020fe3b23,94dedd4c73545f612bebe3a18ad1b896,1827,0,2800,3518,973,3518
dd1959e485eccb3a17f29d7020fe3b23,43e805d4bfac0ab0283dada014b51778,1899,345,2800,2623,901,2278
dd1959e485eccb3a17f29d7020fe3b23,be9ea7d3618e34844169f3ac879cdea7,0,505,832,2785,832,2280
5fdc26508f67fd7e2c64722f18b45761,e920985ccb0bdf491b42e6ca4ea824ba,1967,288,2800,2514,833,2226
dd1959e485eccb3a17f29d7020fe3b23,1b1463c42b11eb981faa5259f2c7b896,0,0,880,2749,880,2749
46b2087bbbe034451826a46269bed8c3,5dfb295ad7d9b4739db3c5128ee13473,1316,0,2012,2812,696,2812
46b2087bbbe034451826a46269bed8c3,89bc9c8f7e25eeb25d17c556dfb8bfb6,0,0,817,2812,817,2812
2c233a4e9babcd85e522cd471550ead6,975496926b212756eb4b6a77ba275056,0,0,862,3518,862,3518
56ae8801063fea94150e06ae49760648,fefd98ebbb5db6ccc82c1ba1bdd5c647,1196,279,2012,2266,816,1987
5fdc26508f67fd7e2c64722f18b45761,e96b8f9640bb3a5ef4053404d24a4ac6,1889,0,2800,3433,911,3433
2c233a4e9babcd85e522cd471550ead6,1b3026c0c6a57f75dd8c8d5ff55768b8,0,522,832,2704,832,2182
5fdc26508f67fd7e2c64722f18b45761,74f68a6f34438ec1274c5e2f1c64900d,0,0,953,3453,953,3453
56ae8801063fea94150e06ae49760648,367ca7e0c22e74a512aa8300070a7d29,0,389,934,2444,934,2055
1734a10c08f2565315493df00a2fd134,df4b1cfb384dab76abc34cc4db0f5b30,0,0,1089,2904,1089,2904
1734a10c08f2565315493df00a2fd134,ba37afce57e568f7590586e6c9c23528,1674,0,2800,3051,1126,3051
1734a10c08f2565315493df00a2fd134,396bea28fd4be11598bc53bf5f2b7460,0,0,1116,2732,1116,2732
5fdc26508f67fd7e2c64722f18b45761,907916e2712f022127c0ac702081584c,0,902,707,2856,707,1954
1734a10c08f2565315493df00a2fd134,e5d50287bca6e2869033605dcdc7a7ef,1672,185,2800,3134,1128,2949
495fa708061492e04c0deac8f899bef9,50481d49696e434f280b30ce89389a27,2046,757,2800,2410,754,1653
495fa708061492e04c0deac8f899bef9,128a553a0c5354b60b0e9f822a3c8cc9,0,550,743,2170,743,1620
2c233a4e9babcd85e522cd471550ead6,492d904465648fdfc2f48d7f2474f4d8,1967,336,2800,2477,833,2141
56ae8801063fea94150e06ae49760648,1716dc6a18ca209df19719aa75c8cf77,0,0,1002,2812,1002,2812
2c233a4e9babcd85e522cd471550ead6,4bd96607b39fb5651e1997447787f28e,1872,0,2800,3518,928,3518
d26c4163b06fc8c31fd516c6eeb369fb,06102e0179193e674267eb89a0361f3c,0,0,825,3518,825,3518
d26c4163b06fc8c31fd516c6eeb369fb,b94ac0e1369ed42b37cd4f817e3fabb3,0,369,874,2401,874,2032
d26c4163b06fc8c31fd516c6eeb369fb,9de03af677026f92c1efafc75a267702,1859,443,2800,2501,941,2058
d26c4163b06fc8c31fd516c6eeb369fb,21219ce1ae2606f0623aec168d57fe15,1851,0,2800,3518,949,3518
56ae8801063fea94150e06ae49760648,53f6dd98dd5d8140f28adba28fa7330e,1003,0,2012,2812,1009,2812
495fa708061492e04c0deac8f899bef9,a373595ed92932938f673af15260489d,0,0,775,2226,775,2226
495fa708061492e04c0deac8f899bef9,6ece71f8d8c0ceaba0b690a797e0ec0f,1981,0,2800,2616,819,2616
c6214ffe378eaa4e4920b8170b1ad5fd,c1fb56777635631de1ef319352773667,1807,0,2800,3518,993,3518
c6214ffe378eaa4e4920b8170b1ad5fd,a972493ed7a19cb4d137e925c170146b,0,195,970,2687,970,2492
c6214ffe378eaa4e4920b8170b1ad5fd,cf435f1e4aff47015a1744f4d138f7a7,1885,603,2800,2815,915,2212
53acbeb38c4fc2b306ceab3c4cef056e,0819693a4a4600efe087472f45c6e891,0,321,866,2683,866,2362
99e880e8d860ed86d42caa8728582335,f68382cbdd182ba6e0fc3864d3e0e155,0,0,961,2689,961,2689
53acbeb38c4fc2b306ceab3c4cef056e,99887adf56ebdb522e6277f64788ebea,0,0,1011,3322,1011,3322
99e880e8d860ed86d42caa8728582335,1dfc7b08356eb6265b16a51a1ea208b1,1836,0,2800,2701,964,2701
53acbeb38c4fc2b306ceab3c4cef056e,41f0acaec1c76d2d9f32745904c41065,1934,44,2800,2460,866,2416
99e880e8d860ed86d42caa8728582335,d16e0674bc7cf9332590075d9aa2553a,1748,301,2800,2656,1052,2355
c6214ffe378eaa4e4920b8170b1ad5fd,a9c6173d6b58acf4c422bee93b336251,0,0,1011,3518,1011,3518
8a86597519af4def1a2a3ca631f24334,a41e2b162f3c80a2c4938c6d55447b24,1999,544,2800,2640,801,2096
53acbeb38c4fc2b306ceab3c4cef056e,3bb75bc313219cf985d9f83956d40a09,1755,0,2800,3518,1045,3518
8a86597519af4def1a2a3ca631f24334,bcbb96b81cc877fce61aad86755a9ffa,0,530,753,2512,753,1982
8f4cbcda4233497b56034740b8991c72,ad4bf4ff1b052dc8edda20bd0ac847f3,1772,0,2800,2603,1028,2603
8a86597519af4def1a2a3ca631f24334,ef86f28fd1159c2f0c9563478b714c03,0,0,838,2797,838,2797
fda9ea98f65af22d698f4c0110d46e10,d04f5ac060144eeb87c40966f5270d1d,0,0,1219,3141,1219,3141
8f4cbcda4233497b56034740b8991c72,0eb25a8490db623d3069393f50686ce9,0,0,1112,2618,1112,2618
08ed8aa45238cb39cd8b5f177225b7f6,e6dd908097a3c03440f8e4915fe17aab,2057,0,2800,2497,743,2497
fda9ea98f65af22d698f4c0110d46e10,7baefc6e4c8484be7c59633f6806a33e,0,449,1192,2796,1192,2347
8a86597519af4def1a2a3ca631f24334,611dc4ed4d5064d44117d9b492918cad,1884,0,2800,2906,916,2906
08ed8aa45238cb39cd8b5f177225b7f6,2f7fa16e55546fbee27eb028cb148753,2093,873,2800,2627,707,1754
fda9ea98f65af22d698f4c0110d46e10,17c9d5489c19c75ed3cb4032ba49afb7,1755,0,2800,2516,1045,2516
8f4cbcda4233497b56034740b8991c72,994bcb6822dbe07d2aabcd29011c0412,1786,150,2800,2501,1014,2351
08ed8aa45238cb39cd8b5f177225b7f6,a27937a232c49b913dccf46fd810b7bf,0,708,687,2641,687,1933
99e880e8d860ed86d42caa8728582335,914efd6408f5f3f7cb95f54d424eddd7,0,294,876,2651,876,2357
08ed8aa45238cb39cd8b5f177225b7f6,3c5b8c9aa17dd132db42747ad3d4f10e,0,0,730,2395,730,2395
ba511cacc4e89ced55cca6caea1ab382,7e65db48f928f7f1fe571002dfd0ae2f,2015,0,2800,2503,785,2503
ba511cacc4e89ced55cca6caea1ab382,e3a7fe52bbe0fdfd76bd42de5943b7d4,0,568,660,2508,660,1940
fda9ea98f65af22d698f4c0110d46e10,b9f3c7402b190c39344e31c20797851c,1648,0,2800,2400,1152,2400
0ac29682bb8b0559c6790074305f6dba,98f91d20fe270938e4513ba0815c6c3d,1833,146,2800,2686,967,2540
bb632224481c7c036355bdb844ef7893,ca2cdd41d38fdec173d77d26f2d75558,0,527,1055,3518,1055,2991
0ac29682bb8b0559c6790074305f6dba,b2da45cdf058af9c0f75815368b0f011,0,417,993,2707,993,2290
0ac29682bb8b0559c6790074305f6dba,c2fe0a01adc938f962a6b209d7c37fee,0,0,1037,3357,1037,3357
8f4cbcda4233497b56034740b8991c72,1c50417ad7ea24438488d149a8b711b7,0,341,1043,2598,1043,2257
ba511cacc4e89ced55cca6caea1ab382,b6c514ab965a0b2aa198b8dd3f3bc5de,0,0,859,2655,859,2655
bb632224481c7c036355bdb844ef7893,3a8291374f5d6ee53877839b98df976f,0,0,1137,3518,1137,3518
ba511cacc4e89ced55cca6caea1ab382,724429d4fa7547b89374b5ca176402dc,2065,484,2800,2440,735,1956
bb632224481c7c036355bdb844ef7893,a661a80ac7c09f8e559629d6999811d7,1610,567,2800,3518,1190,2951
0ac29682bb8b0559c6790074305f6dba,dcbc8aa883016cdb99e7376636973273,1720,0,2800,3508,1080,3508
968c39241e539c20fe1d161526f3e609,d41840d382b1e7f3eac07ff2601f4c28,1517,0,2800,2776,1283,2776
c56cc50b66e5dec5669109775a6e86b1,b006f3d0f9d31b9f5b2bff0590bc9329,0,166,767,2812,767,2646
968c39241e539c20fe1d161526f3e609,4c254880e85aa1e4593409385ec2058a,1664,355,2800,3518,1136,3163
968c39241e539c20fe1d161526f3e609,a741403e36a0d24a3cbac0f1b08e19a3,0,414,1160,2895,1160,2481
968c39241e539c20fe1d161526f3e609,2150afa627d56eaebe0b0f773a58d974,0,0,1284,3518,1284,3518
e66dc90a4abb987eb3209614297e395d,70e1286c184b921377e91d1dd48724bf,0,800,1004,2929,1004,2129
c56cc50b66e5dec5669109775a6e86b1,d3f1b162889c528a780b454fc359ec38,1145,281,2012,2542,867,2261
e66dc90a4abb987eb3209614297e395d,15de2fd7289d8371a8273f87a8393568,1774,675,2800,2783,1026,2108
c56cc50b66e5dec5669109775a6e86b1,ab5b92a01558dd3ca215a8a0c58ec8a5,0,0,919,2626,919,2626
ab95b2a361784b3cd9b148991d090638,4f5af181844cb24d668d27a43eeeb5d7,0,0,948,2446,948,2446
ab95b2a361784b3cd9b148991d090638,db60a425ca377e676c154e300589cc46,0,465,991,3267,991,2802
ab95b2a361784b3cd9b148991d090638,c6a4594584ce98eca628758ad046f624,1814,358,2800,2438,986,2080
096a2fdd9747d6805427f95e63a09174,f130d1238b40e5d76e6946480ed80902,0,464,993,2614,993,2150
ab95b2a361784b3cd9b148991d090638,ffd4d83b58889b9c8136b087c5f3af11,1753,0,2800,3322,1047,3322
bd28f694aae729af57d551851ee3d807,93b1551de4e7dd51e0088524fd5a0f85,0,850,738,2985,738,2135
096a2fdd9747d6805427f95e63a09174,d7ff23a7d17598c6a676a2de22862aae,0,0,1009,2629,1009,2629
e66dc90a4abb987eb3209614297e395d,d9a40467af6c649351914bd8c6fe71c4,1745,0,2800,3518,1055,3518
bb632224481c7c036355bdb844ef7893,5773f15516d1b61ec8cbc4e852f0066b,1628,0,2800,3518,1172,3518
096a2fdd9747d6805427f95e63a09174,d573bf2083abf30bd22564601502700b,1725,344,2800,3518,1075,3174
3a4f17cf44a3e7a5e8c936d2c2b8da03,e9b68aad05868e7046a27eafe4c8fc0a,1764,137,2800,3518,1036,3381
e66dc90a4abb987eb3209614297e395d,748684edc3600ca55767ac243eb8c2ab,0,0,1704,3516,1704,3516
bd28f694aae729af57d551851ee3d807,ffdbc2a8d4305fa66fefad30989b1a62,2130,308,2800,2438,670,2130
3a4f17cf44a3e7a5e8c936d2c2b8da03,9b5d9307ecba9c30708e53788ea2b713,0,588,934,3518,934,2930
7ce8bcd7af37dda66103b5b7ba6762e3,6f64dd26c289706202e66203b7a102af,0,598,966,3518,966,2920
cc0bf892e939adc22840129bb347a888,84a343990a937ec4b7ee88a763cc3db0,0,85,960,2812,960,2727
cc0bf892e939adc22840129bb347a888,2909fbb2ac908ab0360c7a25fb4d95d8,928,0,2012,2812,1084,2812
7ce8bcd7af37dda66103b5b7ba6762e3,5bb5a78cb3139913fc4c1930b15ea7b6,0,0,1044,3518,1044,3518
cc0bf892e939adc22840129bb347a888,4711880ebde26206bbfae66d44df2287,1042,209,2012,2326,970,2117
7ce8bcd7af37dda66103b5b7ba6762e3,351541717fb2f9ed8e1920f0f46f25bd,1790,0,2800,3397,1010,3397
bd28f694aae729af57d551851ee3d807,b5f37c33876741ea725844bd65edf104,2013,0,2800,3518,787,3518
3a4f17cf44a3e7a5e8c936d2c2b8da03,98d5ed0a9d910f932194989fff176be7,1950,0,2800,2680,850,2680
be71c76b045b201f163694b7814a5c99,37ef06c72b48deb345a4595fb5a83f1d,2131,256,2800,3005,669,2749
be71c76b045b201f163694b7814a5c99,c27c48155cbdf1566649accef129300f,0,0,765,2604,765,2604
096a2fdd9747d6805427f95e63a09174,5f28cc666f1f02765ed25c945c421fd6,1752,0,2800,2602,1048,2602
7ce8bcd7af37dda66103b5b7ba6762e3,5936e960436a0b1f3531740f530c87c9,1869,454,2800,2686,931,2232
3a4f17cf44a3e7a5e8c936d2c2b8da03,f091f42dbbcb99e0b0dedc3d1b6defb2,0,0,927,2653,927,2653
cc0bf892e939adc22840129bb347a888,aa776bdfef482fcf9db1624cd982b5b2,0,0,1085,2812,1085,2812
be71c76b045b201f163694b7814a5c99,638ec2b7a2ea048b7cd7b56a24d2aa2a,0,841,687,3518,687,2677
61cfc0731b9056a19338b6aa88ec99be,cefc118a3e2fd94337aca8d4f2b624b4,1763,700,2800,2770,1037,2070
61cfc0731b9056a19338b6aa88ec99be,50a560fc0aa484afb4c5f6ab90e275a8,0,0,944,3518,944,3518
be71c76b045b201f163694b7814a5c99,df7c8c3fdf9e3f8edb42a00f7bc71912,1986,0,2800,2986,814,2986
d42d709cc6bf5e36c8dfdffaebcfbc0e,8481f79e8ed4e8d160a771da9f11f559,0,666,1316,2935,1316,2269
d42d709cc6bf5e36c8dfdffaebcfbc0e,642d1630a00c2a5ba64a0d8cf424bd96,0,0,1289,3518,1289,3518
61cfc0731b9056a19338b6aa88ec99be,1f16809167676397028df82a517f1668,1789,0,2800,3518,1011,3518
61cfc0731b9056a19338b6aa88ec99be,93327fb412c8401874425d23f67a42ba,0,557,894,2632,894,2075
d42d709cc6bf5e36c8dfdffaebcfbc0e,e456bd3fd72f015a3cf40dd6e9d86e55,1534,285,2800,2562,1266,2277
b86a59c0c8abcbc7ab7a13c39d6d44ad,cf56eb3274dc0fa994db563ce3aa05ae,1930,517,2800,3518,870,3001
d42d709cc6bf5e36c8dfdffaebcfbc0e,6197f99e24428909d4ef739a8e919894,1585,0,2800,2714,1215,2714
b86a59c0c8abcbc7ab7a13c39d6d44ad,0bb8bbf9e8677d282bf2961ec844a8af,0,423,1002,2682,1002,2259
c56cc50b66e5dec5669109775a6e86b1,95405f1ac89650c8a35720fcb380799b,1071,0,2012,2520,941,2520
bd28f694aae729af57d551851ee3d807,4dd5ff3aa989ec165b3212cc95b2a914,0,0,828,3518,828,3518
87a055fd5cfae2c0cc5cff37e13e2a28,d1454d5d978bfb5b89e6cc3d02b057fa,1787,512,2800,2822,1013,2310
87a055fd5cfae2c0cc5cff37e13e2a28,7b41dd9ffa18e754acd7742f0a2fa0b0,1897,0,2800,2906,903,2906
87a055fd5cfae2c0cc5cff37e13e2a28,1c034a04146af612062cda01f5d35274,0,0,1063,2903,1063,2903
87a055fd5cfae2c0cc5cff37e13e2a28,603c0604e1c3e43dc7f221bc55652569,0,110,1066,2494,1066,2384
38ce81d841536b87b1f2e2e4b2819fac,e24fb0a2d3fa0e72be83dd4c4323f28c,0,472,961,2734,961,2262
38ce81d841536b87b1f2e2e4b2819fac,891d674f58141372778a54eff8ba4d2d,1628,0,2800,3518,1172,3518
46562f18c353f3e29949f23404199ed4,331dd32ce33232e417119809f0a188a4,0,28,1122,2417,1122,2389
bf9189f436ca68142d4f1e2bd29fc9ba,9f746ad0a1ef36275168360cecc090a2,2013,980,2800,2752,787,1772
46562f18c353f3e29949f23404199ed4,a7d6038b8b078c125efb641d7e1e4ba1,971,0,2012,2812,1041,2812
bf9189f436ca68142d4f1e2bd29fc9ba,2136240dfd9906fe816165c87289ed61,0,955,728,3244,728,2289
46562f18c353f3e29949f23404199ed4,7076af6cbcd3b0501c99bcd8f5bb9106,0,0,1132,2812,1132,2812
bf9189f436ca68142d4f1e2bd29fc9ba,ce80697c2c176e24f54340f926b0b2da,2046,0,2800,2419,754,2419
38ce81d841536b87b1f2e2e4b2819fac,ee1458dca74fedb4214f02dfd193f7e9,1798,658,2800,2983,1002,2325
38ce81d841536b87b1f2e2e4b2819fac,fb6ee3f26282aa8742e5e9ca178859dc,0,0,1050,2756,1050,2756
46562f18c353f3e29949f23404199ed4,98905ad2de4a20e08b33db83b0184003,946,0,2012,2812,1066,2812
3c06837f1d6dcdb4cdc464f937dd154f,43683ddea10bbce200cf20f45479b89c,1624,284,2800,2665,1176,2381
3c06837f1d6dcdb4cdc464f937dd154f,e47bec0c8f9ca0bbc7fe0bfeb1dd3b31,0,346,1147,2450,1147,2104
3c06837f1d6dcdb4cdc464f937dd154f,3056da45236d0a51a3da72a10740549f,0,0,1129,2838,1129,2838
bf9189f436ca68142d4f1e2bd29fc9ba,38e5cb618b792c8b2277ec22623bae71,0,0,743,2097,743,2097
099b5675cd67818fa74f97a1cdda48ef,70776ea74f61cc1378dbf0c01d003f07,732,0,2012,2812,1280,2812
099b5675cd67818fa74f97a1cdda48ef,568a57c69f1d9848c04ff9f74ece8c83,696,41,2012,2521,1316,2480
3c06837f1d6dcdb4cdc464f937dd154f,8faa094081d2054d91e442c3c77d9643,1653,0,2800,2764,1147,2764
099b5675cd67818fa74f97a1cdda48ef,ad4e2fce1f4e87b0208c23c09a3d8445,0,0,1463,2812,1463,2812
3ef66f15c5bcaa942da41ee32a169292,7b83b8fa1de6bcd17f6b72448ccf8eec,0,540,890,2525,890,1985
90c30881b514166f60a54b53edf9e66f,0d42ad02096fc6dc5d741371660f2768,1629,755,2800,2597,1171,1842
3ef66f15c5bcaa942da41ee32a169292,09583f0b988a2663d51f97fca5c3e2f1,2071,0,2800,2336,729,2336
90c30881b514166f60a54b53edf9e66f,f6be76f193749df89253ea396fe75639,0,0,1013,3518,1013,3518
f3104d72d3dd0d247d0e1b7650c1c534,fd724c5f5537f15f2b4e9e63e683bfff,1181,88,2012,2265,831,2177
3ef66f15c5bcaa942da41ee32a169292,38a6dffc8652586a7d8e1890660dfb15,0,0,798,2489,798,2489
f3104d72d3dd0d247d0e1b7650c1c534,44769320e330024d494a393528ebb900,0,112,783,2164,783,2052
099b5675cd67818fa74f97a1cdda48ef,9a9ea04eabc1898e1c2ccf6a4b320109,0,177,1320,2459,1320,2282
90c30881b514166f60a54b53edf9e66f,d8f15cfa975c8b8b1a2cd3bdee45dca6,1663,0,2800,3518,1137,3518
b86a59c0c8abcbc7ab7a13c39d6d44ad,4f0f80643890ff6a8051026f90a63dfa,0,0,858,2677,858,2677
b86a59c0c8abcbc7ab7a13c39d6d44ad,6cf3376b01b1e134a88dd3bf81e61050,1948,0,2800,2674,852,2674
90c30881b514166f60a54b53edf9e66f,defcf0a67cfefe779d25362d9afbb959,0,621,1129,2463,1129,1842
3ef66f15c5bcaa942da41ee32a169292,c8b3aaaa262c328a14e6aecf2950318b,2084,409,2800,2166,716,1757
ff69fe368548fa21738bc1bf7fbe5860,d5a365f2520455efec1f0ac9f636340b,1874,275,2800,2819,926,2544
f3104d72d3dd0d247d0e1b7650c1c534,95aeabe5c6ceaefad6292d8b879b6314,1317,0,2012,2621,695,2621
f3104d72d3dd0d247d0e1b7650c1c534,630bf760cdeb78f40381e89663cd0664,0,0,776,2649,776,2649
ff69fe368548fa21738bc1bf7fbe5860,49670ee9507305c5f73f5fe897d9598e,0,0,981,3518,981,3518
53190280d30e3cf56029dbd9742c95ba,f7fa311d7ea3c080585efc4f9223e885,0,0,878,2390,878,2390
a6ee2bd18bede5922677c51d51bd0f59,1dad5258b3244b207093bff24686ea5f,1659,332,2800,2706,1141,2374
53190280d30e3cf56029dbd9742c95ba,476bccd0c6f0e299be52f7e30ec54243,1913,381,2800,2337,887,1956
a6ee2bd18bede5922677c51d51bd0f59,4be3ab4acd41f8ca5bc07312f0fb3fef,1542,0,2800,3518,1258,3518
53190280d30e3cf56029dbd9742c95ba,49f4fc72dba33c1eb34a6f628909df74,0,764,913,2681,913,1917
8c0c3e588d854362b8025a7ce36580b6,eebc1ac8b8209ab689381188c5bfb4d2,2023,549,2800,2684,777,2135
8c0c3e588d854362b8025a7ce36580b6,f3162c36df10203a3163cbffa2c1b7e3,0,444,832,2636,832,2192
53190280d30e3cf56029dbd9742c95ba,0890fbee146a44a2864bb52735f107e4,1964,0,2800,2396,836,2396
8c0c3e588d854362b8025a7ce36580b6,da3e9feae8a4f10dc1883d16255f0f09,0,0,981,3518,981,3518
8c0c3e588d854362b8025a7ce36580b6,45642275718f71e6f8d7ec65d4dd9364,1804,0,2800,3096,996,3096
7e0ebd71e74c925d5d0be97a76176366,a4641ea9441666b747c993ad6d1ea1c7,1595,0,2800,2987,1205,2987
7e0ebd71e74c925d5d0be97a76176366,8591a71931f901124e92f958f0a659e8,0,0,1216,2847,1216,2847
7e0ebd71e74c925d5d0be97a76176366,6497ec2ae2b9a79440bebda8bd259a67,0,692,1273,2962,1273,2270
7e0ebd71e74c925d5d0be97a76176366,a0c93d324e3ca36db64526979286ca3b,1649,487,2800,3518,1151,3031
3aff91d11777a84d92d7672d65c6531a,2d038dd1ca8ccdaf737d3f129a14488a,0,527,926,2630,926,2103
3aff91d11777a84d92d7672d65c6531a,2e188d80e52980bf7e1ebcdf3bd822c2,2012,693,2800,3518,788,2825
4d100012e6e8bd1ce4ecee057eb5c118,76d80722e6c6bb330f4cb518e9900b36,0,0,691,2491,691,2491
ff69fe368548fa21738bc1bf7fbe5860,c5ebfa91cebd398fcacfa5a4a612b81b,1810,0,2800,3518,990,3518
94101cd2d9f5ae3f3344517994fe894c,a59b4517bc028c3470ca39267dcbe06e,0,562,868,2623,868,2061
a6ee2bd18bede5922677c51d51bd0f59,641a87be1098ae149e769f51d1e5569a,0,0,1187,2740,1187,2740
3aff91d11777a84d92d7672d65c6531a,c3acd031e6e594ae516ff55b9ad10780,1930,0,2800,3518,870,3518
a6ee2bd18bede5922677c51d51bd0f59,05dcd1c9acac34735d18ac328448a0c8,0,0,1113,3518,1113,3518
3aff91d11777a84d92d7672d65c6531a,afdf70a2ec15ba369dac46fcc531df95,0,0,995,3518,995,3518
ff69fe368548fa21738bc1bf7fbe5860,d37fc02039184d9e04d3d3e55c978964,0,503,935,3191,935,2688
4d100012e6e8bd1ce4ecee057eb5c118,cc2314637599e914bb6ddf7525e75012,2094,0,2800,2657,706,2657
94101cd2d9f5ae3f3344517994fe894c,402db91eb765a6690bceef462eef2150,1834,0,2800,3518,966,3518
a4e90efc3a2dc8260b51e7f0121ccde3,f1301e728ee3553f3a701c15e64ea041,1680,331,2800,2527,1120,2196
a4e90efc3a2dc8260b51e7f0121ccde3,fc12243fb2a8e575096f837dbdc320d9,0,0,1100,2888,1100,2888
a4e90efc3a2dc8260b51e7f0121ccde3,4b098ef5042cd013679774a3b29870be,0,364,1157,2606,1157,2242
a4e90efc3a2dc8260b51e7f0121ccde3,86048af83b217cbc59cfa9d51af09696,1728,0,2800,2469,1072,2469
68490b2b8108f5bdb7803f3beb347667,d4e953d257d75e48bf02a7c4a059942b,1565,41,2800,2771,1235,2730
94101cd2d9f5ae3f3344517994fe894c,e12452ddd1880e161cc132f3c0d0c656,0,0,961,3518,961,3518
4d100012e6e8bd1ce4ecee057eb5c118,dd65f3a938b26a398b7da90e16610c4c,0,578,540,2444,540,1866
94101cd2d9f5ae3f3344517994fe894c,042cd6b20dbe0cc2d1969abf12847622,1926,612,2800,2632,874,2020
68490b2b8108f5bdb7803f3beb347667,6cc27d31fb507c6a469b61e4cb9f152c,0,326,1195,2957,1195,2631
fe27a54197c07ab341a5bad52eb3819b,90e4286931388508b1cb16464ad9ef89,0,545,956,3518,956,2973
68490b2b8108f5bdb7803f3beb347667,fb6ec74d281ac951b59b068b312f2144,0,0,1136,2821,1136,2821
68490b2b8108f5bdb7803f3beb347667,0e94143b3f03c4d1cfe9a3914e621447,1542,0,2800,3004,1258,3004
9c23fc89fc8059081d39e4ebdc54e93c,406c13d7d65e65ce769c97798eb0343d,0,554,894,2812,894,2258
9c23fc89fc8059081d39e4ebdc54e93c,a5b953656f300ab2164c2a9f383f6651,1338,0,2012,2170,674,2170
2978f52acd7c520aa410a2e4d56fbb65,227aa6e3fff8114fd1943cca5fa06327,0,0,1321,3518,1321,3518
0ef7d720f4fc3fa80e7dc7808dd2bd99,054cea8996f6a13e684a59bf46c0471c,0,774,776,3081,776,2307
9c23fc89fc8059081d39e4ebdc54e93c,fb9d9303134209ab396d885e7078bd6e,1249,0,2012,2812,763,2812
9c23fc89fc8059081d39e4ebdc54e93c,0c554357b304b48c46c46811e1425cb5,0,0,717,2646,717,2646
2978f52acd7c520aa410a2e4d56fbb65,3565431f6f6df8d89ba2cfaa97296f24,1475,0,2800,3518,1325,3518
0ef7d720f4fc3fa80e7dc7808dd2bd99,ee32c596c3cdc37158031820613ddfe1,1937,0,2800,2697,863,2697
2978f52acd7c520aa410a2e4d56fbb65,b2405dfae1762ce5934b4045f7cd062e,1529,214,2800,3518,1271,3304
2978f52acd7c520aa410a2e4d56fbb65,1a5a66606bd17572182ed3ca0f8f640d,0,471,1374,3518,1374,3047
aea32345e881e91c6d6b3dab44b55d2c,a9ed183d8584cae8fda16687a2e14913,1151,245,2012,2189,861,1944
aea32345e881e91c6d6b3dab44b55d2c,a061559eb0d1f96bf1eb30f9160192c8,1138,0,2012,2812,874,2812
4d100012e6e8bd1ce4ecee057eb5c118,3f77e9cba72320b98baccffdd180a62c,2231,542,2800,2562,569,2020
a4f8660f27b9e082943f821d8dcc0a0c,aa38847453b3727cd42d38af6691074a,0,353,1449,2907,1449,2554
fe27a54197c07ab341a5bad52eb3819b,dc92fc8eb2fcdd2759d555b5212b994d,0,0,894,2682,894,2682
a4f8660f27b9e082943f821d8dcc0a0c,018876216af810510feec9495e16d63d,1311,0,2800,2439,1489,2439
0ef7d720f4fc3fa80e7dc7808dd2bd99,374e55b7dc58526a980a2e5a2ce2a5bf,0,0,929,3518,929,3518
aea32345e881e91c6d6b3dab44b55d2c,0f78fb0d136b708b59e6a62b8327754b,0,0,842,2745,842,2745
a4f8660f27b9e082943f821d8dcc0a0c,103d629b76669db4beac5808da8dac6f,0,0,1432,2679,1432,2679
d988555191775fef4d65c563e53bb977,da2132aadc9f347bdf34ec2c2072bc39,1819,478,2800,2523,981,2045
aea32345e881e91c6d6b3dab44b55d2c,f1199f80954f260ac4679cf176dd90c3,0,184,867,2375,867,2191
0ef7d720f4fc3fa80e7dc7808dd2bd99,0d441131dac871f6bbc600a12d908b2e,1872,0,2800,3517,928,3517
d988555191775fef4d65c563e53bb977,869c08c72bc7ca86ec54e2637a4b7f6e,0,443,1099,2624,1099,2181
d988555191775fef4d65c563e53bb977,3d845577ce38f94ee9ad173e07e219f0,0,0,1229,2437,1229,2437
7283372db64e1444fb696ec35494a84e,3f55114713bcfc0d11851137820d54aa,2044,295,2800,2599,756,2304
7283372db64e1444fb696ec35494a84e,4c9f36116b35424f16ef6d0699f5cd88,1925,0,2800,3518,875,3518
7283372db64e1444fb696ec35494a84e,622611c854f4cfc550c3076a0158a7a3,0,0,844,2853,844,2853
323704613a692c82b7a046679ad010a2,fb0c077e23650f8695be511a7e7ea6df,1353,152,2012,1969,659,1817
323704613a692c82b7a046679ad010a2,939b6cb208b8689b756ceb5ac571036a,0,0,640,2297,640,2297
7283372db64e1444fb696ec35494a84e,4246c87a876e41b0daaa90f4166624b8,0,546,772,2699,772,2153
a4f8660f27b9e082943f821d8dcc0a0c,fc70cac7837fe09282ef4a2093e91a93,1220,0,2800,2646,1580,2646
fed4f7cc83b74a9cd70fcd4f2081c4b4,d63d8437f83d2800d970bd055036dc07,0,540,642,2439,642,1899
323704613a692c82b7a046679ad010a2,830715d64229d1e71ac4cd19b6524541,0,0,695,2584,695,2584
d988555191775fef4d65c563e53bb977,8a0dcb9f71ea22c72ddbc9dc764a593a,1765,0,2800,2413,1035,2413
fe27a54197c07ab341a5bad52eb3819b,eca04924aad9a9b95ecfd35b302d1a01,1921,0,2800,3518,879,3518
fe27a54197c07ab341a5bad52eb3819b,26d87bdac15a6810eca49af47f83f913,1977,634,2800,3518,823,2884
fed4f7cc83b74a9cd70fcd4f2081c4b4,c72751e402cee3bb67b39c8761081eb4,0,0,761,3251,761,3251
fed4f7cc83b74a9cd70fcd4f2081c4b4,fb83af32e70d25550dc52f98556891ab,2014,0,2800,2346,786,2346
fed4f7cc83b74a9cd70fcd4f2081c4b4,6e445c0155bd531565aef4c912e337be,2107,465,2800,2471,693,2006
323704613a692c82b7a046679ad010a2,f083e03136295569f980e6925ebab133,1187,0,2012,2328,825,2328
9c0e1575f15b9ba9016c713b269bd52c,788dd6a120a9ddd9199b8410eca041f8,0,928,497,2632,497,1704
b4ed83d02fa675475155a5551f92fd1f,d12617fc7bdc0bf6f8044e6f406f019b,0,598,961,2712,961,2114
988ab25980bffad7226b0a8d62a7f499,f2a755158e2f2f4af7d1f8b6257893f5,0,127,1384,2750,1384,2623
faa1dab21ec454959fef3931d884c914,5c209a8ea5ceb61ee2c985713c271a20,1894,564,2800,2616,906,2052
b4ed83d02fa675475155a5551f92fd1f,645750c02921da235324e6b32b8d9eaf,1828,558,2766,2725,938,2167
b4ed83d02fa675475155a5551f92fd1f,97e90b4336c0cd53630a131837c03f1c,1700,0,2702,2941,1002,2941
988ab25980bffad7226b0a8d62a7f499,7c24e6e417f2b9c328f02cf2d96e6684,1458,6,2800,2664,1342,2658
9c0e1575f15b9ba9016c713b269bd52c,49dc2e5d9796c8065834eb848345d860,2178,610,2800,2464,622,1854
faa1dab21ec454959fef3931d884c914,f556e9305727ba67aef2ebd5ef37c743,1877,0,2800,3518,923,3518
89524e5f372d9aff8ed43b4ef29c1435,5a94dd668eaa9865b907450c37db6ecc,1850,574,2800,3518,950,2944
89524e5f372d9aff8ed43b4ef29c1435,2bbe58aab434b2a6af7e873ca9adc56d,1856,0,2800,2355,944,2355
988ab25980bffad7226b0a8d62a7f499,55e159d8b57f2634f44bd43fd430ff69,1397,0,2800,3224,1403,3224
89524e5f372d9aff8ed43b4ef29c1435,a0758094a98da8c6a8c8e5ea5b97865e,0,434,1135,2565,1135,2131
faa1dab21ec454959fef3931d884c914,92f17020d0c81bb0ea35f211d4d2f295,0,630,943,2798,943,2168
9c0e1575f15b9ba9016c713b269bd52c,5b257b695fa8623580e58e8fa9bc4699,2063,0,2800,2752,737,2752
9c0e1575f15b9ba9016c713b269bd52c,1dd17ad7fdf0992afc3c21973105494c,0,0,698,3270,698,3270
988ab25980bffad7226b0a8d62a7f499,ae75f02b14b5582997856eacaf8aa995,0,0,1464,3518,1464,3518
faa1dab21ec454959fef3931d884c914,4b055bc5392e9b4797dac292a751e4ef,0,0,963,2941,963,2941
28739b6df2b69a6e9e3ed49355da0198,892b57c3d937b8d6614cc18d9ed6e87b,2050,310,2800,2432,750,2122
8ab7de48e57f081ed946987fe11a0439,93f953c56cd5e68943da429d798d5bce,1736,316,2800,2461,1064,2145
28739b6df2b69a6e9e3ed49355da0198,dc192933a2a589e0da7cfa9441869236,0,0,1042,2706,1042,2706
28739b6df2b69a6e9e3ed49355da0198,f77146a25a0ac495ecb155354a6e1b8e,0,349,753,2536,753,2187
8ab7de48e57f081ed946987fe11a0439,f757a0ca7bda1d962b319be4816bf926,0,345,1034,2497,1034,2152
893fbd12f40a6b26165dec9a8547c3a3,57e99123a16e818b23d436c30213ef7b,891,0,2012,2812,1121,2812
893fbd12f40a6b26165dec9a8547c3a3,0946e94988f27e90af7147d4e6444d2a,0,229,1003,2327,1003,2098
893fbd12f40a6b26165dec9a8547c3a3,4c2c764b758757fb7236e00b8a79cf08,935,0,2012,2812,1077,2812
dab9b5bef442a112fde8270ab98c4bf0,1d83fd3dfe4a9beb628b030d1d37031b,0,0,950,2830,950,2830
dab9b5bef442a112fde8270ab98c4bf0,5b392e793eb1b7046e2861e45d4a5d3e,0,261,1158,2830,1158,2569
dab9b5bef442a112fde8270ab98c4bf0,d70a261e628c52af7d5f0854963efe7f,1745,0,2800,3057,1055,3057
dab9b5bef442a112fde8270ab98c4bf0,86f138aca894cdcb704e90c577220d3f,1677,603,2800,3518,1123,2915
893fbd12f40a6b26165dec9a8547c3a3,1a640c6000a847d3e1891cb661c6ce12,0,0,1031,2812,1031,2812
dd98abaf0ef843feae62a29c31caee45,fad09b9d139efde737248bfa11ca1fc5,0,438,863,2752,863,2314
8ab7de48e57f081ed946987fe11a0439,a9eb3cbc43be90445fda50a3280a9379,1664,0,2800,2457,1136,2457
dd98abaf0ef843feae62a29c31caee45,c8039851546da1cee882dd8b016ba1cd,1803,305,2800,3518,997,3213
dd98abaf0ef843feae62a29c31caee45,10be6930ea4b460d0e3f15ca2e856022,0,0,1109,2922,1109,2922
8ab7de48e57f081ed946987fe11a0439,af075fd5ea755e85da23c8cd1373ed3c,0,0,1117,2599,1117,2599
dd98abaf0ef843feae62a29c31caee45,57b04a1958443efd27484f9e2d0b7615,1714,0,2800,3187,1086,3187
e954e2d3ce6c57eddadb0561ab4cacbc,a6ddfd3b4a3dcd492c8d7a9863aeaebc,0,0,736,1991,736,1991
28739b6df2b69a6e9e3ed49355da0198,115185b5451b869462842b514cb60ca1,2069,0,2800,3333,731,3333
e954e2d3ce6c57eddadb0561ab4cacbc,4d7c8f0697acd510cbff36310e98feb7,1213,106,2012,2319,799,2213
97aa53550cbe8465be33b9d08dd7e3a5,c85fb9e65e2ee825ed90736491ebb82a,0,578,918,2528,918,1950
e954e2d3ce6c57eddadb0561ab4cacbc,a1ba0383ba52485cfa27317c18dfa586,0,0,784,2623,784,2623
e954e2d3ce6c57eddadb0561ab4cacbc,77690f10267723a7a14a1667508311f9,1188,0,2012,2812,824,2812
97aa53550cbe8465be33b9d08dd7e3a5,33dbe3e35395bbc548fd766242870da9,1863,0,2800,2789,937,2789
97aa53550cbe8465be33b9d08dd7e3a5,4f2e66fb172c24a491ae1dca71b7674b,0,0,960,3518,960,3518
11cc96a09ecc1e6aa290d172db2d5a0b,65c93d81d03b3a061ad8d066d7e5d8e6,2135,528,2800,2554,665,2026
11cc96a09ecc1e6aa290d172db2d5a0b,3c0b949d13ea65b8413648218527e47e,1902,0,2800,3518,898,3518
97aa53550cbe8465be33b9d08dd7e3a5,f7d0dfec413e975aa6981f97c7037ff1,1912,629,2800,3510,888,2881
89524e5f372d9aff8ed43b4ef29c1435,048d09a34cee5ad554b3bf74dec790d5,0,0,1086,2321,1086,2321
11cc96a09ecc1e6aa290d172db2d5a0b,ac2713133c6cef3ebda23feddac8ed82,0,781,758,2826,758,2045
72dbf9fcad4b506c0637ec1dcc0ceeed,ce26de389ef308df73bcebcfff049e34,0,52,938,2337,938,2285
72dbf9fcad4b506c0637ec1dcc0ceeed,fb2386c5b4bda2d14768104ef5a4ed0f,989,0,2012,2541,1023,2541
b4ed83d02fa675475155a5551f92fd1f,1d6b62c0ca67fccea012daed532bb9fc,0,0,1017,2525,1017,2525
72dbf9fcad4b506c0637ec1dcc0ceeed,e6b535bd8f13f0733a515031c9214e26,909,182,2012,2372,1103,2190
a02759c4a7bdb135aa5797974535a1b4,3dec02ca9f84ffef729df6850c09e050,0,0,907,3113,907,3113
a02759c4a7bdb135aa5797974535a1b4,4440b9e293fb6540617446a168fae339,1964,0,2800,2841,836,2841
a44452ee9805bb82f03af8c6323f60a7,45b5ff576e8941866eb4a71e95a9599b,2282,486,2800,2339,518,1853
72dbf9fcad4b506c0637ec1dcc0ceeed,8374dca9ba388ccc0ccf60a3904989bc,0,0,997,2812,997,2812
a44452ee9805bb82f03af8c6323f60a7,388998abab4583b5ac8bcf8ed73f4854,0,472,617,2336,617,1864
a02759c4a7bdb135aa5797974535a1b4,2ac0fb8e45cdb255f174fbf7d6ec947e,0,365,965,3518,965,3153
a44452ee9805bb82f03af8c6323f60a7,01f8c129f7961372e3906173b34d206f,0,0,664,2284,664,2284
a02759c4a7bdb135aa5797974535a1b4,ca9c65312d6e58ce6aaf87d6d4d48bf7,1901,589,2800,3518,899,2929
da7b7f16b44fa20f9d50567419045a38,097f13dee9e53dd899ae1b3b84637432,1969,722,2800,2625,831,1903
da7b7f16b44fa20f9d50567419045a38,f5f0c378b38ea18b340d38da4ebf3cb7,0,560,793,2575,793,2015
11cc96a09ecc1e6aa290d172db2d5a0b,8b6eb269a77b8f8b24e03ac22c5e11d0,0,0,946,3236,946,3236
da7b7f16b44fa20f9d50567419045a38,27ff0fd9e9df19c8a18e49e7321e29a5,0,0,965,3210,965,3210
f53795e32e8d574377e83bc93373bc65,32d8bff758968cfd786932fc73552e8d,2057,677,2800,2656,743,1979
a44452ee9805bb82f03af8c6323f60a7,1319fb2f2a0f843aff4643418815d0df,2071,0,2800,2373,729,2373
9bf5e07c124d149dc072232c005e033d,f97cd5b8d0049cbceda56350c01a66d5,1738,410,2800,3518,1062,3108
b88845b28e4402e9d99b4512a92e4ad0,39da128dd8dec3576dc19a158fe58218,0,371,803,2638,803,2267
52f565090823404d406010b0a599d72a,c56dedc44f93b7d87891800bcb5f4e71,1928,606,2800,2761,872,2155
da7b7f16b44fa20f9d50567419045a38,34b554e290a311effb44ad9919405518,1786,0,2800,3305,1014,3305
9bf5e07c124d149dc072232c005e033d,9c17baacaeb80482b4ce778e64b792f5,1745,0,2800,3211,1055,3211
9bf5e07c124d149dc072232c005e033d,69daaec36755fed0da6474ca6bc691df,0,0,1031,2915,1031,2915
9bf5e07c124d149dc072232c005e033d,a993fdda6b036ae73326e6d749b3457d,0,313,1045,2630,1045,2317
f53795e32e8d574377e83bc93373bc65,6735084dfa4c9a06b98f44a78140d50d,0,769,715,2708,715,1939
f53795e32e8d574377e83bc93373bc65,04088fd3f128fa108006cf9fc8b162e2,1869,0,2800,2855,931,2855
ab38c7255e81cfc885b2815719481da5,a23abd86b084cade1b58cef8a03e892b,2123,975,2800,3082,677,2107
fd5d767bfcee739dce5bddb0fc6f881f,35de2f3c81bc92c3714f4e2299d1c814,862,0,2012,2688,1150,2688
ab38c7255e81cfc885b2815719481da5,646e9ddf60945ff664fcf1568f520033,0,675,726,3515,726,2840
ab38c7255e81cfc885b2815719481da5,bbd6dac1f5bb96d51a6977497aa1d433,0,0,829,3518,829,3518
f53795e32e8d574377e83bc93373bc65,d2e9a033824f161573fbd018cf9afcf3,0,0,899,3518,899,3518
5d55fad7091f2055dfba5768b9618547,7ce993547746e92a1ba2305c9caba93c,0,602,962,2782,962,2180
52f565090823404d406010b0a599d72a,0cafb861016e500310246f74819f7bd6,0,725,960,2949,960,2224
fd5d767bfcee739dce5bddb0fc6f881f,59b140b02552b3381d2450fb8496985c,908,210,2012,2431,1104,2221
5cb142b14d2d8891ab31cf1e10c9a384,3b512fb3fa21fc1dc995ba169be32eee,0,59,997,2530,997,2471
5cb142b14d2d8891ab31cf1e10c9a384,e53c05b38a753016fe6cb9f599d3718d,1695,107,2800,2265,1105,2158
b88845b28e4402e9d99b4512a92e4ad0,81577f2de92d0e5fbf4c40556320024c,1911,476,2800,2646,889,2170
b88845b28e4402e9d99b4512a92e4ad0,930c623574b99951b5dbf381dc6eb6e9,0,0,868,3518,868,3518
5cb142b14d2d8891ab31cf1e10c9a384,26abbaa15b1be22131c3784f1cb1e748,0,0,994,3518,994,3518
5d55fad7091f2055dfba5768b9618547,5048c37dc2aa2d9d2be489f90748cc70,1991,816,2800,3010,809,2194
5d55fad7091f2055dfba5768b9618547,0df72c12b52fa4b18996d61c629c4a86,1916,0,2800,2825,884,2825
810faa911221ae9ccbb3fbcdd7943616,b9a9ff1530a60165c0109ba408e61dd3,0,421,1023,2738,1023,2317
b88845b28e4402e9d99b4512a92e4ad0,d444d19c22ec91e7c1b2faa8212f4874,1960,0,2800,2567,840,2567
810faa911221ae9ccbb3fbcdd7943616,4f4877b9c434f642fd01e40ca75a3d0f,1717,0,2800,2342,1083,2342
810faa911221ae9ccbb3fbcdd7943616,d45441f355193f1d64eaee5530f54dce,0,0,1211,3518,1211,3518
beb4eb26bfa74853d4b49172855eefe9,00d89741d0f25b2b3f69cfca423dbfe1,2075,0,2800,2982,725,2982
beb4eb26bfa74853d4b49172855eefe9,24fdcf1044b444667327841804ee75cd,2365,688,2800,2386,435,1698
52f565090823404d406010b0a599d72a,b0c6ac353d6a1f2681546067a407fe38,1705,0,2800,3216,1095,3216
beb4eb26bfa74853d4b49172855eefe9,b83a2bb098dbb6c6de8bf68d45604d0f,0,0,732,3518,732,3518
5d55fad7091f2055dfba5768b9618547,13efca773c07e9ad7f4b742176ca6bc8,0,0,1033,2799,1033,2799
beb4eb26bfa74853d4b49172855eefe9,2a67cf5f900de22b0c45fb2c1d55dba4,0,814,626,2689,626,1875
52f565090823404d406010b0a599d72a,28b209b67e2346253cbd59a2c22bb26a,0,0,1040,3518,1040,3518
ab38c7255e81cfc885b2815719481da5,4876713559ca6f3529bab6d36f875b53,1991,0,2800,3475,809,3475
810faa911221ae9ccbb3fbcdd7943616,2a6d775d77ab63faf441bc604ab2c0f5,1545,0,2800,3163,1255,3163
5cb142b14d2d8891ab31cf1e10c9a384,9da2703c19c4f1c7dd744f01f01094d3,1768,0,2800,3518,1032,3518
fd5d767bfcee739dce5bddb0fc6f881f,7d9d73370fb331a2d80f0a07bb506c8c,0,0,1163,2784,1163,2784
80cd70822de3cfbe12bda0c6fb3e157e,306d033cf4b74d1f02489fff32d5441d,646,0,2800,3403,2154,3403
e224cbfb15443755b7dc74998a21d5dc,bb85be3da28fb75f3ec31fd964369805,1753,0,2800,3518,1047,3518
80cd70822de3cfbe12bda0c6fb3e157e,71280ebf5b1ad937fd9d1faa6b9d0af7,0,0,1028,3518,1028,3518
80cd70822de3cfbe12bda0c6fb3e157e,7131733362b5f48446cd5ef7436d2bd5,1734,234,2800,2759,1066,2525
80cd70822de3cfbe12bda0c6fb3e157e,b500d803f48ff439dd77ec28cf723600,0,224,1050,2836,1050,2612
e224cbfb15443755b7dc74998a21d5dc,7e7fad41346249ab1a8fec34ef9807ff,0,587,1060,2746,1060,2159
390ea4c21dce6c76df078182fcf0582f,a990c441ca083bb48de1d0d61709e80e,1968,542,2800,3518,832,2976
d1cae6ed391c5fca26f1a43f57ff7b2f,4150dba52478b548743e914dadfe0533,1841,0,2800,2836,959,2836
390ea4c21dce6c76df078182fcf0582f,074299330d1c1adedf9728812efdda0a,0,0,919,2529,919,2529
4b6442457202c771fbbc011629a955a4,454c9d8f7414ea125a671c996b86018c,0,41,808,2462,808,2421
390ea4c21dce6c76df078182fcf0582f,fe5193ac396b5225930f8765a7cee42e,0,793,874,2774,874,1981
e224cbfb15443755b7dc74998a21d5dc,751557dc194f8bed0ff8ba97c2b2b905,1799,623,2800,3518,1001,2895
4b6442457202c771fbbc011629a955a4,8a633f6108bed72993fe4a537d5801c1,0,0,809,2668,809,2668
fd5d767bfcee739dce5bddb0fc6f881f,405bfbc2464ca37fc50493d4557cb87c,0,403,1093,2812,1093,2409
4b6442457202c771fbbc011629a955a4,6a5b105db21eba233defcf9ea2bdded4,1027,0,2012,2372,985,2372
d1cae6ed391c5fca26f1a43f57ff7b2f,fd1ed16b4206d52ac9d935c3ed225668,0,551,1018,2619,1018,2068
d1cae6ed391c5fca26f1a43f57ff7b2f,9fe0ff10dee2ed36a20a5772d3d84544,1984,688,2800,2657,816,1969
d1cae6ed391c5fca26f1a43f57ff7b2f,1ce59075a46558d921a4c1c891eb3506,0,0,1086,3059,1086,3059
390ea4c21dce6c76df078182fcf0582f,a158fce586b2eccc72b08fb5c3010b86,1943,0,2800,3226,857,3226
4af2ec359de704468d9224f2f860f033,541e06fb9731518df054f7263e258c43,0,0,891,2975,891,2975
4b6442457202c771fbbc011629a955a4,1259ccba856fd045549e6208fec08b52,1094,0,2012,2722,918,2722
e224cbfb15443755b7dc74998a21d5dc,3911705baa736621216fe36c6e7d24d3,0,0,993,3518,993,3518
4af2ec359de704468d9224f2f860f033,505e2a7dca9d807e2b10b2d528ca682a,0,425,843,2459,843,2034
79de7b6a4433b19ca0480c3cfaf1faab,41c7981cbf1436bd157fc3cdeda0f27d,1872,0,2800,2871,928,2871
b4f7eb6502bcfa89fb81aeaa7b24f75a,72e8b43a9cb4833d25946f14feb3553c,0,389,1053,2819,1053,2430
79de7b6a4433b19ca0480c3cfaf1faab,314d3cfbde13b5f2fbd95bddc8c4fa9b,1873,362,2800,2638,927,2276
4af2ec359de704468d9224f2f860f033,59c4a0dbe9251851ac8f8d8784580210,1896,0,2800,3518,904,3518
079206e927ee4eb32913f7b0b8cdc677,e35057b5090159488b9163ca7574068e,0,830,948,2813,948,1983
61647978d6166d293470a149f375f0c5,f591abea3647b688d81687cbf6b8db28,1745,0,2800,3518,1055,3518
3d28591ba12cecc798cecff9401c9b76,efefa0843dad34689a3bc9f37f7cb08b,0,295,1061,2984,1061,2689
61647978d6166d293470a149f375f0c5,1930a1c97a731bfba566c63bf63d0c04,1697,412,2800,2791,1103,2379
6fb939e29e2f60726f20994fbf53d5b8,35f74c69203906d176efeb89d08b7bed,780,0,2012,2299,1232,2299
3d28591ba12cecc798cecff9401c9b76,f3a12e99db04f5631beafbd53302bc30,0,0,1102,3518,1102,3518
3d28591ba12cecc798cecff9401c9b76,515b008fb847b54ebc2384a0887d9dc1,1752,433,2800,3518,1048,3085
6fb939e29e2f60726f20994fbf53d5b8,af253771b019fcdbb64056bbff09490f,0,46,1132,2366,1132,2320
079206e927ee4eb32913f7b0b8cdc677,f0f94ad051d7feb957996c04d176e859,1907,281,2800,2439,893,2158
61647978d6166d293470a149f375f0c5,6319489fb88e680086eec2917c20292e,0,0,1077,3518,1077,3518
7c31f8b42276e56a2ba7006ae2d63604,a8ab162f7cff4c43a2c0fc0f6e68aaaa,0,198,1400,3518,1400,3320
7c31f8b42276e56a2ba7006ae2d63604,c99575f6b786336b2c51991f2e84ec91,1389,0,2800,3518,1411,3518
61647978d6166d293470a149f375f0c5,453a91e99cd83f8873ff56762bf11138,0,166,1106,2693,1106,2527
079206e927ee4eb32913f7b0b8cdc677,667cb4f1538978d7fe6553669e01fd24,1917,0,2800,2592,883,2592
b4f7eb6502bcfa89fb81aeaa7b24f75a,c04ae267694d58035b420dfcc3f9318c,1872,389,2800,3518,928,3129
079206e927ee4eb32913f7b0b8cdc677,d26a94c8d9a6f2634052525b77825398,0,0,1026,2720,1026,2720
79de7b6a4433b19ca0480c3cfaf1faab,7af5f332313c728d9254b1f48472b1db,0,0,991,2826,991,2826
092f26da85043458937645ee192b089f,2ea1ef85c6cd8289a04c51f3f04c8fdc,1969,700,2800,2884,831,2184
db67ca25983a5c5af8bd2602126352d3,62359b5effc1171c6d7ed6527d386ed8,2121,574,2800,2310,679,1736
6fb939e29e2f60726f20994fbf53d5b8,f868ac8a3a40a7c5745b604aebfcd076,0,0,1420,2812,1420,2812
6fb939e29e2f60726f20994fbf53d5b8,fa521d0312eb1793e87111280b161457,783,0,2012,2267,1229,2267
79de7b6a4433b19ca0480c3cfaf1faab,a5f13014c3aee3ca5f9b0b0d6de0f785,0,409,894,2618,894,2209
092f26da85043458937645ee192b089f,3477fecaa07baaf61f242ce41622e12b,0,443,756,2585,756,2142
092f26da85043458937645ee192b089f,18633ab3beb759d3094b9105b7201da4,2028,0,2800,2700,772,2700
3d28591ba12cecc798cecff9401c9b76,36608d5a8f03658be6f28ff95165a2bf,1509,0,2800,3518,1291,3518
b4f7eb6502bcfa89fb81aeaa7b24f75a,c910e31bb995f59e76cd98e8e6c7dd5e,1797,0,2800,3518,1003,3518
7c31f8b42276e56a2ba7006ae2d63604,903c6d106ff56bc5dad444c1dd52ff79,0,0,1552,3155,1552,3155
db67ca25983a5c5af8bd2602126352d3,2bb70b7bf4a2307acce289f301d1f2a4,0,0,687,2707,687,2707
db67ca25983a5c5af8bd2602126352d3,a2305a7251d804273d18bb3866c9023a,0,1043,660,2691,660,1648
4af2ec359de704468d9224f2f860f033,d567355a533ec432a87ae2eb541aa9e1,1934,264,2800,2275,866,2011
092f26da85043458937645ee192b089f,2487dcc1319c735d46398203c27e1718,0,0,783,3102,783,3102
ef9bcee35f3e5d4bca8d5bb5c6f09450,5ee433ab74fcbaba910a095e559b4dcd,0,0,899,2733,899,2733
7c31f8b42276e56a2ba7006ae2d63604,a860a541668585d6e48f17c45090ea33,1587,62,2800,3403,1213,3341
db67ca25983a5c5af8bd2602126352d3,5e09b812cd9789b05341aba2abac4366,2145,0,2800,2484,655,2484
ef9bcee35f3e5d4bca8d5bb5c6f09450,53924522f3619cf92ab4d7e4546ada25,0,456,876,3518,876,3062
ff39a0163444af2d985f9c0ad4777c0c,16f13c7705c2105a686dcb33917fa167,984,18,2012,2180,1028,2162
ef9bcee35f3e5d4bca8d5bb5c6f09450,e86ee7c6d128444a1cd1307b158a7e67,1904,0,2800,2600,896,2600
b4f7eb6502bcfa89fb81aeaa7b24f75a,1ec1b3b8a231cdd355966613bcc25aa7,0,0,947,2830,947,2830
ef9bcee35f3e5d4bca8d5bb5c6f09450,f5f3ccc0b7e731df08c1768258aa1efd,1874,360,2800,3518,926,3158
ff39a0163444af2d985f9c0ad4777c0c,a7a194b56d3d8c64fe8aa7bda900e28a,1020,0,2012,2561,992,2561
ff39a0163444af2d985f9c0ad4777c0c,ebf2e0d36e01d60a81732a4ba1e8c69a,0,0,1041,2812,1041,2812
e9b8c871d8a8b193f1527451cbece775,e47ae165670d9c5afd081314b01f1ec4,1434,0,2800,3518,1366,3518
a4e9ecf4c05f00367483aab8dc620b54,5fb5f88387bd73af48a6e72f2871bf9e,0,411,827,2534,827,2123
a4e9ecf4c05f00367483aab8dc620b54,9e15d8d8eeebd0946a1a5a5c9a70aaca,1948,314,2800,2598,852,2284
e9b8c871d8a8b193f1527451cbece775,4256d2c5f6054e88f0bd33af3ef02fdc,0,339,1436,2781,1436,2442
d59a790889a1b68297e62c780026ca88,1b31043b6943e9c3b4b54883e0d9576e,2069,624,2800,2615,731,1991
ff39a0163444af2d985f9c0ad4777c0c,e8d963e13a424fc22a4cf234c2a1e221,0,141,955,2378,955,2237
a4e9ecf4c05f00367483aab8dc620b54,52218485a47e248a7413fe06f5f5b2c6,1789,0,2800,3341,1011,3341
60210f608134c74cf7ca7a36956335d0,20dfb3774ef8e9ee1fa642dfab995292,1669,548,2800,2739,1131,2191
691fd4b14ef2dafdea3660fd2aedac82,f51ca38b79922ae63beec25851eb878b,1159,306,2012,2812,853,2506
a4e9ecf4c05f00367483aab8dc620b54,1abe0f00a829eaa1c1679124575807ed,0,0,1216,3518,1216,3518
e9b8c871d8a8b193f1527451cbece775,1e6f773a9a2cf0ddef3177bd16febc73,1676,401,2800,2762,1124,2361
d59a790889a1b68297e62c780026ca88,f56ebd3425ce45a4a8a60bf34488f101,0,0,883,2813,883,2813
e9b8c871d8a8b193f1527451cbece775,eeb8ba0a79570b7d032f36e59080b46b,0,0,1343,3518,1343,3518
691fd4b14ef2dafdea3660fd2aedac82,8c92e4312372225ab3c61c87a5366a99,0,0,945,2812,945,2812
60210f608134c74cf7ca7a36956335d0,f30c5527e2f019d3b94c28d3af1613aa,0,495,978,2639,978,2144
d59a790889a1b68297e62c780026ca88,db39d85b428f4e7b7a924e96ed8c1134,0,759,774,2695,774,1936
691fd4b14ef2dafdea3660fd2aedac82,7314a53ed01bb5ddb8a4ef7047676ba3,1195,0,2012,2697,817,2697
691fd4b14ef2dafdea3660fd2aedac82,40d117a77e72bdc282b0bdc680718ee0,0,260,918,2597,918,2337
dfbf76a5a0a8859fee171479fec18e2c,147ec6c8e7cc15042f74e805a819622d,0,0,1101,2952,1101,2952
d59a790889a1b68297e62c780026ca88,c164cf78c8748c4042eaa1d9661ac4e1,1928,0,2800,3392,872,3392
60210f608134c74cf7ca7a36956335d0,502045422196d1dfbe9742c277b0b6e7,1607,0,2800,2811,1193,2811
60210f608134c74cf7ca7a36956335d0,51dda8678bcabbb853ac8ccf87fa66be,0,0,1170,2785,1170,2785
dfbf76a5a0a8859fee171479fec18e2c,673baf0d576f3ba9fdc79dbd0bb15574,1772,0,2800,3518,1028,3518
dfbf76a5a0a8859fee171479fec18e2c,2930629c20d067919cd33b746119c90f,0,295,1088,2759,1088,2464
dfbf76a5a0a8859fee171479fec18e2c,714de367788cb9502ba66778ded5c099,1931,683,2800,3016,869,2333
530dd0f770bbca75b3f92c93653f6ea1,6875060614bfef26313d860fd7f8ca91,0,0,907,2730,907,2730
530dd0f770bbca75b3f92c93653f6ea1,7ec7b2f97f2bc9b6477d41a39db37dde,0,533,932,2817,932,2284
f1489fa7dbb76ac5f86fd34462314cf4,4aa9384c6c5a25665a7a3f69a5d2458f,0,0,757,2812,757,2812
f1489fa7dbb76ac5f86fd34462314cf4,99837300004d3409d89188dc8089e48f,0,461,820,2604,820,2143
f1489fa7dbb76ac5f86fd34462314cf4,3e555a6456de78d5020b731d74a0eb1e,1201,0,2012,2812,811,2812
f1489fa7dbb76ac5f86fd34462314cf4,f0096a287d9f53fe116fb27c639b2eaa,1122,235,2012,2322,890,2087
31937d26eec6ebdceb4c4d676fd06018,b6bc74e44e775f7ba981fb608fc16ef6,1461,0,2812,2802,1351,2802
530dd0f770bbca75b3f92c93653f6ea1,44ea53ec3f8d3943f58a66362690c989,1926,625,2800,3518,874,2893
31937d26eec6ebdceb4c4d676fd06018,608702adb4fc8f88e22b458dc95a63aa,1579,90,2812,3022,1233,2932
530dd0f770bbca75b3f92c93653f6ea1,af32447aae157138d4173fcee0be2afb,1951,0,2800,2590,849,2590
31937d26eec6ebdceb4c4d676fd06018,ef06a6b4dbc409c91a3cdfa35d8f8db4,0,492,1575,3046,1575,2554
e27efb142b5628d23b67b5ed06f181b3,9b5488f00face48e219720a23cb78f38,1426,0,2800,2996,1374,2996
31937d26eec6ebdceb4c4d676fd06018,6dc9418ebb8dd3844eb56795d7086a6c,0,0,1596,2850,1596,2850
e27efb142b5628d23b67b5ed06f181b3,83b32eddac1256df850cdd6f350e88c7,1362,284,2800,2496,1438,2212
e27efb142b5628d23b67b5ed06f181b3,3acba9a63325ca980effde6be1407f6b,0,0,1147,2923,1147,2923
e27efb142b5628d23b67b5ed06f181b3,6621f875f004e85e19b25db5ce6fad9e,0,0,1240,2563,1240,2563
6caa13a887969d2e52eed6c6f401284c,2b458f8015b3281817b8a3516ea1225e,0,379,947,2535,947,2156
2dc9e5d69d028520d8c723fa58ab5696,e614e18b225d50147cff065b5d9c68ab,1116,142,2012,2192,896,2050
2dc9e5d69d028520d8c723fa58ab5696,963ebc9ad09af5a92a877a8ab23d4a06,0,115,906,2812,906,2697
07691c50482dca6f87bc091778bd3344,0b29fadfa1861bdc7ce7448f9486fcee,0,789,681,3518,681,2729
07691c50482dca6f87bc091778bd3344,3b4ddfdc9f1a8754e9c2ff4423cb6e63,0,0,693,2187,693,2187
bf6a6286f1f8ec1f582816b56f644c36,ef7125a314ea283488b6fe21f9f2fbfc,0,0,1147,2446,1147,2446
07691c50482dca6f87bc091778bd3344,4e86d7db878ff61f659c723e6993167c,2064,696,2800,3518,736,2822
2dc9e5d69d028520d8c723fa58ab5696,0734b5b55922ed00222da82e1abc79b7,0,0,976,2586,976,2586
2dc9e5d69d028520d8c723fa58ab5696,df8608bba540d12e24466808ae63ab98,1147,0,2012,2637,865,2637
bf6a6286f1f8ec1f582816b56f644c36,d44831d004e2d0291efb426b189698b1,0,360,1123,3518,1123,3158
6caa13a887969d2e52eed6c6f401284c,8b29be2e1b5b5348eb9b9e5d37134702,0,0,925,3518,925,3518
07691c50482dca6f87bc091778bd3344,72b505f84623a49a1f0678e71fef3a9f,1994,0,2800,2396,806,2396
6caa13a887969d2e52eed6c6f401284c,600dcc70d32c153b611b4dfef20cd6a5,1857,596,2800,2835,943,2239
6caa13a887969d2e52eed6c6f401284c,12811b1c777454fceff70ac56b3decd6,1920,0,2800,3518,880,3518
bf6a6286f1f8ec1f582816b56f644c36,53a2b374d33aa3526b8e4c418e4835a5,1668,586,2800,2960,1132,2374
bf6a6286f1f8ec1f582816b56f644c36,8f2192f5ef167c2b1de45380311a8e85,1596,0,2800,3518,1204,3518
e80ad5d6ba8adf37d5e98658925d05f1,7e313ebca3ba453397b03291b2124305,0,381,772,2358,772,1977
e80ad5d6ba8adf37d5e98658925d05f1,9a670cd5569b88b1476c6e8dafd59343,1980,0,2800,2391,820,2391
e80ad5d6ba8adf37d5e98658925d05f1,7ce5b7e7193481ed0a8d29fc0ae2aa22,2015,444,2800,2456,785,2012
455476a088a30265455fca900de48e70,99aad7eb3acf2741f5e15463a2899cf4,2134,428,2800,2158,666,1730
8a99da5bd35a36d7b375b45839c7825d,2e1655cc8038bb505b61e93ecb5dbc3d,1808,511,2549,2402,741,1891
8a99da5bd35a36d7b375b45839c7825d,fb5f3ece07f421df1116d6c6768e320d,0,0,727,2649,727,2649
8a99da5bd35a36d7b375b45839c7825d,8c8a2542ad66c42cb496cd0ad65141e7,0,884,682,2759,682,1875
455476a088a30265455fca900de48e70,faf48dd537a93e17ca311118c1f1a787,1989,0,2800,3518,811,3518
e80ad5d6ba8adf37d5e98658925d05f1,a59bdc69655d2c3f6d6e4e09ba08f3d3,0,0,827,2533,827,2533
455476a088a30265455fca900de48e70,a00cf0a7f8f8f7f80dac8e2a892866b6,0,0,846,3015,846,3015
8a99da5bd35a36d7b375b45839c7825d,17fd3cff7b8e9e785fba7deaff40306c,1773,0,2549,2960,776,2960
455476a088a30265455fca900de48e70,4f03334a2a4255f9239c20918a66ee51,0,873,666,2605,666,1732
684a714bb0fbadef97ce9d1333fd4801,d30a168830b877b69baccfa14bcbfbdb,1394,320,2800,2807,1406,2487
684a714bb0fbadef97ce9d1333fd4801,95e2d1ba5a915e42210d35d281505880,0,163,1398,3518,1398,3355
684a714bb0fbadef97ce9d1333fd4801,337dbe822be8979d5719b7c6bc5c415e,0,0,1254,2667,1254,2667
35c85a3aa682ad6e780622947abaf6cf,3b3780edceb13410c0586543f9726a56,0,0,959,2360,959,2360
baa26b7bc2bdadd05acc0ff1535f20fc,bd3105f0c5b60fadca60eba3922e3a30,0,513,773,2570,773,2057
baa26b7bc2bdadd05acc0ff1535f20fc,be2296c4c2b839e9d12670e6f6acf920,2001,665,2800,2739,799,2074
35c85a3aa682ad6e780622947abaf6cf,23668bcb920b17222173910d3eb42522,0,0,943,2654,943,2654
3bfe4994b5f4316a931c75018116ea82,52cc2a27a7d30f82ea08de2d5f04c82f,0,0,1250,2812,1250,2812
baa26b7bc2bdadd05acc0ff1535f20fc,71b1118d0691470d45494d72e95f2cd9,0,0,799,3443,799,3443
1cbec97e9151afeed3b38af2028fe21a,5f5a736c5a1cc742e781f1525c434971,1735,499,2800,2788,1065,2289
35c85a3aa682ad6e780622947abaf6cf,2c60e7afd1ab0aa36f54ae8b4dec4897,1010,0,2012,2812,1002,2812
684a714bb0fbadef97ce9d1333fd4801,f788fc7d04dd2be3b38413662bf06d02,1385,0,2800,2842,1415,2842
c01a6c56f17849cda09419c737471814,dbf6176c02eee10501036d34ed6a15f9,1948,555,2800,2742,852,2187
91c89103d74a2907bb02c94c5b4581d6,3f27a7d48c1a72c9781caf31942b8cdb,1362,234,2012,2141,650,1907
c01a6c56f17849cda09419c737471814,d5dcfa88b8f10d087fe811472bf9860f,1887,0,2800,2341,913,2341
3bfe4994b5f4316a931c75018116ea82,754915d04941f3c98afac0d14e16eff7,916,0,2012,2335,1096,2335
35c85a3aa682ad6e780622947abaf6cf,9cc10c9e0ca7ca99ed91831d3a759904,1045,0,2012,2812,967,2812
c01a6c56f17849cda09419c737471814,3a2af3a21e14ca961b453ddae1505dbf,0,532,843,3518,843,2986
1cbec97e9151afeed3b38af2028fe21a,ed678a0caf6066b3c5d26fb9266bf66b,1686,0,2800,2689,1114,2689
91c89103d74a2907bb02c94c5b4581d6,2438a59facc242a2fd1ef853f4942b17,0,0,568,2359,568,2359
1cbec97e9151afeed3b38af2028fe21a,365b2a91cc7d0eebb76486f6dd64c523,0,0,1187,2703,1187,2703
1cbec97e9151afeed3b38af2028fe21a,cbcf0b3def1201aa994e1fea38cfaeb3,0,702,1070,2871,1070,2169
3bfe4994b5f4316a931c75018116ea82,a0a7533c7a1026122da6026f6072bb1b,0,0,1207,2812,1207,2812
3bfe4994b5f4316a931c75018116ea82,214db4473bbabbc368265c1a84ba4852,834,0,2012,2812,1178,2812
62c5041b3e51293de68a622abb204597,ad7c009c60117e2744c274b6442f8b67,0,0,872,3518,872,3518
91c89103d74a2907bb02c94c5b4581d6,30d28178b0375cb6c0f168f039c7d9cf,1395,0,2012,2299,617,2299
62c5041b3e51293de68a622abb204597,613a5a0f3882c6b72e1d69c63ce3198e,0,575,713,2566,713,1991
b224b1f150e2ab43f68741950a50c19c,f8eeb12a1c26416e91e6955f6b1b1a64,1693,657,2800,2957,1107,2300
e413b3add7d74092a3ae7d0f7a388677,a682fcee9fe75e29f98c72c560591df7,1913,484,2800,2427,887,1943
62c5041b3e51293de68a622abb204597,3821eb86f5030b780bf3b69330915394,2080,0,2800,2491,720,2491
62c5041b3e51293de68a622abb204597,7f50a2ee1ce98af50236b946f8739681,2012,0,2800,3518,788,3518
b224b1f150e2ab43f68741950a50c19c,0a11ee9bbf17933d9680f74d64e02321,0,545,1053,3431,1053,2886
2cae5c9d4a922766fd01dd69a004ea5c,b4911343d180ced59ff2c36978d6cb3a,1801,652,2800,2784,999,2132
2cae5c9d4a922766fd01dd69a004ea5c,eb1ef43e87d2c066c3a63fb8f2b8b260,1602,0,2800,2774,1198,2774
e413b3add7d74092a3ae7d0f7a388677,265896fe7300b5c0d34877438d514c95,1913,0,2800,2440,887,2440
e413b3add7d74092a3ae7d0f7a388677,e838f031941557151aa3d33a081965b1,0,656,932,2702,932,2046
c01a6c56f17849cda09419c737471814,e68cf8e9056ee943470424f72e318570,0,0,1023,3518,1023,3518
2cae5c9d4a922766fd01dd69a004ea5c,d75092349d2b99d2cc62f5f5a61cd164,0,0,1328,2820,1328,2820
2cae5c9d4a922766fd01dd69a004ea5c,ad362576326ffb1cd0bcebf515a2b7c5,0,277,1131,2451,1131,2174
edd16a2820376d88e615f1461f711d89,be78f120687426784bc691d838802a07,0,433,1378,2882,1378,2449
e413b3add7d74092a3ae7d0f7a388677,b667fe27958efe63f193de6f80ab4df2,0,0,928,2351,928,2351
edd16a2820376d88e615f1461f711d89,a09684693b5555763139afc0c0f87369,0,0,1403,3008,1403,3008
ce450a0e9bea4acd2e9efd9ffd282e4a,7fc64bc2b741a478392dd020fb2390d3,895,0,2012,2812,1117,2812
baa26b7bc2bdadd05acc0ff1535f20fc,05aa6c9841bb7efc478f7aa50a5f16ff,2022,0,2800,2542,778,2542
0ebafcfdda2939aa0d48cf90e092d859,dfab3345b86139301a355b5e32c34dc4,0,312,1010,2812,1010,2500
edd16a2820376d88e615f1461f711d89,c6fb761021e4b2185c5a390a5d2ae394,1274,0,2800,3518,1526,3518
ce450a0e9bea4acd2e9efd9ffd282e4a,2d362af716e02e2790cfe84aca7e2b4b,0,131,1263,2277,1263,2146
edd16a2820376d88e615f1461f711d89,2cedf9121ad3313794d4a2a98ba4a625,1355,306,2800,3518,1445,3212
ce450a0e9bea4acd2e9efd9ffd282e4a,0d6d848666cf27a4042d3103633c4abf,0,0,1170,2520,1170,2520
0ebafcfdda2939aa0d48cf90e092d859,c95ca04e91a9cf5b86ac02c37de804f7,1007,0,2012,2722,1005,2722
0ebafcfdda2939aa0d48cf90e092d859,53c524b094f5195b3275662379ede775,0,0,1079,2812,1079,2812
e3a6c1021488365f9a52346b3feb9b46,436fae8252694a12461d3dcd343778df,0,677,1007,2908,1007,2231
0ebafcfdda2939aa0d48cf90e092d859,1965ad1b6628f39c779e4809f72a2a77,1006,131,2012,2812,1006,2681
e3a6c1021488365f9a52346b3feb9b46,d3fa4b764e5c1353523b57ae1413dacc,0,0,1083,3048,1083,3048
3351b3c486668098fa8f7db0fcf5e358,fd3b14c84adb54b1ef48a072d923b52d,2156,101,2800,3518,644,3417
e3a6c1021488365f9a52346b3feb9b46,20f239eb080ad59edbbcd70fe766f7c7,1748,0,2800,2862,1052,2862
3351b3c486668098fa8f7db0fcf5e358,0bcc603008c30a0c8545f7fd40c4395f,1994,0,2800,3518,806,3518
ce450a0e9bea4acd2e9efd9ffd282e4a,42a8299d936b6b3c62abb479eb915589,874,0,2012,2701,1138,2701
e3a6c1021488365f9a52346b3feb9b46,d01b89d0ec060a2ecbcd8db1174e37c1,1858,207,2800,2489,942,2282
3351b3c486668098fa8f7db0fcf5e358,0e188b766ff729c0332e3f49599d2796,0,558,675,2445,675,1887
5719e63e448362e02a245939bcf66dc4,478c1a30f5d574d4ffe161a15dffb4fd,1957,609,2800,3518,843,2909
387aa7aa83525008e52e109531fe35fe,8ab5422aeb3e0e4ca42633e70da0508e,0,736,860,2956,860,2220
387aa7aa83525008e52e109531fe35fe,98131e65edd96a955fd4dd13a3281996,1964,435,2800,2714,836,2279
387aa7aa83525008e52e109531fe35fe,19d9dd9f34f4b4cb14d584a38fe02151,0,0,997,3518,997,3518
3351b3c486668098fa8f7db0fcf5e358,0e9481c18a33d55b1fa0a353f53e0d6a,0,0,797,3518,797,3518
e5cedc28df8ff35872dfc7b5227d56a7,c0806a0b50203a995a1b9b0c416d8508,0,461,797,3505,797,3044
91c89103d74a2907bb02c94c5b4581d6,c65974851b8a0c8bbe00cee9c37336dd,0,321,643,2208,643,1887
5719e63e448362e02a245939bcf66dc4,5f0aad18470ae8834a1a26ef05a29590,1972,0,2800,3518,828,3518
387aa7aa83525008e52e109531fe35fe,a251204836e86f9eca510afa7a79d450,1855,0,2800,3518,945,3518
e5cedc28df8ff35872dfc7b5227d56a7,53e1f212083421edc34ac2eb03037ceb,1810,654,2800,2578,990,1924
e5cedc28df8ff35872dfc7b5227d56a7,11839302d97db1924bd1951fe8ab2933,0,0,893,3032,893,3032
5719e63e448362e02a245939bcf66dc4,c8edd9f0d008d776ad644667cf58c1cf,0,441,824,2714,824,2273
90244ee9a41e4c05d1afd1582d248a75,6f4b261f5b22a3c0601973de802baf48,0,0,1298,2812,1298,2812
b5b59d63483b86e84e4287596c873604,536284c8759a06c021d7f80f6b19afe3,0,780,827,2813,827,2033
b5b59d63483b86e84e4287596c873604,3edc12b68e84732754cf627a25509d90,0,0,889,2702,889,2702
b224b1f150e2ab43f68741950a50c19c,39bd72203b613fb49cbd74c7a39425f8,1673,0,2800,2823,1127,2823
e5cedc28df8ff35872dfc7b5227d56a7,6c64c4fa2441175b30982407a253cbe0,1832,0,2800,2922,968,2922
b5b59d63483b86e84e4287596c873604,c2ffbcb2a27867219007ddc10dc515bf,1888,562,2800,2715,912,2153
b5b59d63483b86e84e4287596c873604,7889f60d539fcd08801f272b7b8db689,1793,0,2800,3518,1007,3518
5719e63e448362e02a245939bcf66dc4,13cf2e54a850fa7cbabd2bd5ef424ad6,0,0,909,3518,909,3518
90244ee9a41e4c05d1afd1582d248a75,afc55713095d4add46d4c0086623c849,0,0,1268,2812,1268,2812
b224b1f150e2ab43f68741950a50c19c,00939f7a0c1c324f8314bff9a2bf964c,0,0,1043,2742,1043,2742
1c076967d005482fc5c38b0b244f0766,ae1de1188a1f083d3818303ad4054238,1851,0,2800,3518,949,3518
1c076967d005482fc5c38b0b244f0766,0a52cd35a8d2b5e2897a0e8ac40b7f6b,0,0,1110,2960,1110,2960
1c076967d005482fc5c38b0b244f0766,def924cfd57f7ee23fde596eb02ebbc9,1960,559,2800,3038,840,2479
36d14e8eb70a82b31ef9fec4b52afc54,2b33f8225e0b6c5e79bc07fc96e7e6f6,0,0,951,2437,951,2437
90244ee9a41e4c05d1afd1582d248a75,2ed6dc74b751859bc1f88d5c14cfe24f,799,0,2012,2459,1213,2459
90244ee9a41e4c05d1afd1582d248a75,9621775837b96071527268c6e65e7e90,876,0,2012,2812,1136,2812
36d14e8eb70a82b31ef9fec4b52afc54,09d0e826f41fd76c096f10f58a737a0e,1096,525,2012,2444,916,1919
36d14e8eb70a82b31ef9fec4b52afc54,f8488e1d33137416ddefd3ffe50b74e9,1014,0,2012,2474,998,2474
36d14e8eb70a82b31ef9fec4b52afc54,ad78d392800821e64dd42dee14a39fa6,0,108,898,2049,898,1941
503975f4f83ea7956e10d5f43ed87aef,4efef828cbd9e843c82fd5028389b3ae,0,234,871,2812,871,2578
503975f4f83ea7956e10d5f43ed87aef,3c9664e0f716628a831985585ee68428,1138,0,2012,2452,874,2452
503975f4f83ea7956e10d5f43ed87aef,aed4b68048c0916c081a0731f097ad36,1177,0,2012,2711,835,2711
503975f4f83ea7956e10d5f43ed87aef,f080cbb94257cf0e7549898060822902,0,0,892,2697,892,2697
4ab5adf12be6892f6b7492efc2ffa402,afb66a3dbf7cdbdb2cb77003ff448349,1134,0,2012,2508,878,2508
4ab5adf12be6892f6b7492efc2ffa402,c418451733ce44d241f93f59dd732988,0,0,910,2568,910,2568
4734fa3590084dc21fa0be16ee828e6f,b11e939df1c26b9c337d7424864d6c09,0,563,756,2796,756,2233
4ab5adf12be6892f6b7492efc2ffa402,076cdffedf04b6e807f94661b042523d,0,0,1012,2812,1012,2812
4ab5adf12be6892f6b7492efc2ffa402,802632f3c446e99b46fbf29d8c2c7b24,1161,0,2012,2520,851,2520
92eadb0a7424e7ce5188e55059d4d70f,4fbe68f4f9cf08c91cb3187dfefd0e91,0,0,835,2457,835,2457
4734fa3590084dc21fa0be16ee828e6f,8cfa97ffc3dcd5a717d588e326d2b18d,2029,0,2800,2648,771,2648
1c076967d005482fc5c38b0b244f0766,dac1d61a3a8e28bf26c2b9e88075d5f7,0,297,1215,2742,1215,2445
92eadb0a7424e7ce5188e55059d4d70f,3d0d99b207f05841b79de4207a771666,1882,0,2800,2645,918,2645
4734fa3590084dc21fa0be16ee828e6f,bbc1eb16dc42792b06cae6bf72c04946,1910,0,2800,3518,890,3518
92eadb0a7424e7ce5188e55059d4d70f,b4fecd5e0a37760acafd9362201af7d0,1979,704,2800,3518,821,2814
92eadb0a7424e7ce5188e55059d4d70f,2c9a6137fbd23f89ce9501fda85a79ca,0,480,952,3490,952,3010
cce055b88342c39505b44b9631866261,0b8677b5092e253242edab3ab03f8d9d,1131,0,2012,2337,881,2337
cce055b88342c39505b44b9631866261,b7376c56dcec254deb86cd1831b180b2,0,0,936,2566,936,2566
5d3b8963605d59647c9b374a415fdfc0,59206e708859e9fc8e501b5483ac4ec5,0,709,673,2749,673,2040
cce055b88342c39505b44b9631866261,89a3169ae56a6770ab253e0e8ac44e3d,1049,0,2012,2673,963,2673
5d3b8963605d59647c9b374a415fdfc0,0bca5a77fe3ced142f9782e1a51e940c,2147,0,2800,2490,653,2490
6956d4f214253123c692592ac6b59e80,f1a3349858f633657b46c3fa161598d7,0,833,545,2354,545,1521
5f6e4829dd69b3643277057fc8640aa3,bbe1310b92727a2313d8202042140e01,0,989,688,2794,688,1805
cce055b88342c39505b44b9631866261,ee33f37e7b9c16d3dd6451a887eff029,0,331,999,2506,999,2175
6956d4f214253123c692592ac6b59e80,e83a48d8fe6f89f3043b2bed541ed66a,0,0,555,2011,555,2011
5f6e4829dd69b3643277057fc8640aa3,509310f050909df752c2f63c4ab4f750,1846,506,2606,2403,760,1897
5d3b8963605d59647c9b374a415fdfc0,a80301d4ffabc6ee513c65882a732568,2300,657,2800,2485,500,1828
5f6e4829dd69b3643277057fc8640aa3,2424a42cd4c30fdb50d63a044055b1ee,0,0,814,2493,814,2493
5d3b8963605d59647c9b374a415fdfc0,a4321f207b88319acf004abfcea804fe,0,0,638,2536,638,2536
6956d4f214253123c692592ac6b59e80,38a81b16b887738d4a6ef691c5f67be8,2240,645,2800,2139,560,1494
4734fa3590084dc21fa0be16ee828e6f,510ad26854f3edac2adba95bb19433fe,0,0,897,3518,897,3518
6956d4f214253123c692592ac6b59e80,e1a703ce5034d72e8e03df35cc0ea9c4,2221,0,2800,1998,579,1998
5f6e4829dd69b3643277057fc8640aa3,40bf312ce7f5a9291ccc0dfbe53ba48d,1795,0,2606,2602,811,2602
a02c18ad550874d9e9b9018756e555f4,33b31b89c88f0767716770ea933506d4,1719,494,2800,2722,1081,2228
5ea7e2e43715a328aba6d10a5806bebf,b4fcdc9fa7cb680f40f5aed28d126847,1598,0,2800,3518,1202,3518
a02c18ad550874d9e9b9018756e555f4,845fb953d43e07b2c2cff12156672ede,0,0,1083,3518,1083,3518
5ea7e2e43715a328aba6d10a5806bebf,089670adfdaea1ef4e60b7174c8ecba0,1765,328,2800,2509,1035,2181
44450a2b2ae1634acd55c9028a502b60,a46d597f7ff9099bcb5064d323b9248d,1095,0,2012,2389,917,2389
5ea7e2e43715a328aba6d10a5806bebf,3dcb8b1b0ae8925844843c15e3658c2b,0,657,1115,2964,1115,2307
a02c18ad550874d9e9b9018756e555f4,d72685e0d58da41051852b0f0288ca1f,0,0,1074,2698,1074,2698
a02c18ad550874d9e9b9018756e555f4,cba9bf51b0f189ccb89a5c1470e91a71,1636,0,2800,3518,1164,3518
5ea7e2e43715a328aba6d10a5806bebf,2c4461eaaccf17c5d7a984d77e54c245,0,0,1182,2938,1182,2938
4902b8e286eb1349f4e04cac3fb9f071,45d3aa64429b41bff685d1220b1ec697,0,0,2012,2812,2012,2812
f0677aad26731481bcc723bd3222c035,6dcb216a0585df8b7cbbda32572c72c7,2136,840,2812,2781,676,1941
4902b8e286eb1349f4e04cac3fb9f071,06202e4c8875d1c6ba4d66a46b565157,17,0,2012,2812,1995,2812
44450a2b2ae1634acd55c9028a502b60,dd5a014e10f6d100e79972843cb19f0c,1431,365,2012,2124,581,1759
f0677aad26731481bcc723bd3222c035,dfbff89914b06dd54b045f8dbe6c07b5,2002,0,2812,3218,810,3218
44450a2b2ae1634acd55c9028a502b60,377f2bfca0ca3419bfaf2ae5ba4bc4c4,0,0,822,2697,822,2697
f0677aad26731481bcc723bd3222c035,b168a7d700de2e34518c2f186e9c86c4,0,803,658,2709,658,1906
4902b8e286eb1349f4e04cac3fb9f071,60109eb6dfee4a6bd58b506e69a3fec2,0,0,2012,2812,2012,2812
c1138128ed730e08721d83dcb92fe480,5a6297390441b199473e8f122c55d9d5,2027,509,2800,2654,773,2145
44450a2b2ae1634acd55c9028a502b60,f0738f975a961206e088807d7219aaf2,0,389,624,2141,624,1752
f0677aad26731481bcc723bd3222c035,02b3206d267eb7f354113b0c5365127b,0,0,750,3224,750,3224
c1138128ed730e08721d83dcb92fe480,f8842345e8aaf0ec411d10bcd63d0cdf,0,662,873,2852,873,2190
4902b8e286eb1349f4e04cac3fb9f071,3fd1ff0e5aaa64a7029d1c371a56bec8,0,0,2012,2812,2012,2812
e3e9b6d6bb545994fd28d5a7099928db,01063a8571b3ed30201ea2e220c50d53,0,233,896,2375,896,2142
c1138128ed730e08721d83dcb92fe480,8e86425ac7995fc6d86e79e168fd8226,1853,0,2800,3518,947,3518
bf25f2fdb1fe9d24ef9e0d8d9a81ec66,9199e7892d8f783be365c99d221a0a06,1834,428,2800,2586,966,2158
e3e9b6d6bb545994fd28d5a7099928db,06b5d7f6e869feced16375ad2dbfd4e7,1830,360,2718,2562,888,2202
b234929343f5138610099ebc3205c617,38717d643b3b3bf62de42fcb403ee2c3,0,516,928,2750,928,2234
c1138128ed730e08721d83dcb92fe480,a88ed5f61ffa347b9383ff2196f1ed7d,0,0,938,3518,938,3518
4597eaeb30f7926b274097290b17614e,822a129c3dcb1c3cf065a1c1a78a2bd9,1918,48,2800,3417,882,3369
b234929343f5138610099ebc3205c617,1e115ab9243048ba7c2501ebb31de076,1867,0,2800,3518,933,3518
b74e829f9c648ee5ea4a7a8be0ca39da,d90252f1e88c3f81b3a7f087a65cb6d0,1720,89,2800,2273,1080,2184
b74e829f9c648ee5ea4a7a8be0ca39da,ff03a1d7277b820d36e924a7688c5e43,0,0,970,3209,970,3209
bf25f2fdb1fe9d24ef9e0d8d9a81ec66,428ac22bfb3ae037a516b41f445bde2a,0,548,813,2521,813,1973
bf25f2fdb1fe9d24ef9e0d8d9a81ec66,2ed28515ec706b7e4202b299f5bde824,1767,0,2800,3518,1033,3518
a507a5c7e46164486c7305f49343e710,b9b37ecf1fa87e330cbafa5eea4aa2f9,1778,0,2800,2796,1022,2796
a507a5c7e46164486c7305f49343e710,59b9515bfeaf379bf6355a02e9f547b2,1872,311,2800,2594,928,2283
bf25f2fdb1fe9d24ef9e0d8d9a81ec66,3d72cf5bb758eb4513077567e4a5c3ae,0,0,939,3327,939,3327
a507a5c7e46164486c7305f49343e710,e42cb416fb6f0b93d63bb3e04f6da2cb,0,450,926,3518,926,3068
e3e9b6d6bb545994fd28d5a7099928db,899a271f2c79b2efdf643367878e712d,0,0,1058,2814,1058,2814
4597eaeb30f7926b274097290b17614e,32b9db7dc16352fe27265683c3c49098,0,0,942,2687,942,2687
e09a0c30022e2b8e1fdbe35b98fe7890,bcd63c0a819b4f8f89fdd86121b7172a,0,391,1105,2679,1105,2288
e3e9b6d6bb545994fd28d5a7099928db,944eab848fbfef5019da48d3862b6fe5,1644,0,2750,2941,1106,2941
e09a0c30022e2b8e1fdbe35b98fe7890,492039a01e9f6879d783cb0f388b8f57,1817,481,2800,2681,983,2200
e09a0c30022e2b8e1fdbe35b98fe7890,c3529108097ce4981601a8a70b355d60,1793,0,2800,2633,1007,2633
a507a5c7e46164486c7305f49343e710,1c63611d326bfb324be24e17bc70f920,0,0,1008,3518,1008,3518
4597eaeb30f7926b274097290b17614e,f83884020f07b3b0dc4e22a4c0b2546f,0,291,908,2619,908,2328
e09a0c30022e2b8e1fdbe35b98fe7890,22d47b110704efce8157d07953fc2335,0,0,1182,2461,1182,2461
178971676eb3b07a1f7b2873c1153030,2ec1d0eb33e52faa2b271684ab6f1692,0,479,1002,2658,1002,2179
4597eaeb30f7926b274097290b17614e,523d115f12b6e088c65342106eb40d86,1945,0,2800,2998,855,2998
178971676eb3b07a1f7b2873c1153030,9c64ce469a486b09696101c1b35a4656,1887,0,2800,3518,913,3518
178971676eb3b07a1f7b2873c1153030,ebf3ea87ab87ffb166d04474fbed8c8d,1920,979,2800,3518,880,2539
28605b2b2337d1a4aae65900df2a36ae,ab7c221f970b513ecfd39ea18e3213cb,0,353,631,2378,631,2025
28605b2b2337d1a4aae65900df2a36ae,7f60d95e381e1c38b3f26a385fd1a457,0,0,798,3242,798,3242
b74e829f9c648ee5ea4a7a8be0ca39da,3884418c8cec574b05112b9aced6d5ba,0,449,1029,2836,1029,2387
28605b2b2337d1a4aae65900df2a36ae,4d11b9d3d15d656ddc4313aec9ff6822,2049,258,2800,3490,751,3232
178971676eb3b07a1f7b2873c1153030,3b9a82c7826fcf6b17963f55a20fecff,0,0,972,3518,972,3518
bf4cada39c9b334821765f07779c0a19,e29993cfbd50cbf4d732eae7005c4676,2135,805,2800,2758,665,1953
b74e829f9c648ee5ea4a7a8be0ca39da,1405bcb80334897ca3b761dc57257743,1751,0,2800,3482,1049,3482
bf4cada39c9b334821765f07779c0a19,5322a8732534f47e0f2cfc1c60884892,0,555,718,2764,718,2209
08fcab9ad1ac53121585c1ac27a28b72,4016593a83b327125b0688389b69c960,1222,265,2800,2672,1578,2407
08fcab9ad1ac53121585c1ac27a28b72,be2512b7cda8db8501671e2f40ff24a3,0,526,1398,2955,1398,2429
b0072434b00ba801945491423fb15a7e,b7f59c2b262cbc12b7b4e791a89f0237,0,433,1078,2666,1078,2233
b0072434b00ba801945491423fb15a7e,616f39583c69e2283d2b0031d7fa5131,0,0,1004,2890,1004,2890
bf4cada39c9b334821765f07779c0a19,ed4ba4876326b7950e1c5bb6f6f4454f,2059,0,2800,2447,741,2447
bf4cada39c9b334821765f07779c0a19,d56a0fef5b29930d0a4ca954b9a855e0,0,0,769,2454,769,2454
28605b2b2337d1a4aae65900df2a36ae,03674edf018ba8eef3c2857d1aa3305b,1877,0,2800,3246,923,3246
36e0122565465518748f09e59e02e1a7,86223cff28e3ce078bab34be77d6b311,1234,0,2012,2115,778,2115
08fcab9ad1ac53121585c1ac27a28b72,32b5395f1a3f08ad337b2312df94a726,0,0,1685,3005,1685,3005
36e0122565465518748f09e59e02e1a7,3aa1d2a98e512ed0b595466c619f5bd4,0,0,862,2736,862,2736
36e0122565465518748f09e59e02e1a7,cb94b7ad814e82afffe96a608edc2d90,0,278,624,2101,624,1823
b234929343f5138610099ebc3205c617,66af5fbcf3322a3437e038cf66ffbdf2,1847,672,2800,2917,953,2245
b0072434b00ba801945491423fb15a7e,d3d6ac2416707f5665b875be49fdf802,1774,706,2800,3518,1026,2812
b0072434b00ba801945491423fb15a7e,ce1d976acf133236cc83af8dc97b659d,1795,0,2800,2939,1005,2939
acb2d4895ad0b54fdd2e6752006d2b5f,dadf8e1b9f8cc18531d8239e9e803f3f,1080,0,2012,2477,932,2477
36e0122565465518748f09e59e02e1a7,05061b5281b40f5da0fb870c3d123daa,1167,0,2012,2692,845,2692
acb2d4895ad0b54fdd2e6752006d2b5f,8c09a9450b34d113ab69c74658a2bb67,0,0,1041,2792,1041,2792
acb2d4895ad0b54fdd2e6752006d2b5f,53856b7c2500020db2b34ad621aba933,0,351,926,2741,926,2390
acb2d4895ad0b54fdd2e6752006d2b5f,15e08e3763f8bfe04d9cc73f82c82474,978,0,2012,2689,1034,2689
08fcab9ad1ac53121585c1ac27a28b72,a86b8a93894eaff4486cf56e36d8095b,1093,0,2800,3174,1707,3174
e6d811fe4fa30eaa6bd921e47e300efc,8fb3dbfbdbdf4e69f01be393bae4df57,0,308,1011,2812,1011,2504
e6d811fe4fa30eaa6bd921e47e300efc,6052fecb12bd6eb141ec3a15cc9ad525,1167,422,2012,2434,845,2012
e6d811fe4fa30eaa6bd921e47e300efc,653949af14a446cf0b17a3be949162c1,0,0,1069,2622,1069,2622
0a97f3babe97c14b2f00a1dc247e9ed6,c0282ce3f2f887d0d22c5ef60675bc6a,0,0,1004,2812,1004,2812
0a97f3babe97c14b2f00a1dc247e9ed6,ef1171409ab8efd22dd506cd77a80030,944,0,2012,2795,1068,2795
e6d811fe4fa30eaa6bd921e47e300efc,e6d8c09e5f5aa85136a158075d10a2d0,1119,0,2012,2519,893,2519
0a97f3babe97c14b2f00a1dc247e9ed6,8355e70d9941197bcd9dd0e864595193,0,0,1020,2300,1020,2300
0d3b3e47515635e8da886add0d5511f9,ded802995b4db43ac50e30abd1d6609f,0,204,1025,2435,1025,2231
8a25c49c269a45ae002ad52e9e88dd94,60b497852c88f9655e03bff9793c4371,1023,0,2012,2524,989,2524
0a97f3babe97c14b2f00a1dc247e9ed6,431aa5b4ae1392ffd67694896e7563fa,995,86,2012,2812,1017,2726
0d3b3e47515635e8da886add0d5511f9,72b5d59c10976e711b6d0abc52b6a8ef,0,0,1005,2505,1005,2505
0d3b3e47515635e8da886add0d5511f9,397c00af0e60034eb48b0ae8c531da15,858,163,2012,2385,1154,2222
0d3b3e47515635e8da886add0d5511f9,7909080a6076a6c0089d39718d1d0e69,1021,0,2012,2670,991,2670
7e7fc08a3634b17860d28f24cfc8dc8e,8822455f540f3d35210dfcb0e4aaef50,0,581,906,2629,906,2048
8a25c49c269a45ae002ad52e9e88dd94,d55b8ce6a66f6b8358e63c61dba1d9af,1036,0,2012,2649,976,2649
8a25c49c269a45ae002ad52e9e88dd94,14fef9aa285658ce5d14a963cc9e8c39,0,0,971,2812,971,2812
7e7fc08a3634b17860d28f24cfc8dc8e,8cf7747db8a2840dede162285edb91ee,1946,509,2800,2578,854,2069
7e7fc08a3634b17860d28f24cfc8dc8e,225d234169c01dbc1f59f70b72e3a388,1710,0,2800,2797,1090,2797
7e7fc08a3634b17860d28f24cfc8dc8e,5456556dccb1ebdf0692bada51f00bfe,0,0,1034,2724,1034,2724
b234929343f5138610099ebc3205c617,d1c891f9f07ce74196716a31fcb55f93,0,0,971,3518,971,3518
9c6dee6c1f43231d313ab3c39581bdbc,ac1c23e880c07381863298ce3f97c051,1446,291,2800,2652,1354,2361
dd3d787b490067f2af2bb60700f03980,9f78ba7c7742563a9674b9b6761c6958,0,736,1451,3027,1451,2291
9c6dee6c1f43231d313ab3c39581bdbc,a07ef65695be36559c924372fbbe2dff,0,0,1260,2680,1260,2680
9c6dee6c1f43231d313ab3c39581bdbc,212be3a6e64003fc3c15085e2429f745,0,0,1294,2604,1294,2604
dd3d787b490067f2af2bb60700f03980,c9e42b93b295d32d3d2896d23a25731d,1523,0,2812,2942,1289,2942
dd3d787b490067f2af2bb60700f03980,d12629a1ccd68b8ce0f1f56e4d058be2,1354,296,2812,2597,1458,2301
b01054f10a6e224ee1bb6464f9eb2ed2,aff603e66b5ce47ee1d74070e3f3a6b3,0,0,886,2861,886,2861
dd3d787b490067f2af2bb60700f03980,1a477f8258d741e32d593f413b764625,0,0,1270,3261,1270,3261
9c6dee6c1f43231d313ab3c39581bdbc,0433c111db494f970a6cfb6cb8027f53,1455,0,2800,2759,1345,2759
b01054f10a6e224ee1bb6464f9eb2ed2,7728ea097a19f3a22a9fa0c5bb9815a1,1904,481,2800,2376,896,1895
b01054f10a6e224ee1bb6464f9eb2ed2,f5df5b4910eda646b85c24fe6d86738b,0,529,872,2458,872,1929
b01054f10a6e224ee1bb6464f9eb2ed2,63e191a5f5f4c92b9cb224916003d641,1874,0,2800,2351,926,2351
1351ff7888ccbb4245b409292f9d2d59,5d221484735815043995c2d6fca7b6ba,1945,0,2718,2116,773,2116
1351ff7888ccbb4245b409292f9d2d59,9a899a7a68b68b3967edecfb7eabab1a,0,415,752,2704,752,2289
0795e699d63572ba28899703f3955a24,c5d3f1a938dd21194ef5e228094f37f8,0,0,2012,2812,2012,2812
0795e699d63572ba28899703f3955a24,5dab7133d2fb6ccdc4e183268e9e5688,79,0,2012,2812,1933,2812
1351ff7888ccbb4245b409292f9d2d59,ebd480bb3958ca15340ff77514e77f58,2115,580,2736,2475,621,1895
1351ff7888ccbb4245b409292f9d2d59,20e05e95167f88b60fa314326441f703,0,0,825,3580,825,3580
5b589bc117f7df0665e3592c7e0e8aa3,e7920446816b815e0a28ebb6f672594b,1054,190,2012,2424,958,2234
6a4299c80ff3e5b2597e2093972dcc8c,4e0669969c6155985d137c102ecb5ab2,0,627,764,2467,764,1840
6a4299c80ff3e5b2597e2093972dcc8c,1daa696b539536c9d77643af89e50956,2091,262,2800,2246,709,1984
5b589bc117f7df0665e3592c7e0e8aa3,73e475378095a0debbb605dbb3215659,0,0,1020,2812,1020,2812
5b589bc117f7df0665e3592c7e0e8aa3,e1e7eb95984431832cc3b9c6936de8a1,964,0,2012,2790,1048,2790
b4dafd5cb6e57975c584c97088c3e291,619eda304be7413f0dee2b36bbae4f1b,1959,700,2800,3518,841,2818
6a4299c80ff3e5b2597e2093972dcc8c,2f97f13cf260e5742996b7fdc4b06783,0,0,731,2786,731,2786
0795e699d63572ba28899703f3955a24,107267b4b6fa7a234b66a7705c16471e,0,0,2012,2812,2012,2812
5b589bc117f7df0665e3592c7e0e8aa3,68cb74218db4c0a365747563745f4b74,0,280,904,2527,904,2247
b4dafd5cb6e57975c584c97088c3e291,679aa4cebdfcd2b2f395be57da3ba085,1930,0,2800,3518,870,3518
b4dafd5cb6e57975c584c97088c3e291,7bee6a6a6877762b7a40dcd9878f0e85,0,431,923,2511,923,2080
8a25c49c269a45ae002ad52e9e88dd94,ae706bbd74ea5364195fde67c508c3be,0,0,955,2812,955,2812
0795e699d63572ba28899703f3955a24,242e70f5249caff28ceb192bc7565379,0,0,1974,2812,1974,2812
6a4299c80ff3e5b2597e2093972dcc8c,facc9dcc593710b186aa1e96aec1ef54,2037,0,2800,2525,763,2525
553e66edd391adc5edaa05431566081c,c35f24cb03e08a159dd1428541558992,1952,716,2800,2508,848,1792
553e66edd391adc5edaa05431566081c,9a996c68bb65863586bc0626ca1d1737,0,0,849,2196,849,2196
b4dafd5cb6e57975c584c97088c3e291,f9326c0d08afc3d402d21dd075feed3b,0,0,922,3518,922,3518
843df4148d3ecdcea80c787e37933bf6,204fbe151f01f2a60087cee1e655ac04,1781,0,2800,3432,1019,3432
843df4148d3ecdcea80c787e37933bf6,8fa2078f4e8be471c13cce2c144e86d4,0,361,893,2517,893,2156
843df4148d3ecdcea80c787e37933bf6,db47f492f61c59a05a3feaeb2bd9a33e,0,0,954,3487,954,3487
553e66edd391adc5edaa05431566081c,fa35c367cb95d1c0665e7e92db82e5b5,0,746,895,2669,895,1923
843df4148d3ecdcea80c787e37933bf6,b9dfaf7b1ad6e0bdb3e8177cbe440072,1951,839,2800,2852,849,2013
663ac10a5e6d0cb47d202ad849c9a162,415f99dadf5b29ce04cd743708d4b658,0,750,894,2800,894,2050
663ac10a5e6d0cb47d202ad849c9a162,78c6110298940e7006246d4218f05837,1955,477,2800,2475,845,1998
663ac10a5e6d0cb47d202ad849c9a162,843f1294ad4fa06391da60aea14b7d62,1843,0,2800,3185,957,3185
344b9326ed10fb89d5aaa45e90798164,e7672cb0530fc3dd6dd11985ff8fb97f,2123,692,2800,2638,677,1946
344b9326ed10fb89d5aaa45e90798164,f7363d7b2cf2d3406a60d1d8ecfb65cf,0,278,597,2711,597,2433
1c683f5f6fd82a7da2281d7e2318cd75,9180590304df493db0f5c82dc2b4fc26,1980,461,2800,2238,820,1777
221c72342e4b8be0c280792dc635c4bc,f6f4888ac92ddc6df63e0f42b164be27,0,456,893,2597,893,2141
553e66edd391adc5edaa05431566081c,5f7839705bfd9c77238c5afcdfe39cc7,2039,0,2800,2334,761,2334
663ac10a5e6d0cb47d202ad849c9a162,e98f2c5aec1d91fb31025806f7011939,0,0,906,2415,906,2415
344b9326ed10fb89d5aaa45e90798164,84fb3c2dd5ce5492fc08585d006592e1,1911,0,2800,3518,889,3518
221c72342e4b8be0c280792dc635c4bc,9d74bed8aa15db84c0aedb0df96f448c,1911,0,2800,2324,889,2324
221c72342e4b8be0c280792dc635c4bc,0fe3b245e1769ef4cd9d134f7b62905f,1930,593,2800,2762,870,2169
1c683f5f6fd82a7da2281d7e2318cd75,007b12f42e409a7f4662f29ef39e5f47,1852,0,2800,2595,948,2595
344b9326ed10fb89d5aaa45e90798164,faf8ed51446a932b9f26c2838ebe70a5,0,0,802,2491,802,2491
1c683f5f6fd82a7da2281d7e2318cd75,56a3f85fe4c8640303c695e052823604,0,549,850,2273,850,1724
b08f5e4b7b1af6b271876098e9e1684c,3f15da7fa74547119f81bf37503b14e2,1504,0,2800,2931,1296,2931
a91ed2df4332d43a35257d6fa176ba50,b757b9e841b38f3fb1549e9cc02c6c0e,1681,411,2800,2556,1119,2145
b08f5e4b7b1af6b271876098e9e1684c,209e13004560057b4741969b914c39c8,0,786,1314,3124,1314,2338
a91ed2df4332d43a35257d6fa176ba50,6923852123cb724fd9151c8a9424fe5e,0,550,1091,3518,1091,2968
b08f5e4b7b1af6b271876098e9e1684c,9792f7e8f05e300cba7a4b8da4583932,0,0,1383,2677,1383,2677
b08f5e4b7b1af6b271876098e9e1684c,d64d4f718817e44401c70034cfdb4fda,1499,249,2800,2739,1301,2490
ad14ba6291b85161e54266e89004127e,139179b3572bf8dc5376c771bea8e7a9,1913,0,2800,2408,887,2408
ad14ba6291b85161e54266e89004127e,a8a459693edadaa08cc2ebf56c26b8c7,0,0,953,2862,953,2862
1f5085175c4c88255660cac19310d1ec,113b3d7d59cdf5a3fc10622e1ee8dad6,2105,0,2800,2522,695,2522
ad14ba6291b85161e54266e89004127e,fc9dce677a8004b5fab5d5b88a098f78,0,665,846,2665,846,2000
a91ed2df4332d43a35257d6fa176ba50,9ce5ab88b0dbd00ca0e546721d465ddd,1677,0,2800,2676,1123,2676
c7d4256d3018a2f5b538651bb9c352a1,dcecfee8457b4eba5c3e4eac6049114f,1888,0,2800,3518,912,3518
c7d4256d3018a2f5b538651bb9c352a1,4ceee22b3cd0d241b39abfd68f796804,0,672,822,2812,822,2140
a91ed2df4332d43a35257d6fa176ba50,bcf5c51897ba7db0a2b1a0b82bc5f659,0,0,1184,2580,1184,2580
ad14ba6291b85161e54266e89004127e,ee28fee0d50653da6f8b5953f25daf97,1941,591,2800,2485,859,1894
c7d4256d3018a2f5b538651bb9c352a1,ae36536f37bdbb6d10e9a7743cad0302,1955,735,2800,2661,845,1926
1f5085175c4c88255660cac19310d1ec,e8ecea5b336770a426df5b8ae88a543e,0,850,671,3063,671,2213
b50139131d9ed6d110d361a31d50aa1d,e4f2e5daeff421015d60b8c417497b82,1947,0,2800,2950,853,2950
221c72342e4b8be0c280792dc635c4bc,4b2c67f5aea6483378866ec781822945,0,0,910,2570,910,2570
628e80b5b09976a0859be14006aeec72,ae1aeab90b3eaeec25d62b8eee04320b,0,461,1228,2673,1228,2212
c7d4256d3018a2f5b538651bb9c352a1,12ff9e9b0808faba6cad0266e04315df,0,0,921,2491,921,2491
b50139131d9ed6d110d361a31d50aa1d,a8f4f72017ffe575f905f8cece4cf4cf,0,475,756,2848,756,2373
b3c00c949e5dba771bb225644f667b8a,9e1fc8b0627b409cc3281643023f4b3d,1794,0,2800,2635,1006,2635
628e80b5b09976a0859be14006aeec72,094ead537f6ed7a208bde7b1dd43ffa3,1535,0,2800,2791,1265,2791
636ee997eb69e890d993c18a86846434,15d84573b199a4727cf5b700a1fefe30,1309,113,2800,2973,1491,2860
636ee997eb69e890d993c18a86846434,7a0687b1bea633e0e9138bd580815fdd,0,278,1535,3007,1535,2729
b3c00c949e5dba771bb225644f667b8a,0ea0230273cd82a016b0a7de30d2a0cc,1791,196,2800,2092,1009,1896
b3c00c949e5dba771bb225644f667b8a,32d31b0647cb6b1603d71edb850ec17b,0,406,932,2430,932,2024
628e80b5b09976a0859be14006aeec72,659dce23b03050afe7b266ab36ba5d7b,0,0,1257,3109,1257,3109
b50139131d9ed6d110d361a31d50aa1d,b995969133e14f7c47c035514ad7abf2,2098,423,2800,2464,702,2041
636ee997eb69e890d993c18a86846434,87d76e866783ee3f6b4e812c1d387ef4,0,0,1545,3258,1545,3258
fc8633464bb95b097b5d459e2d8c1b53,7d7b1e33e545230652c234e77367d7bb,0,845,785,2957,785,2112
fc8633464bb95b097b5d459e2d8c1b53,dcc4977758e84ad71326374e342acb46,0,0,843,2799,843,2799
636ee997eb69e890d993c18a86846434,8f23b05786c48a194ec900c4a7f57480,1312,0,2800,3518,1488,3518
1c683f5f6fd82a7da2281d7e2318cd75,21892297f47f1d113241fb5716b12245,0,0,938,2556,938,2556
1f5085175c4c88255660cac19310d1ec,10f686b6a8949402d74ee22cc6e0422e,1831,0,2800,3488,969,3488
1f5085175c4c88255660cac19310d1ec,c0c711584456e239a079ca0dea409571,0,0,935,3501,935,3501
943aff41579c97e654e42aa301bdfcf9,f26976eabf13630c6aa0822510873cf4,0,672,958,2901,958,2229
943aff41579c97e654e42aa301bdfcf9,cc5f5f4e3dd97ce196d5442f20e8f787,1743,452,2800,2590,1057,2138
943aff41579c97e654e42aa301bdfcf9,a9818668e8e4eeda084f20e3ac10bc52,0,0,1061,3518,1061,3518
2a2f500fb8edfd73f32cb8b4c5dfc860,900beae60194ff04165ae847794410a8,1915,606,2800,2571,885,1965
b50139131d9ed6d110d361a31d50aa1d,1f9a4b9ed9d03a36f19c28ea78d8bb7a,0,0,884,2650,884,2650
628e80b5b09976a0859be14006aeec72,69654e22a33e3675540b2478c316748e,1557,487,2800,2773,1243,2286
943aff41579c97e654e42aa301bdfcf9,d9eed9a6ead6995ebbf7ec064605dd7b,1674,0,2800,3518,1126,3518
fc8633464bb95b097b5d459e2d8c1b53,bbc4e93b97e430d887682248411018ba,1955,0,2800,2800,845,2800
fc8633464bb95b097b5d459e2d8c1b53,d9ff793719e30ab27def07ca6a15169e,1952,463,2800,2850,848,2387
2a2f500fb8edfd73f32cb8b4c5dfc860,034d4806fba1ea27cb26a890364a30ce,0,0,845,2302,845,2302
4447473dc029577d8da013653adcc1a6,72eeff518f8322c7cf782c436e579e30,1955,576,2800,2816,845,2240
1b80ad5fe37ce4b91436a8e8578f9944,9aff288a5c9b1333f01db700728b4620,0,0,1302,2235,1302,2235
1b80ad5fe37ce4b91436a8e8578f9944,ea98bdaa34e9a2956175c5e2e11b5a6c,797,0,2012,2812,1215,2812
1b80ad5fe37ce4b91436a8e8578f9944,9b63ada8e10bd16565d027a38c01fb4f,0,0,1260,2200,1260,2200
1b80ad5fe37ce4b91436a8e8578f9944,633bbac613ad0672d8695f4638c018b5,804,70,2012,2527,1208,2457
4447473dc029577d8da013653adcc1a6,0bec1ffa92969959ec36590c50f1094e,0,180,879,2699,879,2519
4447473dc029577d8da013653adcc1a6,d977de6996acad9ebb7069082b0586d4,1271,0,2800,3518,1529,3518
0b20c7eb260e9b8ee0acc56628dabb4f,896c50471015a4429a00f9063a592a6e,1961,409,2800,3518,839,3109
2a2f500fb8edfd73f32cb8b4c5dfc860,47d025a81ac6097ecd5536fd0df56b9d,1903,0,2800,2313,897,2313
0b20c7eb260e9b8ee0acc56628dabb4f,c51264663f78b3bc3bfd0519103004e0,0,547,852,3518,852,2971
9b38a2ad9199e128f27ec3baff097ed0,a68c6784d18934eba3ef09ec8459911b,1904,728,2812,2838,908,2110
2a2f500fb8edfd73f32cb8b4c5dfc860,0a54e0e9fb46c39b3dba75eee808762c,0,925,866,2995,866,2070
0b20c7eb260e9b8ee0acc56628dabb4f,ecd1b074c44c34f68c3624e198e820ef,0,0,784,2806,784,2806
b3c00c949e5dba771bb225644f667b8a,b38300c0d70ef9590d6bcb72abf4e612,0,0,891,2367,891,2367
9b38a2ad9199e128f27ec3baff097ed0,700d65782e684be66b823b388366620e,0,393,854,3580,854,3187
0b20c7eb260e9b8ee0acc56628dabb4f,6ec740ddd8783dce85024f80c4a8b013,2076,0,2800,2554,724,2554
4447473dc029577d8da013653adcc1a6,f3a150b683bafc9fe69859d28b2086b4,0,0,1407,3518,1407,3518
9b38a2ad9199e128f27ec3baff097ed0,85939e3cfdb707f342917c1f56a56306,0,0,1018,3447,1018,3447
5fd640da7cae8113984d0e92e8f675bb,d767e54c539b8ebde14c179d98e03f1b,0,256,938,2793,938,2537
ccdf52c58e06f66b11beaf679d981c5b,a27c48813f3f089bf2cf599d8224ab3b,0,467,813,2662,813,2195
ccdf52c58e06f66b11beaf679d981c5b,bfe6d2fc663a7bced8f246346446a89e,0,0,752,3518,752,3518
c8ef3d6402a98ec26ff9b7be0270fb00,34326d70ac89c99b3f14352ff3546c66,1819,0,2800,2679,981,2679
ccdf52c58e06f66b11beaf679d981c5b,8a42e30dd14785c0e1a4d6573c3e0b3b,2021,553,2800,2585,779,2032
5fd640da7cae8113984d0e92e8f675bb,bad480011e5b007dd467b2a660326719,0,0,992,2832,992,2832
5fd640da7cae8113984d0e92e8f675bb,5b2329b5234b56331a01e37da469cf04,1974,444,2800,2833,826,2389
9b38a2ad9199e128f27ec3baff097ed0,9c1c76598f79d61d6e34cd251369d3f3,1811,0,2812,3580,1001,3580
ccdf52c58e06f66b11beaf679d981c5b,0d90d92305b07bf4761e3316e1de134e,1968,0,2800,3518,832,3518
5fd640da7cae8113984d0e92e8f675bb,69d3a2c793474ffbf42685aae3d193bd,1861,0,2800,2771,939,2771
c8ef3d6402a98ec26ff9b7be0270fb00,ba6ca263b456f468dcc223d10e8ca6d2,0,903,1141,2954,1141,2051
c8ef3d6402a98ec26ff9b7be0270fb00,98b0bd16b44409d287563b9459bcca34,0,0,1077,2651,1077,2651
c8ef3d6402a98ec26ff9b7be0270fb00,5483556be3f234ad13531f6493188456,1692,209,2800,2550,1108,2341
1554f0c84693c6d16d3a96c0e90a2b0d,d634428b990818336dc6fb0d0435b753,0,103,1439,2506,1439,2403
1554f0c84693c6d16d3a96c0e90a2b0d,667d6782359e6b510d48f068ffb9ff91,0,0,1379,2957,1379,2957
230455d2f7cba41213ee6c786f259521,af180f8f7c44e2a5e060e7ea01772fb3,0,0,941,2715,941,2715
1554f0c84693c6d16d3a96c0e90a2b0d,5f8aab2be4d659726ca06a5963a546fb,1611,0,2800,2900,1189,2900
1554f0c84693c6d16d3a96c0e90a2b0d,0aceb67664b0d5d96e2d23477217f0c3,1500,589,2800,2936,1300,2347
b3383a2e469e9cbea69059877482f6ea,1390c8bebfae420451ecabd5f3ffffde,1739,0,2800,3518,1061,3518
0b9875f4369da497bc07da1d0c5ebf73,ffc236b3696f4fdf67a544080dba5428,1946,0,2800,2597,854,2597
230455d2f7cba41213ee6c786f259521,88807858647b9ec4c845d643b6328967,0,0,979,3518,979,3518
0b9875f4369da497bc07da1d0c5ebf73,3599d0373da40ae2231ba03cd74ab9d1,2022,528,2800,3518,778,2990
230455d2f7cba41213ee6c786f259521,0ab3069be9e0d01033c2614359ed52c9,1929,0,2800,2717,871,2717
0b9875f4369da497bc07da1d0c5ebf73,147e692257c544e41a2a3e295afb1e04,0,0,854,2479,854,2479
709b700db86cc93301a3fc09ff4ebdb1,c7889cabec31122f348c751fdb044616,1806,360,2800,3472,994,3112
ac1faa907858209d7dde7ed33b9ab255,0af3147d2d92caec969ec623afa8b1eb,1948,454,2800,2424,852,1970
ac1faa907858209d7dde7ed33b9ab255,3fd404f86c082f9227366453826db047,0,0,861,2321,861,2321
230455d2f7cba41213ee6c786f259521,ea340ef4bb38d92084f211d4fac2c24c,1899,0,2800,3518,901,3518
ac1faa907858209d7dde7ed33b9ab255,3c01d4f02beca81f4c759012b8623ff6,0,704,851,2724,851,2020
709b700db86cc93301a3fc09ff4ebdb1,244a9f0dc5fc54d338163b2454dcf031,0,0,998,2550,998,2550
0b9875f4369da497bc07da1d0c5ebf73,da6242587ab78f64b3de81ccea5d6cd1,0,275,794,2610,794,2335
709b700db86cc93301a3fc09ff4ebdb1,03cc93a37e73fc538bfde4c4de4d6dd1,1850,0,2800,3518,950,3518
709b700db86cc93301a3fc09ff4ebdb1,21881af50e9738426b98ec9e91798031,0,348,1030,2874,1030,2526
b3383a2e469e9cbea69059877482f6ea,2a6d12f4b56d1ca9d6874156cce627d5,0,379,960,3518,960,3139
b3383a2e469e9cbea69059877482f6ea,a2ea8ab493740b85fb79710150394ae2,0,0,1022,3518,1022,3518
b3383a2e469e9cbea69059877482f6ea,5dcb759582378cb2205b6ee209abb3cd,1841,846,2800,3518,959,2672
b88c506cf8016591ff7aede006a72087,d60f8fbe3643fe05795f293055af4386,0,0,831,2756,831,2756
b88c506cf8016591ff7aede006a72087,39f7d9c9e0be8dc85bc8420294aea5b7,2068,0,2800,2589,732,2589
ac1faa907858209d7dde7ed33b9ab255,96aabe16d336b688d13c145e1cbdf78c,1944,0,2800,2554,856,2554
ffe7a45f8390f242db3b843762a4a7aa,3d9c7d682f61c06ecc14a9c17a14ab32,0,0,1146,3518,1146,3518
b88c506cf8016591ff7aede006a72087,9c8fef042d09b5a4dc71fb6e6815eebe,0,650,701,2383,701,1733
b88c506cf8016591ff7aede006a72087,5e7cd221415ca65ff7f66b8e247c40f7,2129,909,2800,2652,671,1743
ffe7a45f8390f242db3b843762a4a7aa,a96fa10911477260b7758a2dbe69bc99,1548,0,2800,3518,1252,3518
ffe7a45f8390f242db3b843762a4a7aa,d2f6630d1b13d6af9d2563b11293f0f3,1616,164,2800,3518,1184,3354
0ee34ac1efa1fe8829e6a6b8968fbbcc,26a3441e8cc292e192ae1a6bc2a797a4,2019,299,2800,2483,781,2184
274d19507b3ae84abe727628f094e897,299da35ad813ee94130dd57a9b5e986a,1669,179,2800,3518,1131,3339
274d19507b3ae84abe727628f094e897,3663105595aa939dc10c3521c6a4b8b6,0,0,1103,3518,1103,3518
0ee34ac1efa1fe8829e6a6b8968fbbcc,ac0f58c8690f16fe4dcd300bb3e7ee0b,1945,0,2800,3502,855,3502
709ecc90dad40571fd26e3270de97966,f4148e1f2c31d89196e03761e4c23315,2051,0,2800,2429,749,2429
709ecc90dad40571fd26e3270de97966,b6f9d80f37df24ea143b27652294376a,0,226,787,2561,787,2335
274d19507b3ae84abe727628f094e897,0b25631e4c37dcbbc8e852ec889fc893,0,750,1124,3518,1124,2768
e2f4a2c0e4f848755f17ca3bd7908e84,6fdc7e3731a64faae13d8cc20fd4530c,1828,778,2621,2698,793,1920
0ee34ac1efa1fe8829e6a6b8968fbbcc,76d822d9eb69da03b3b7b6bd7f12d9b2,0,388,797,3492,797,3104
709ecc90dad40571fd26e3270de97966,7b4c49df3519dbc85a0f0c51a779e675,0,0,852,3518,852,3518
fd4e6fb75270a0c651291f18bec7f2f3,f1ae7df818bcfa5d26f9620996a28717,1841,195,2800,2642,959,2447
e2f4a2c0e4f848755f17ca3bd7908e84,7d6ffd0d4ed13d22be6b629917b3c171,0,849,724,2814,724,1965
c71ee7cb415e62403883b9a56c525167,b4c4cabf3081be940f77ebab48e9b71c,0,442,1078,2851,1078,2409
ffe7a45f8390f242db3b843762a4a7aa,f726bfd1a19108301f5bd41e86e2833a,0,0,1241,3442,1241,3442
700591826735d4f5c6fa349682a996e9,2e85829d774f38f45a2b98f7cf291764,1805,536,2800,2549,995,2013
e2f4a2c0e4f848755f17ca3bd7908e84,fd0048a199052e9f99c274903df687ad,1927,0,2730,3366,803,3366
f4ebffd32951c28079a13be22815f602,d4d3c1cd50c715e9546e80c42d73fd41,0,0,1022,3443,1022,3443
700591826735d4f5c6fa349682a996e9,613eebe4b0444e5e0c29f01f7e9476c8,0,750,985,2787,985,2037
f4ebffd32951c28079a13be22815f602,b36dc28c1d4668a643a7d5edc1ccbc5d,1774,445,2800,2618,1026,2173
c71ee7cb415e62403883b9a56c525167,c35f1a3e94b48914e32014cfff0d6488,0,0,1013,3518,1013,3518
cc595bc78d94994334894adfc346f20c,07b2024abd4c990fda9965c298711a08,0,0,1192,2812,1192,2812
f4ebffd32951c28079a13be22815f602,233ca7084a75a79608f0225653bf0d83,1756,0,2800,3518,1044,3518
709ecc90dad40571fd26e3270de97966,b6f1e05b3f5da14ffa7df86d7586cc17,2004,0,2800,3518,796,3518
c71ee7cb415e62403883b9a56c525167,8d5ef447a05f3e38953ddbe860b2abd7,1630,0,2800,3518,1170,3518
e2f4a2c0e4f848755f17ca3bd7908e84,9a4f9e216d24229023ac3dbef3bbca90,0,0,865,3388,865,3388
700591826735d4f5c6fa349682a996e9,088f14da00600806c5fbcee17fecb28b,1845,0,2800,2884,955,2884
1e900511a402a6b580ad4eec03ce872f,371eea5c60f5a80dcb6b20d333c4fb30,2097,321,2800,2580,703,2259
f4ebffd32951c28079a13be22815f602,1d90d4c32edf8d9745236dc94964644f,0,397,1024,2569,1024,2172
cc595bc78d94994334894adfc346f20c,5ad4c26b713577065c7dd11d9544e633,0,0,1083,2812,1083,2812
700591826735d4f5c6fa349682a996e9,e1f6061cfba785bd030dbbe673787955,0,0,945,2437,945,2437
1e900511a402a6b580ad4eec03ce872f,5ab4cd90f6b967c1ec64fb33d5ed7350,0,0,793,3518,793,3518
c71ee7cb415e62403883b9a56c525167,a02d4501f60e8d369fdc2a85157dd361,1585,358,2800,2782,1215,2424
cc595bc78d94994334894adfc346f20c,a609b33a6635042405d709a6b5909b94,977,0,2012,2812,1035,2812
a8e38c18d8ffa0f106b2877333d48a9d,4cbf0979adc13d57fddf343afd38bda6,1952,0,2800,2820,848,2820
a8e38c18d8ffa0f106b2877333d48a9d,86862bdf36a02975306351e7247cf65b,1939,512,2800,3518,861,3006
1e900511a402a6b580ad4eec03ce872f,030b7a88244a1570d5ee47a32761ed2d,0,697,677,3133,677,2436
a8e38c18d8ffa0f106b2877333d48a9d,0167c34bcb266fa1145eb086ad4f0cd7,0,864,942,3518,942,2654
0ee34ac1efa1fe8829e6a6b8968fbbcc,986fdcc8f554f123946fc54d0513e7cf,0,0,865,3518,865,3518
274d19507b3ae84abe727628f094e897,f6da27555205fa7835bf942947086035,1621,0,2800,3518,1179,3518
1e900511a402a6b580ad4eec03ce872f,4e27ac8e4a47bd4f7a91b92292da09c6,1922,0,2800,2727,878,2727
cc595bc78d94994334894adfc346f20c,bcdac39a1c4a12250b7f36d5ee2bde1e,841,129,2012,2812,1171,2683
a8e38c18d8ffa0f106b2877333d48a9d,325f01ccdea41ea6ce1a78e35db67bd3,0,0,891,2885,891,2885
4ccad6b7e7b7a4e492b0fd56b5bef883,1371cabdfe2afcbe30cf48047395c641,0,234,941,2805,941,2571
e1ee8f4c7ef27f6f86795ff64bc6e05d,b217621c50a0f3114843a4395e642095,2231,426,2800,2227,569,1801
4ccad6b7e7b7a4e492b0fd56b5bef883,00f9c8111bc603eab25e552b7cb60cc6,1668,0,2812,2855,1144,2855
e1ee8f4c7ef27f6f86795ff64bc6e05d,37cce342d06accd0556de9c8c3f6e524,2114,0,2800,3044,686,3044
fd4e6fb75270a0c651291f18bec7f2f3,5ecdbedcc0a816c910492af08012274d,1723,0,2800,3518,1077,3518
e1ee8f4c7ef27f6f86795ff64bc6e05d,133cc7d72440e0559109d8b5ae06a6f5,0,641,661,2512,661,1871
e1ee8f4c7ef27f6f86795ff64bc6e05d,cb6d974d219b2256abae660867c7cd12,0,0,803,3327,803,3327
4ccad6b7e7b7a4e492b0fd56b5bef883,872b251ec1ea2991112bb9f3651f02eb,1964,769,2812,2975,848,2206
4ccad6b7e7b7a4e492b0fd56b5bef883,875cf45e7952e6bd9b2ef7ed0df5259f,0,0,1018,3580,1018,3580
989c6146c38dee027fc00b6becfea4d9,c5a9d88a8d1dde903a30711fe79df504,1717,0,2800,2833,1083,2833
fec24fc856a790a7fdff5a9f7d448157,978adc1e6bbf91085e5828cbfdd32376,0,537,501,2413,501,1876
fec24fc856a790a7fdff5a9f7d448157,43f6f518cd0086b1d37ef1f62ab80aca,2313,740,2800,2519,487,1779
fec24fc856a790a7fdff5a9f7d448157,6cefa77db30feaebbede3090f1045829,2161,0,2800,3146,639,3146
fec24fc856a790a7fdff5a9f7d448157,edfdb9f174ffe340f97cf1d806df8748,0,0,593,3399,593,3399
989c6146c38dee027fc00b6becfea4d9,361ceb0790f0e3414b4315b805a008d4,1727,500,2800,2592,1073,2092
989c6146c38dee027fc00b6becfea4d9,7e7e0bd151372bfed723824c37df99ea,0,0,1161,2764,1161,2764
fd4e6fb75270a0c651291f18bec7f2f3,c019033c375f0e6c3a49af32d3dd99fa,0,770,871,3062,871,2292
7fa92fe99afa3c1ef30affa7e360bfe6,9b74f6edb52ada8255cfc8ba6e858e55,1745,0,2800,2861,1055,2861
17cd51bc812142ef4b6283815cfef4eb,f76db36e20a82dce22e6cd3a228a631a,0,0,866,2593,866,2593
989c6146c38dee027fc00b6becfea4d9,77b05aec62331e54dd308f4a37c33678,0,657,1173,2745,1173,2088
fd4e6fb75270a0c651291f18bec7f2f3,e39d6b98d24cf31ee4b761dc4fc0ab42,0,0,987,2896,987,2896
17cd51bc812142ef4b6283815cfef4eb,e13c73eca43fa23a0d49a06a39d067c0,1921,495,2800,2458,879,1963
7fa92fe99afa3c1ef30affa7e360bfe6,b9279a6d3354ae4412cd516419e1b305,1833,493,2800,2577,967,2084
17cd51bc812142ef4b6283815cfef4eb,98fa6180beb80463f8bbdb748ae33ab8,1918,0,2800,2568,882,2568
17cd51bc812142ef4b6283815cfef4eb,d0dce31e4cd69d8ff821cad9e338a29e,0,559,933,2606,933,2047
b9a88b5686e36f2f3ce7726179ee9367,970bd54e7756017c16543b9455f844ca,0,0,992,2383,992,2383
b9a88b5686e36f2f3ce7726179ee9367,6332549495d1178f7df6688fcec93ae7,0,0,1010,2812,1010,2812
684937efecd3be7a9da628d7ce8b5c20,499d1a6fb19120fafc58ba47bc406b26,0,932,1238,3518,1238,2586
7fa92fe99afa3c1ef30affa7e360bfe6,753d4c53fc480e27c2c6e44f8f772f45,0,489,1042,2666,1042,2177
684937efecd3be7a9da628d7ce8b5c20,1e39267f787a77235b064b14b5d0f8f9,1647,0,2800,2408,1153,2408
684937efecd3be7a9da628d7ce8b5c20,db22c9671265206a6c37e202291909cb,0,0,1251,2248,1251,2248
b9a88b5686e36f2f3ce7726179ee9367,3869b56e343c6983e177534cc4b11675,969,0,2012,2812,1043,2812
b04210d599746a62bc376086cbfe8e07,30c5bf63495a52cf0df6c98704522a28,0,167,1117,2468,1117,2301
b04210d599746a62bc376086cbfe8e07,e092f77e240eb9bac01c7988ed5ba4d0,1599,0,2800,2755,1201,2755
42a745c59d546764318a55d2fcbb1b36,5032029defe23e4ecdb8e3d9f20bd948,1696,492,2800,2712,1104,2220
b9a88b5686e36f2f3ce7726179ee9367,b861899aabe21425d1f4610f53667d24,983,0,2012,2430,1029,2430
684937efecd3be7a9da628d7ce8b5c20,562a363355ad98fe8df04d49fc31ca89,1581,702,2800,2958,1219,2256
b04210d599746a62bc376086cbfe8e07,db3072668c29ee53bd01db816cac4bf0,1743,594,2800,2870,1057,2276
b04210d599746a62bc376086cbfe8e07,698f255b2b64d37e0cf9af17bc9f68ba,0,0,1236,2695,1236,2695
7fa92fe99afa3c1ef30affa7e360bfe6,e33042fdc56b214e3c800aea4fb604d5,0,0,1077,2782,1077,2782
42a745c59d546764318a55d2fcbb1b36,fd3c4b329ee2cf2930d2035024f04966,0,485,1102,2771,1102,2286
d730411518a674283003cb274d0f70a7,e1ddf0878fc9c30248f812dfbf130de9,1631,306,2800,3518,1169,3212
81510eefdcbf69853e19931b57447d76,815a070d1c4e3ef56eff63c70dab5dfb,0,0,1312,2812,1312,2812
c4e07fbe9880fe436ec4138da3983840,c2914a2e7c83de0ee21991f4fdeeb0c7,2029,723,2800,2692,771,1969
d730411518a674283003cb274d0f70a7,3dd3d8a7366da60a2b79f7809af2f506,1687,0,2800,2590,1113,2590
c9dd7776a1d8a691750b080f209bba60,47ebbc73f0c82c1245b333887b657965,0,638,926,2634,926,1996
c4e07fbe9880fe436ec4138da3983840,26f5cba191388f173256396bd2d10625,0,0,956,3518,956,3518
c4e07fbe9880fe436ec4138da3983840,69d6d4ffa68fa988d253ce796a181340,0,885,934,2858,934,1973
c9dd7776a1d8a691750b080f209bba60,cb00c9e7738dd21729656fd214b8ee48,1841,342,2800,2472,959,2130
c9dd7776a1d8a691750b080f209bba60,bdb134d32da99a32c4728758575478dc,1795,0,2800,2518,1005,2518
42a745c59d546764318a55d2fcbb1b36,88d523fb7c0237642df83d0d84c94b72,1805,0,2800,2755,995,2755
81510eefdcbf69853e19931b57447d76,ece3021eaa17341d8ad9f92fa11e1167,851,33,2012,2307,1161,2274
c9dd7776a1d8a691750b080f209bba60,92c9a0077ebc7d3566a6a3b16abb7a6a,0,0,976,2519,976,2519
d730411518a674283003cb274d0f70a7,256ad21845b23a844d1c9d7dc812f1ea,0,456,1151,3518,1151,3062
c4e07fbe9880fe436ec4138da3983840,2c72e37a9f86092508ba95d6053f3803,1961,0,2800,3518,839,3518
81510eefdcbf69853e19931b57447d76,4f7f67a798fdc2b0b0510a7143ab9a6b,0,106,1290,2348,1290,2242
42a745c59d546764318a55d2fcbb1b36,4e5c833456edaed6a5e440eac3cf3781,0,0,1114,2555,1114,2555
d730411518a674283003cb274d0f70a7,0ba34a71ff670c1aba19b7dd63a58fc3,0,0,1139,3137,1139,3137
d7db6351605691cd84b404ab7c9cff32,5eb017ff42e9cf4681d87f312c23728c,870,139,2012,2812,1142,2673
d7db6351605691cd84b404ab7c9cff32,4f377fb1b7d19d063c2c427da58b211d,0,403,1027,2812,1027,2409
4d58a37bb0820da8a02085a2aebb14aa,71a87f0aeb9ba3b6a4e2688e91ca4e91,1797,780,2800,3518,1003,2738
4d58a37bb0820da8a02085a2aebb14aa,029bce64717d6abfa8b91da845e2369e,0,629,993,2914,993,2285
81510eefdcbf69853e19931b57447d76,6e99fb299dbe23f7442785ed871f0755,782,0,2012,2812,1230,2812
d7db6351605691cd84b404ab7c9cff32,fab8a0a3b961102ae23f6023a6e4d78d,803,0,2012,2747,1209,2747
4d58a37bb0820da8a02085a2aebb14aa,8b0cfc0e0cbcd3b76c832565953f1505,0,0,1065,3518,1065,3518
d7db6351605691cd84b404ab7c9cff32,d607b42d3624f4492851942e22f241c6,0,0,1177,2677,1177,2677
4d58a37bb0820da8a02085a2aebb14aa,bfa8fae929dd4eb30aa2bda91a8e1a06,1766,0,2800,3518,1034,3518
d318f61543f89c5bd892db51561b498c,d947bcb3898444c9c2d43fea4cde3981,1869,0,2750,3580,881,3580
d318f61543f89c5bd892db51561b498c,4a67ee19a7dd92b53899f020f4dfd2da,1821,323,2638,2604,817,2281
d318f61543f89c5bd892db51561b498c,2cbc958d02aef84dc63e210e2ed810a2,0,0,941,2440,941,2440
d318f61543f89c5bd892db51561b498c,8232ae0381c9a7b4107af2b3f25d9f0a,0,485,802,2759,802,2274
85a6e5ece143c0b8ac18be69a7d7e289,de16e40eb2e45dee3022eb59352f135b,0,511,807,2613,807,2102
85a6e5ece143c0b8ac18be69a7d7e289,f9265d43de39d23e8e43af5d6a18fb1a,0,0,924,3518,924,3518
85a6e5ece143c0b8ac18be69a7d7e289,8fec8d8cfbc806f6e71f878abc661d8a,2036,402,2800,2527,764,2125
87b84738eceba8e9c2238deba526429c,cb9cba52bc0a6d1e4c2b9c32c83fe195,0,711,823,2650,823,1939
85a6e5ece143c0b8ac18be69a7d7e289,af50c8501289a86d8032f986809cf882,1881,0,2800,3518,919,3518
87b84738eceba8e9c2238deba526429c,80ad044707a0475bb4b48f542c9fdd32,2082,713,2800,2707,718,1994
87b84738eceba8e9c2238deba526429c,4912ce2b27648bfe570c628ec7ecb9a0,0,0,879,2535,879,2535
87b84738eceba8e9c2238deba526429c,02f879224aa9f2b6122fadbe78c7e49f,1945,0,2800,2649,855,2649
1c41d5f075f0291af7f33545704df750,a08fcff268ed16f6008b179b4d7368fe,2059,650,2800,3518,741,2868
3ebf739cf46f2ff6484052e12edc13a9,7757f5c14764fca2b164cf97b9f86308,0,714,959,3015,959,2301
3772748b75f177b314c05cc380cc5dc9,bf4371d53b0b7f0c88048414394e5db3,0,0,1041,2961,1041,2961
1c41d5f075f0291af7f33545704df750,02f7f32175f329caa5948823a1dbdff8,0,469,678,2648,678,2179
6691601fba2d3233547361585c21fdde,b5960f76ad82e045f30f935dbeb7aa71,631,0,2012,2812,1381,2812
3772748b75f177b314c05cc380cc5dc9,912845d17637db1d19b86d82a009541c,1793,159,2800,2473,1007,2314
2ed722a04e4ebfcaafacd9926fc7d26d,b39478b74e998960c535c337a6498f71,1834,536,2800,3518,966,2982
1c41d5f075f0291af7f33545704df750,683abf5002cb766e0d5430fbb25c2b1e,1973,0,2800,3518,827,3518
3ebf739cf46f2ff6484052e12edc13a9,6959196e2c17ec84b197271436a477aa,1805,259,2800,2604,995,2345
6691601fba2d3233547361585c21fdde,3b3623000697c9c90501d71b68e41c8f,0,0,1440,2812,1440,2812
1c41d5f075f0291af7f33545704df750,da95bf62fb954cb128bdf24753b9617c,0,0,867,3477,867,3477
2ed722a04e4ebfcaafacd9926fc7d26d,4af2f0e502f2bdfa0a18e4e0bf5a8815,0,553,863,2681,863,2128
d9a7665f847ad88014bdd598da58d214,0393b674579c2e09529b55deec60166b,0,170,721,3268,721,3098
d9a7665f847ad88014bdd598da58d214,464737bc67529dfa0c364173fab35353,1931,0,2800,3518,869,3518
b6cc69e06a25377900f4d4afefbc4019,898dc7e38632721f8dbc7a6fd0731b79,1334,473,2012,2266,678,1793
2ed722a04e4ebfcaafacd9926fc7d26d,14a013cde2369b63c06987ef82048574,1724,0,2800,2734,1076,2734
b2723324863e5050529dea6c9de4911a,d1760024ddfef608ef86d832b6921c2c,0,716,763,2568,763,1852
3772748b75f177b314c05cc380cc5dc9,672298198839eafaf9b006cc9778c650,0,581,939,2704,939,2123
3ebf739cf46f2ff6484052e12edc13a9,50d1517430f0a7e97b984787965cd6fa,1794,0,2800,3070,1006,3070
b6cc69e06a25377900f4d4afefbc4019,1e663cd20ecf71b1ea855965ff71dac8,0,708,676,2550,676,1842
d9a7665f847ad88014bdd598da58d214,e4b6566a54ff05fcbfe8a907c975c5e4,0,0,814,2950,814,2950
6691601fba2d3233547361585c21fdde,8efe47a5886e178ac50a62f6bbf3e784,551,34,2012,2672,1461,2638
b6cc69e06a25377900f4d4afefbc4019,bc4327242656da9665c87f74a0669469,1240,0,2012,2477,772,2477
6691601fba2d3233547361585c21fdde,9cd3302498c855aa589df212b12524da,0,0,1543,2812,1543,2812
b6cc69e06a25377900f4d4afefbc4019,33e09329292305dcb0495cd24e4e934d,0,0,834,2455,834,2455
d9a7665f847ad88014bdd598da58d214,1139555c5f621a3166769dc6e19c5003,2029,0,2800,2650,771,2650
3772748b75f177b314c05cc380cc5dc9,367a90d665e365b4fa755d39a7e3e6c9,1746,0,2800,3518,1054,3518
3ebf739cf46f2ff6484052e12edc13a9,6d1331c90371cfc8b783a045f3d5c56c,0,0,1014,2832,1014,2832
d1d18ce9cabc82332904ce8f28ba08e5,51ac83a6b1dd6b8deaba504a83393d46,0,275,1189,3518,1189,3243
d1d18ce9cabc82332904ce8f28ba08e5,c9a8e16bf30d95d10113b0359ccb0a7c,1477,237,2800,3518,1323,3281
bdc3d6e00e51ee085511f26826b2214f,b5c9e8b004763659800716d2a32a2225,1939,608,2800,2608,861,2000
2ed722a04e4ebfcaafacd9926fc7d26d,23f14716adc786a09aba5f93d51a8c2e,0,0,917,2717,917,2717
d1d18ce9cabc82332904ce8f28ba08e5,8a507c659880d4a84cf3a6f2ef18520b,0,0,1256,3518,1256,3518
b2723324863e5050529dea6c9de4911a,2b0aac49dcaffd68766d66075253d452,2058,550,2800,2620,742,2070
b2723324863e5050529dea6c9de4911a,35cdd617dec6b0831bc5fc65eb0acfb4,0,0,816,3518,816,3518
d1d18ce9cabc82332904ce8f28ba08e5,09c82072fb932b45003f19ec3a938972,1444,0,2800,3518,1356,3518
bdc3d6e00e51ee085511f26826b2214f,78486f7587547a8f4e66d62e510834ea,0,0,849,2561,849,2561
bdc3d6e00e51ee085511f26826b2214f,e7f43663718f379fb73fe395ae572c6e,0,735,886,2740,886,2005
a11602b444d0d8711601156613b77df3,e9a3720cbab31aea6cc322969addb127,0,0,906,3518,906,3518
a11602b444d0d8711601156613b77df3,c8873b7af1c104a42ee1afe3d6d3232c,1929,0,2800,2815,871,2815
cb0b8874f5204907eafcd2efb81db260,23543c3f006ce3fb0da7c8c91edaf1e5,1906,664,2800,2550,894,1886
b2723324863e5050529dea6c9de4911a,94ab182292751918abd299bffea176f0,2056,0,2800,3518,744,3518
a11602b444d0d8711601156613b77df3,409310d1bcbb7ec379e991da6e323c9b,1998,70,2800,2307,802,2237
cb0b8874f5204907eafcd2efb81db260,f9b016dc396d1d8a1c09cb4a4f5f26ce,0,855,751,2652,751,1797
a11602b444d0d8711601156613b77df3,474efc97744cab4ac2e7189bda419d76,0,318,808,2673,808,2355
bdc3d6e00e51ee085511f26826b2214f,ef603b0176d46d58870261a5536a2c22,1957,0,2800,2551,843,2551
48d22a18b3b93e6859840b527f61342d,89be89314096fe26d6628b0c3ffe0973,0,901,670,2786,670,1885
cb0b8874f5204907eafcd2efb81db260,d7b2726015e3d7fddf873c8a0e5690e0,0,0,764,2393,764,2393
48d22a18b3b93e6859840b527f61342d,da0ef54de386d286c73bd4a4a2c1f189,2114,616,2800,2520,686,1904
cb0b8874f5204907eafcd2efb81db260,887e973c81a18efa9e756f080c2b00fc,1932,0,2800,2453,868,2453
6b86211bf54f57b527fa17c64755928f,78bc54d5091c3cdc5b2d450db9007724,0,702,994,2811,994,2109
6b86211bf54f57b527fa17c64755928f,4b4789304954a8dfddc83263ca9a504d,1794,238,2800,2591,1006,2353
68b4c3418c32a4ceded51336795166d8,6b82b4db1acf975fb40f0ce6e5c1b8c3,1511,0,2800,2875,1289,2875
68b4c3418c32a4ceded51336795166d8,296b49445da9a1c1cd74309803fb1231,0,319,1188,2824,1188,2505
68b4c3418c32a4ceded51336795166d8,77d49b4e04e521557c0e6281932d5151,1607,102,2800,2368,1193,2266
68b4c3418c32a4ceded51336795166d8,2e8257e0b741e229bc9707f8c894b391,0,0,1256,3383,1256,3383
c20d362aaca64f6016a8be6421fe5cd6,66a1060db28667c2e94b45b17f9d024f,956,138,2012,2376,1056,2238
c20d362aaca64f6016a8be6421fe5cd6,29027dd1a55601c33e9ea5b9fc817715,0,216,991,2280,991,2064
0ff9dfa6ea25e5cbfdc1ab975dd43b03,147dc776f80a586a7809faa287dde75d,1563,0,2800,2555,1237,2555
e696cf1015b30bc6d0013709198a3013,fe4399159fe7031bfb907b6122638cd7,1609,447,2800,3518,1191,3071
6b86211bf54f57b527fa17c64755928f,b8986e022d35d641778f0df8ecccdf4d,1871,0,2800,2922,929,2922
6b86211bf54f57b527fa17c64755928f,aa6af8dbb251f25c0afa4d48508d7a0d,0,0,1015,3518,1015,3518
48d22a18b3b93e6859840b527f61342d,abcfa5b114451e4bd2859622e2274d17,0,0,769,2778,769,2778
e696cf1015b30bc6d0013709198a3013,0cab7f5dc91aa574b9ce6d0164c6cfa9,1672,0,2800,2854,1128,2854
e696cf1015b30bc6d0013709198a3013,0f891fd4eb263569c22799beb2497a29,0,534,1090,3518,1090,2984
ae38a60e17f0f0c0f48db63680d0f619,2f435606b7101ceed025a87dc5df8ae0,0,809,898,2836,898,2027
c20d362aaca64f6016a8be6421fe5cd6,4224bc0eab21d13a9655dfcbf354cdd5,1062,0,2012,2762,950,2762
48d22a18b3b93e6859840b527f61342d,023ee59f2ea80dc22c2e3593daeed7f2,2054,0,2800,3518,746,3518
0ff9dfa6ea25e5cbfdc1ab975dd43b03,36ef6755adcbd053f6c6a24111c9a884,0,138,875,2582,875,2444
0ff9dfa6ea25e5cbfdc1ab975dd43b03,9c0a6d80e7627f7440091ec362f36cf4,2012,0,2800,2525,788,2525
fea772963c49e2f7d77e1b220f122baf,14b752764fe8eda7cd3e6a258f27f221,2073,698,2800,2861,727,2163
0ff9dfa6ea25e5cbfdc1ab975dd43b03,2d5ae6188d0c2ea49411fc991739c914,0,0,918,2621,918,2621
fea772963c49e2f7d77e1b220f122baf,0176bd63da4d5e932fec5c4d115b0656,0,0,842,3518,842,3518
ae38a60e17f0f0c0f48db63680d0f619,7993aaef890f3c61653749cf4a427175,1953,552,2800,2517,847,1965
ae38a60e17f0f0c0f48db63680d0f619,b7bd327a9e6bb315f2996c939b97a9fc,1815,0,2800,2439,985,2439
fea772963c49e2f7d77e1b220f122baf,108c64493dd240988ed8132df08caebe,0,450,702,2803,702,2353
ae38a60e17f0f0c0f48db63680d0f619,df23dd36fa532db5c49f27bbac7e6eaa,0,0,1002,2394,1002,2394
c20d362aaca64f6016a8be6421fe5cd6,954d08c673a141909f2c3d6e2bbd6d47,0,0,931,2637,931,2637
3b749cad87f936ed6efd40651dea8be4,4e24a4e18edc6c822f393140d58885a8,0,635,1303,2996,1303,2361
3b749cad87f936ed6efd40651dea8be4,192fcd01011cd9ef8b08f8da16bf2e4c,0,0,1243,2650,1243,2650
e696cf1015b30bc6d0013709198a3013,881108d3903449ab5d8fff0400ff3e3d,0,0,1081,3518,1081,3518
e9ff91168409242dab202370043a2099,4078c368b1951fff3c38462e2b9cd044,1908,0,2800,2549,892,2549
3b749cad87f936ed6efd40651dea8be4,7e7c28231a28a1f86712790bf159be95,1646,409,2800,2723,1154,2314
cacdc5389d3e8b29dc9c9647d5c0cc89,9620000904ee70e2429bdb2d35701de4,2048,544,2800,2637,752,2093
cacdc5389d3e8b29dc9c9647d5c0cc89,b2a9dc7549ff7323166d621572731fab,0,473,642,2877,642,2404
fea772963c49e2f7d77e1b220f122baf,8336a52f1c5c5b2345e7a33692bd0c29,1977,0,2800,3518,823,3518
e9ff91168409242dab202370043a2099,c369f36cd706a71642dff0cec73bafee,0,141,911,2819,911,2678
28d9abb1646456a31ba80639df0a04b5,bb30b2d6dcb3f7bcb1ceea86036ac104,0,0,851,3518,851,3518
e9ff91168409242dab202370043a2099,8d5b0009d4367cf7d8219a7a700b7544,1971,0,2800,3263,829,3263
e9ff91168409242dab202370043a2099,a1e8aeb2c9a1b5014628ead739e2f2c4,0,0,973,3292,973,3292
3b749cad87f936ed6efd40651dea8be4,59ff5b0e232a7408986dbe0b6d7b8e36,1471,0,2800,3518,1329,3518
28d9abb1646456a31ba80639df0a04b5,9f9a8a413932cff3450ca73654bbed09,1973,412,2800,2614,827,2202
28d9abb1646456a31ba80639df0a04b5,e98efa4820cd6967817a44256b53842f,0,273,847,2573,847,2300
cacdc5389d3e8b29dc9c9647d5c0cc89,f9cd5a1e0b0f007cc254a8914efb9dd8,0,0,779,2642,779,2642
cacdc5389d3e8b29dc9c9647d5c0cc89,745d12c6bc5f9cf50a9f431ef328903c,1869,0,2800,2512,931,2512
c1214fdee190d7f6716962e1ff33cd2f,945d5acf396f4f5fc505898a4bd4bd1d,0,502,867,2653,867,2151
c1214fdee190d7f6716962e1ff33cd2f,b6e83f0c9d498b8775861e134e9b86fb,1919,475,2800,2479,881,2004
c1214fdee190d7f6716962e1ff33cd2f,d4fe511dee17296827f33d68579556d2,0,0,836,2355,836,2355
c1214fdee190d7f6716962e1ff33cd2f,ec3f673c558fd38bc7cabc9b2692b4d5,1960,0,2800,2366,840,2366
28d9abb1646456a31ba80639df0a04b5,c60154e727e8bbce8d071b2050bff049,1979,0,2800,3518,821,3518
68b6de5692350ffedc7b6e63cf6c3cfe,557388bbd6b321c96c8c9b6969ef5a29,0,719,691,2860,691,2141
68b6de5692350ffedc7b6e63cf6c3cfe,f71c482cef85fb01853ecdf421fe01b7,2088,221,2800,2295,712,2074
74df6ef3444977023c0dc03e5cab1fac,f160a5805a5b94f72980163b83fbf92c,1687,214,2800,3518,1113,3304
68b6de5692350ffedc7b6e63cf6c3cfe,2e08380139dbe429029353fd0ac0f80a,0,0,780,3518,780,3518
68b6de5692350ffedc7b6e63cf6c3cfe,a2b617d6661c70b063f2c05c8c1d132e,2005,0,2800,2738,795,2738
74df6ef3444977023c0dc03e5cab1fac,6c276e5cece5d9009609888d4d1e2029,0,638,1182,2928,1182,2290
74df6ef3444977023c0dc03e5cab1fac,5941b1e0445907723c796d85c49a7b80,1657,0,2800,2742,1143,2742
8f42cb03637d71269df99d7b870f3999,8a21d21cd0850f1f0538ce0e4d75d0fb,0,0,954,2763,954,2763
8f42cb03637d71269df99d7b870f3999,6402eeb32da80ffec2874821baa22d98,1956,0,2800,2732,844,2732
74df6ef3444977023c0dc03e5cab1fac,4b1591895a0599714deec0dca82c0da3,0,0,1251,3196,1251,3196
6a86e603d682b912000fd83a6eb269a2,e0184509b3f8c92bc55c6ff4deb6a180,0,524,834,2745,834,2221
65538bcdaef319d26ac3550914fc316a,1eda7fa9efe7401c55b0b08b141c6151,1982,379,2800,2357,818,1978
671ac78c90d638951531491c515fc795,36a5933fc24932fc713be5e46ccb2b84,0,0,938,3022,938,3022
6a86e603d682b912000fd83a6eb269a2,0a84d8067848fb3f1047e002aaeaa4b1,1927,424,2800,3518,873,3094
671ac78c90d638951531491c515fc795,4f0a28e5dbfcd177b6094cf023cab664,1854,0,2800,3304,946,3304
6a86e603d682b912000fd83a6eb269a2,40cf79f7825d0739794d49ff0c2f27f3,1843,0,2800,3136,957,3136
62d00d6de77f3f187452028e4b03db81,d1359501f2a3d8c5d8ad4c00efb13d6e,1012,166,2012,2812,1000,2646
65538bcdaef319d26ac3550914fc316a,b3d11f8b5385ef1cef1114e9c6f95196,0,718,817,3518,817,2800
62d00d6de77f3f187452028e4b03db81,4c4d9498fa8350041c12e610d0dd3096,926,0,2012,2812,1086,2812
62d00d6de77f3f187452028e4b03db81,e858ef854947c433ecf15d20d68b0cbf,0,0,1127,2812,1127,2812
671ac78c90d638951531491c515fc795,17ecbe45b1eadf59707fab1d9b04c8c8,0,668,779,3518,779,2850
6a86e603d682b912000fd83a6eb269a2,f88d6afc90380639558b6002abf4ce7b,0,0,942,3406,942,3406
65538bcdaef319d26ac3550914fc316a,7e503445ddf8a707fee3d571c1ce3a26,0,0,841,2537,841,2537
671ac78c90d638951531491c515fc795,a0a6dccd8d5e5976227db2a463f1c766,1974,615,2800,3287,826,2672
fc447d0bc53cbe46ff8041a2421e505f,e4c7344873503acc8e978ce045512b39,1829,245,2686,2455,857,2210
fc447d0bc53cbe46ff8041a2421e505f,a3d36ba7349328ca36c278baa44d525b,0,0,817,3246,817,3246
62d00d6de77f3f187452028e4b03db81,68e249b153febfad60b3431273cb8b80,0,385,946,2812,946,2427
8f42cb03637d71269df99d7b870f3999,dc7e5a4f88fe339b489c2603e65d2c8a,0,799,860,2794,860,1995
eb56e5aabce6ddbeab3b5bb9790de56f,30455a0c1d2138293c845fb8a497df6c,1140,362,2012,2416,872,2054
74f17e070b9b63e970839572e0ef29a5,f936dd7af7a38e068c8cae7fd1f4c68d,2143,820,2800,2835,657,2015
fc447d0bc53cbe46ff8041a2421e505f,73afec2f20d64fd19518d981edfb9764,0,957,782,3033,782,2076
74f17e070b9b63e970839572e0ef29a5,5135301c05c8b5a80b0e2435cc3ca3f0,2026,0,2800,2968,774,2968
65538bcdaef319d26ac3550914fc316a,b979222c383ec6ba0cba17cd64bd48ee,1946,0,2800,2358,854,2358
74f17e070b9b63e970839572e0ef29a5,a748f38d9172224a778b80d65a122c16,0,0,886,2669,886,2669
eb56e5aabce6ddbeab3b5bb9790de56f,605298d8f140d1e4dba0f4ce463296da,0,0,869,2812,869,2812
8f42cb03637d71269df99d7b870f3999,3a135563db7b8a2b47a4788d5b9e94a7,1929,101,2800,2534,871,2433
f71debb4fc7c967593c57211362fe8cd,75dada56885230b74fd20ed8de12864d,0,0,852,2721,852,2721
1a4fa29ae38756ccee464720d68ce631,c8d97f8fec249d9d354815388019f827,1015,382,2012,2434,997,2052
eb56e5aabce6ddbeab3b5bb9790de56f,8eefa70e22b7c85b6b0bf01816fd90fa,1059,0,2012,2778,953,2778
fc447d0bc53cbe46ff8041a2421e505f,4236bf2967180fed76e2d0ce5afded00,1786,0,2670,2717,884,2717
1f71d5fd6293f2f3d64280cd12b0dcb4,80ab97958a8156410b68106907bba235,1964,0,2800,2609,836,2609
1a4fa29ae38756ccee464720d68ce631,3061b3062c6ed7cec44cb193c8a77f9d,0,585,1016,2627,1016,2042
74f17e070b9b63e970839572e0ef29a5,1e1ba274a822aaae8dc763836a158eb0,0,1230,550,3095,550,1865
eb56e5aabce6ddbeab3b5bb9790de56f,8e1f7764363000c02e590ab849980dd1,0,411,776,2456,776,2045
1f71d5fd6293f2f3d64280cd12b0dcb4,7cd7d91d45ffe9b72a4ba2f899cefb22,0,0,816,2694,816,2694
1a4fa29ae38756ccee464720d68ce631,7ae885d7d0443eac9ab64826a643525b,0,0,1105,2812,1105,2812
1f71d5fd6293f2f3d64280cd12b0dcb4,5d1c0920a37425a25b81ed4621cd0491,1965,656,2800,2588,835,1932
1f71d5fd6293f2f3d64280cd12b0dcb4,0dc7d1e6abfd1871316c02977ca04e02,0,778,767,2695,767,1917
f71debb4fc7c967593c57211362fe8cd,38614956aeed7f0b54167a1366d636d6,2005,104,2800,3107,795,3003
1a4fa29ae38756ccee464720d68ce631,a072ef9bc5a83db4ddab208b69c9d5b6,1050,0,2012,2812,962,2812
0beb87aca2bb8300a7085d69a39a749b,cd6e7d7d4f18e15b59292b896cb14e6d,0,331,930,2653,930,2322
0beb87aca2bb8300a7085d69a39a749b,fa0fad6b657452f5724a77df48f8e3ee,1911,888,2800,2876,889,1988
10bbeaad7f50c61f0fb928900642f067,2721b22d8b775478f24c712adcbfc0a7,0,0,1225,2884,1225,2884
10bbeaad7f50c61f0fb928900642f067,30e5e52e9e6b737d6b644ac034037388,1674,0,2800,2998,1126,2998
f71debb4fc7c967593c57211362fe8cd,cf23b4c69ef9f963355c36f7f80c8fec,0,0,979,3359,979,3359
10bbeaad7f50c61f0fb928900642f067,dab5c71bba20f22655d091d5b6367eb7,0,0,1080,3518,1080,3518
f71debb4fc7c967593c57211362fe8cd,3346713c5fed8e6a114cb9d1cf059603,1925,0,2800,3461,875,3461
f101cf6616055d3f2be0ff907c73f36f,a0dfef39f55c6275e2d07b070e8880b8,0,481,1008,2528,1008,2047
f101cf6616055d3f2be0ff907c73f36f,64fab64544d76010c3e94aa02538abed,1898,0,2800,2389,902,2389
b83a9b606e60212fb130a91a74811c1d,4cc67bb76222097029c1dbb418ed7b10,0,0,856,3518,856,3518
f101cf6616055d3f2be0ff907c73f36f,18915be0af3c80757a03e1582b48ae2f,0,0,977,2468,977,2468
f101cf6616055d3f2be0ff907c73f36f,95e3dbabec7b81c6db74637cc1768b35,1869,539,2800,2570,931,2031
0beb87aca2bb8300a7085d69a39a749b,d3e39b40e0eeae1e224de344c71138f9,1793,0,2800,3518,1007,3518
0beb87aca2bb8300a7085d69a39a749b,be5dfb7d4b78b007775ac80ad3eba1ce,0,0,987,3518,987,3518
b83a9b606e60212fb130a91a74811c1d,3b3b7e5fd2045abe781e6c2a489b0eeb,1995,0,2800,3449,805,3449
b83a9b606e60212fb130a91a74811c1d,3a3a0c3bdcaa2695e0170406f38740ee,2116,586,2800,2726,684,2140
10bbeaad7f50c61f0fb928900642f067,628b454cdbb6a67b12439b4bd24ab45e,1545,530,2800,2987,1255,2457
b83a9b606e60212fb130a91a74811c1d,02645cff9cc80941eb3c09121b00189f,0,299,662,2721,662,2422
ad56d2da51c7429013a8b11fe32789d1,736215ed512aaa59589bb5be9c935fd7,1944,757,2800,2575,856,1818
132efe3fccb4e0c122310d343f00de27,e2d58c12ee151afb5482564e801dea0e,1856,0,2800,2288,944,2288
132efe3fccb4e0c122310d343f00de27,1ded2590cc9fb693a5a5e1277a3ed4bc,1837,532,2800,3518,963,2986
ad56d2da51c7429013a8b11fe32789d1,e0936e5a4030e36848ca45db7f43a59c,0,0,907,2333,907,2333
ad56d2da51c7429013a8b11fe32789d1,cd5d9e2fb44d702a70949ca36d42353e,0,459,905,2409,905,1950
132efe3fccb4e0c122310d343f00de27,cf935abcd62c77796fd33ca728ce874a,0,554,810,2544,810,1990
ad56d2da51c7429013a8b11fe32789d1,e9375be51a5990f183e0bf0e8284dab2,1884,0,2800,2615,916,2615
48575a27b7c992427041a82fa750d3fa,4e3a578fe535ea4f5258d3f7f4419db8,1857,392,2800,2456,943,2064
132efe3fccb4e0c122310d343f00de27,8f0964e73809a28c2c22b6f6170acbfc,0,0,854,2963,854,2963
0ce823bc5980582eed50d8fe5180a836,fde4678879bf691311d4fb83e7ce6fa8,971,0,2012,2812,1041,2812
0ce823bc5980582eed50d8fe5180a836,8791342cb0d6849c68a531fb89aa31e9,914,175,2012,2812,1098,2637
48575a27b7c992427041a82fa750d3fa,072319cfb1594dff76bfa7fc9451d4b2,0,625,973,2679,973,2054
0ce823bc5980582eed50d8fe5180a836,51d33f577911efe1bf4ae3b7069bb8b3,0,30,896,2812,896,2782
48575a27b7c992427041a82fa750d3fa,9692b67d358de4c1757ea108e1dba87f,0,0,1057,3518,1057,3518
48575a27b7c992427041a82fa750d3fa,dac39351b0f3a8c670b7f8dc88029364,1819,0,2800,3318,981,3318
0ce823bc5980582eed50d8fe5180a836,7c0350f75467f98b730ec122e4f6dedf,0,0,883,2812,883,2812
02bd0bd83c6d9fedc49b0df6ecd952c6,a983c256635655ed394ed6805abf0499,0,0,1002,2812,1002,2812
02bd0bd83c6d9fedc49b0df6ecd952c6,ebdd8d364340bcabd71e34e5eda92099,0,0,913,2812,913,2812
71ce11de83c55f65d96e22a15db9b1fc,9061b6224c16301a546adc5b8ae4e10f,1794,0,2800,2990,1006,2990
71ce11de83c55f65d96e22a15db9b1fc,48611a8ab5eec21bc84a0d89be41310e,0,149,1029,2583,1029,2434
71ce11de83c55f65d96e22a15db9b1fc,b327772140d332a538d9bfbed90b5de1,1846,105,2800,3518,954,3413
57ef58281d90655693cd34628e4c8083,c244388f79f31cce641f21737affe606,0,698,903,2594,903,1896
5d46b002b77b625301f21971b4023f62,5712195391e6b2de34e9c87f092c346c,0,0,1233,2990,1233,2990
57ef58281d90655693cd34628e4c8083,1058157fecedfbaa33665f1273fb0e0d,1912,0,2800,2489,888,2489
57ef58281d90655693cd34628e4c8083,480a3198d3c64bcfb5bb193702500f3f,0,0,930,3090,930,3090
fcb8ece7898bb5e55c7e2324ba35c1ff,b5a7342a25cf09eb64ad933fedb71e5d,1657,421,2734,3580,1077,3159
fcb8ece7898bb5e55c7e2324ba35c1ff,00729b3c712c04e80688b8478c626625,0,527,1058,3580,1058,3053
fcb8ece7898bb5e55c7e2324ba35c1ff,5354f14726a0e52389290713d082625e,0,0,1007,3046,1007,3046
5d46b002b77b625301f21971b4023f62,666568b42f7251671dada5e26099bb55,1632,0,2800,3058,1168,3058
57ef58281d90655693cd34628e4c8083,eb373af9b5e16eef50ec911844629fb7,2000,921,2800,2704,800,1783
02bd0bd83c6d9fedc49b0df6ecd952c6,c55d0f94debcf5715bb7e8328da44ccd,961,0,2012,2812,1051,2812
02bd0bd83c6d9fedc49b0df6ecd952c6,c4a59146a1f5b9e2aca090815381c420,0,0,1008,2812,1008,2812
5d46b002b77b625301f21971b4023f62,dfccbddc2c3d71daeadd1a3328237665,0,373,1320,2707,1320,2334
5d46b002b77b625301f21971b4023f62,cbd18303a16612dc6a3f342c08a5e6da,1559,594,2800,3518,1241,2924
eed2d6496d7f07fce7eeea2201db4146,a533b295d50a4a49849f8cfdd3788de8,1775,179,2800,3518,1025,3339
eed2d6496d7f07fce7eeea2201db4146,f4b2a1da6e667c289abb80bcad88efad,0,154,880,2508,880,2354
eed2d6496d7f07fce7eeea2201db4146,da64a0ecdac9d7c2b6236e2a218b4f5d,1736,0,2800,3518,1064,3518
19889cc724cdc4e58e1e3d4837d08bdb,5d7528f3ed43162d6c1826a33ed62ce8,0,298,1206,2812,1206,2514
cdb436d3f2a4c3e3c2d7798a9239ee59,e3dbfa164a9a19c3f28010263926e767,1754,0,2800,2885,1046,2885
cdb436d3f2a4c3e3c2d7798a9239ee59,ef9965e093fcc6f7a142012a4a4bca90,0,0,954,2541,954,2541
71ce11de83c55f65d96e22a15db9b1fc,776de43dac373535001c14cc527bf726,0,0,1104,2937,1104,2937
cdb436d3f2a4c3e3c2d7798a9239ee59,38df63161af0693dfe61eee9613828ed,0,0,958,3305,958,3305
19889cc724cdc4e58e1e3d4837d08bdb,c0b143c49e3723eada341ddeeaa9bb91,772,0,2012,2417,1240,2417
cdb436d3f2a4c3e3c2d7798a9239ee59,48b2239f429d51d3a7e3cf1564c200a0,1646,0,2800,2559,1154,2559
eed2d6496d7f07fce7eeea2201db4146,c54c8b4f44dea39d20c36169852c761d,0,0,1018,3456,1018,3456
19889cc724cdc4e58e1e3d4837d08bdb,93835b3e376f57cd53d84a9f5985d00d,875,0,2012,2293,1137,2293
19889cc724cdc4e58e1e3d4837d08bdb,a176414d7499e2d831c0032f48adcf7f,0,0,1112,2812,1112,2812
cf4c67d228df36cfd3884074d6039226,cfa39e138a811ef4d47540e7fdcd1191,0,0,967,3117,967,3117
fcb8ece7898bb5e55c7e2324ba35c1ff,da190dfb57a59d7e2b1c9d556ae9e46e,1723,0,2750,2854,1027,2854
cf4c67d228df36cfd3884074d6039226,43a2bce51c8d1ce6d23492f071ad55a0,1852,474,2800,2596,948,2122
cf4c67d228df36cfd3884074d6039226,9ddf7d3fabc9d8ec54c71e69d84081d0,0,660,973,3267,973,2607
f9a5e9a03c474f0eb21abcb2e643f9a4,da3105c3ad11b8dfbe0bac8d8cbd13bf,0,423,869,2744,869,2321
5d700c871b621ad8a446eea325e27b33,49c0db2f0d4a9f7e4378b01e3ac69c6f,0,498,978,3031,978,2533
cf4c67d228df36cfd3884074d6039226,70b5277379ed222d43d88d97ca66eb93,1817,0,2800,3518,983,3518
f9a5e9a03c474f0eb21abcb2e643f9a4,e04f6b0dcb47cb005d831abc04db29bd,2003,492,2800,3377,797,2885
5d700c871b621ad8a446eea325e27b33,41c76b1f8cc6c5c41fe273ab07027d55,0,0,995,3518,995,3518
b63e091fc26f23aa4d60c109c4ea007a,1e074d67076ab3ccbcb6fabb7a93e479,0,646,1053,2971,1053,2325
5d700c871b621ad8a446eea325e27b33,e29f1542f1510bf57bc31dddcc07af2e,1939,459,2800,2871,861,2412
b63e091fc26f23aa4d60c109c4ea007a,c86c2390e1a0b9a6e1bc0f618505a661,1837,575,2812,2959,975,2384
94708ed810f24298b10105d4e351b686,5cec66607baa92d06919faa53569ef25,1791,458,2800,2735,1009,2277
5d700c871b621ad8a446eea325e27b33,545dd91cba6ed71fa2785fdd95b76436,1765,0,2800,3518,1035,3518
94708ed810f24298b10105d4e351b686,63c1058e62045380361ef2c4bea0b5e3,1867,0,2800,3518,933,3518
f9a5e9a03c474f0eb21abcb2e643f9a4,a9ac39bcd60bf2922ad405d7861fe711,0,0,881,3518,881,3518
b63e091fc26f23aa4d60c109c4ea007a,4a29dbe9d326db4d304b619ac9b8d10d,0,0,1077,3580,1077,3580
39b530eef2be52ffded92d9532c1dfa3,38c1d3f9d15e7f61a13229e06db9d9f2,0,247,986,2812,986,2565
b63e091fc26f23aa4d60c109c4ea007a,111a7ade71da3eb360a2194f7293812d,1784,0,2812,3580,1028,3580
39b530eef2be52ffded92d9532c1dfa3,df484d9d5d10f512b27d52cf338ba384,1030,194,2012,2296,982,2102
39b530eef2be52ffded92d9532c1dfa3,5e85ce3e9eea6c8dd5e3683283713d71,0,0,1020,2772,1020,2772
94708ed810f24298b10105d4e351b686,232d7774a64bff91130cbacd91778713,0,420,1173,2630,1173,2210
f9a5e9a03c474f0eb21abcb2e643f9a4,980bb51e1f99260d5c6e4926a3bd780f,1923,0,2800,3518,877,3518
39b530eef2be52ffded92d9532c1dfa3,51654ff266e0b47797914b6b93b0d74e,1057,0,2012,2812,955,2812
94708ed810f24298b10105d4e351b686,2e9b519ba2962e73368fdbebd201f44d,0,0,1141,3518,1141,3518
0dae321317b16cd89e951124193fc4b7,d6a6c4fb3d5bc03cdf9edecd3bf8b26f,2045,667,2800,2630,755,1963
737dda56d981a368a6ddde0026980f10,8a4f72df5cf5ec43974b4964d9c45de4,1182,0,2012,2167,830,2167
0dae321317b16cd89e951124193fc4b7,18a3e8ba0a43183ba3c3decdf29ed016,0,0,883,2774,883,2774
bfcdabc58dcdcf4c8485f147e5e9f14b,a28039ae19d06c43a6158fed69fa4f2f,0,0,733,2586,733,2586
0dae321317b16cd89e951124193fc4b7,c2f995063210994ce7ae922b753650df,1998,0,2800,2791,802,2791
bfcdabc58dcdcf4c8485f147e5e9f14b,e35797e93e99b41d81d2b9189ff33bfb,2124,725,2800,2537,676,1812
bfcdabc58dcdcf4c8485f147e5e9f14b,16551a21a5218f615ecca302ed0662c1,2146,0,2800,3518,654,3518
737dda56d981a368a6ddde0026980f10,358578a169a83a8cb370a7b788795d1a,1197,162,2012,2240,815,2078
737dda56d981a368a6ddde0026980f10,1bfef7f21f6203425fd7a06dbb8deae6,0,46,847,2422,847,2376
737dda56d981a368a6ddde0026980f10,e7354a1cf1ad4d452e4ae5d00f59100f,0,0,861,2564,861,2564
0dae321317b16cd89e951124193fc4b7,48a9107540848b7add5776e51a5bd6f8,0,640,788,2710,788,2070
e8a407791b1da97c2bb784d909db0601,2d3e0cbada20b67e30aa7c9f474ccb32,1772,0,2800,3463,1028,3463
bfcdabc58dcdcf4c8485f147e5e9f14b,36c64f438fd6ca0b3d29f6ac1ea99c83,0,651,688,2556,688,1905
e8a407791b1da97c2bb784d909db0601,9853d65404bfea46c472cbd6ab122ff0,0,0,969,3518,969,3518
c8512f5e72aa69e913171879629d6f1e,56a107e5350348df6561b45592abba49,0,783,839,3101,839,2318
c8512f5e72aa69e913171879629d6f1e,d2504abfb63bc268591eea909c8f2fed,1940,689,2800,2851,860,2162
c8512f5e72aa69e913171879629d6f1e,ec88816176de70359460d2d2cc50a60d,0,0,1002,3518,1002,3518
e8a407791b1da97c2bb784d909db0601,c65f192a35479c61731d0a478674b370,0,695,912,2841,912,2146
e8a407791b1da97c2bb784d909db0601,3ed54f3fc349e312c6d8894bc3f81538,1795,500,2800,2681,1005,2181
2faaae0e3c8e8e0db4af8cd2a4ca961a,11de42569c8f5d6a3e42e9cdf181f902,0,0,1209,3518,1209,3518
a1c920a54cc64d3f832aa0b5738399b3,b68f22f3e48c8ffd7fa68690f8f0dd12,0,304,798,2514,798,2210
564aef11b5d1c72fd99d2ae8afa6aa3b,4f74f146d93b19bb5fba1d5ce1a29fb6,1945,260,2800,2729,855,2469
2faaae0e3c8e8e0db4af8cd2a4ca961a,b40461c0a1236cce7965223c9e65c71a,0,404,1237,3518,1237,3114
564aef11b5d1c72fd99d2ae8afa6aa3b,432a7eb549742f6cfa4de6e285b66d21,0,321,898,2793,898,2472
a1c920a54cc64d3f832aa0b5738399b3,3e7306b9e1e2038d5e72f15fac5b7db5,1985,433,2800,2504,815,2071
823c342ae10b2fb593299fb34779957d,e542c79e16f5566157bf87511d416844,1658,0,2800,3174,1142,3174
564aef11b5d1c72fd99d2ae8afa6aa3b,ab69b43c7b8eb48f46b1c8b45b539ea9,1897,0,2800,3518,903,3518
c8512f5e72aa69e913171879629d6f1e,a987e083ecf58ef6fcc0d403950427b7,1450,0,2800,3518,1350,3518
823c342ae10b2fb593299fb34779957d,4a1c95461f0cfce6866c596a02eeb1ad,0,0,1075,3420,1075,3420
564aef11b5d1c72fd99d2ae8afa6aa3b,98c6689341073692e32bd70d759af284,0,0,979,3518,979,3518
a1c920a54cc64d3f832aa0b5738399b3,85ff44b968e9c6b82c0a173844b516e0,1929,0,2800,3283,871,3283
823c342ae10b2fb593299fb34779957d,d53dc35ed835b3e1a9d401681ae25a2f,1677,0,2800,2720,1123,2720
823c342ae10b2fb593299fb34779957d,2d82534d38895ba4c2927875e8e533c9,0,498,990,3518,990,3020
a1c920a54cc64d3f832aa0b5738399b3,417588184c122c24114431d9a5bda56e,0,0,967,3370,967,3370
a3fef4ee5533a1ae2d72adbb22c14f94,51e78b82fb31029c5b09619491698fca,1515,233,2800,3518,1285,3285
a3fef4ee5533a1ae2d72adbb22c14f94,3724f234b4747beea6ff40d211e1a84c,0,576,1176,3518,1176,2942
eb8f7e3331a058582d265d47fdd61461,435dd618e969dc3f1ec7ee7d45a74f5c,0,637,802,2655,802,2018
e78963739a4ab1c4ea5188024281e38e,d6ca4a3cc20a05c88b4685a52c36441d,1582,0,2800,2764,1218,2764
a5895a74ae7458c64fe11c76e471a6a9,a5c9858a27270dd9adde8fe9a27b6319,1799,0,2800,3518,1001,3518
eb8f7e3331a058582d265d47fdd61461,22514bc896376468c451ef242b9ccc5e,1958,515,2800,2606,842,2091
a5895a74ae7458c64fe11c76e471a6a9,5a9641d9cdf72cf8edaae380703e5a0a,0,219,1081,2930,1081,2711
a5895a74ae7458c64fe11c76e471a6a9,5c95151c4e6003e5b4660470c110824b,1758,504,2800,2775,1042,2271
a3fef4ee5533a1ae2d72adbb22c14f94,221683db60c0c6a5e0873dd18ddfe7e9,1425,0,2800,2893,1375,2893
2faaae0e3c8e8e0db4af8cd2a4ca961a,e3a5038f439604f8e6e8a1ee12757b4b,1583,609,2800,3518,1217,2909
a5895a74ae7458c64fe11c76e471a6a9,21e1452bfd180fbf474a796dfb888d79,0,0,1074,3518,1074,3518
eb8f7e3331a058582d265d47fdd61461,29419ffb43595d807f723ba625dbf3c0,1826,0,2800,3495,974,3495
2faaae0e3c8e8e0db4af8cd2a4ca961a,4cd9de0de5027bff41bd4a0bfb5f9140,1442,0,2800,3518,1358,3518
7e3d625755ed755bb6afbbbce0684917,9e9f5eb45ce4a6ec150e7b77cd40b813,928,160,2012,2812,1084,2652
7e3d625755ed755bb6afbbbce0684917,087660058d759ad5684d5a3058ce7b7b,0,0,1120,2812,1120,2812
7e3d625755ed755bb6afbbbce0684917,89c00ebcf0f03246e4e263884da6ec05,0,0,1087,2708,1087,2708
e78963739a4ab1c4ea5188024281e38e,fa269cdc07b9e830d02198768906c82f,0,0,1181,2850,1181,2850
e78963739a4ab1c4ea5188024281e38e,f67bdcbcfe7c68be55af9a7aab904213,1683,437,2800,3518,1117,3081
7e3d625755ed755bb6afbbbce0684917,b93ea5a4719ee7cab136555d4dd10ce5,1005,0,2012,2755,1007,2755
eb8f7e3331a058582d265d47fdd61461,d5b36fbb20b6ec1b418d258e189d88a6,0,0,985,2472,985,2472
a3fef4ee5533a1ae2d72adbb22c14f94,dcf16092d16b149f91b755f90d5460f0,0,0,1221,3518,1221,3518
e78963739a4ab1c4ea5188024281e38e,3de5eea0ccb210c8c138a5b4c896f710,0,333,1037,2777,1037,2444
62d8c6e2c56175222d8f03f0c873c79e,3532bd9a5fba91064f2b1ac8f13661c9,1598,70,2800,2625,1202,2555
62d8c6e2c56175222d8f03f0c873c79e,1c3f1472305e3540b0b4ddfac3d8a7a5,0,422,1144,3518,1144,3096
62d8c6e2c56175222d8f03f0c873c79e,5aa6baa3a16407166b7813603662b50a,1528,0,2800,3310,1272,3310
62d8c6e2c56175222d8f03f0c873c79e,1b6428d822d2fe10f69da0cc528f051b,0,0,1259,3518,1259,3518
54134d835c42d01a9ab9ac15ec30c983,eb7161c9cb9c1809f979a6d23e93b339,0,469,814,2555,814,2086
54134d835c42d01a9ab9ac15ec30c983,3052b9b7dd600bd6220010bc3905b369,1955,323,2800,3461,845,3138
54134d835c42d01a9ab9ac15ec30c983,efb18f8df93dd80112fdd414eccd4c19,1867,0,2800,3518,933,3518
6d43724a7d99e9d60bcad536d52c9e22,429d5d5394b48f45911a4fd92d7acbbf,2020,354,2800,2495,780,2141
54134d835c42d01a9ab9ac15ec30c983,c7ad2f70d445d98568ff6a908fa30116,0,0,858,3390,858,3390
6d43724a7d99e9d60bcad536d52c9e22,e8c823ba1fa7db2e1b595f7dc30f3269,0,282,822,2592,822,2310
6d43724a7d99e9d60bcad536d52c9e22,93667b50198953fef6eba94d74717c71,0,0,831,3518,831,3518
f177d840b255e151bda5bfd48359c618,1b7f99e6ca01b65f95468c39699246f4,1886,0,2800,3518,914,3518
f177d840b255e151bda5bfd48359c618,bdf36eb555cef5b8c3d37c8856346709,0,1061,895,3098,895,2037
f177d840b255e151bda5bfd48359c618,d07f3fe19539ca4f612e6f0c65f3bf34,0,0,906,2627,906,2627
6d43724a7d99e9d60bcad536d52c9e22,8b821e78911c55c2e06933919e9a4a33,1973,0,2800,3518,827,3518
a3efa110e27ffa4d5b2636e388a5c700,77f31b96295aff83e7a21df366da19b1,0,0,955,3066,955,3066
f177d840b255e151bda5bfd48359c618,c33a2eee7d50e42f9576b552c53067a8,1932,574,2800,2573,868,1999
a3efa110e27ffa4d5b2636e388a5c700,c02c4856ab43bcf78a933a612a123bd1,1929,266,2800,2510,871,2244
4c4b2aae9062c2fdb7a2bbdf48dc093e,d3d33daefeaa80d3a4fc73900775a040,2123,0,2800,2312,677,2312
a3efa110e27ffa4d5b2636e388a5c700,bef47f8667ef0dfb4f6deda2434da05d,0,0,964,3518,964,3518
4c4b2aae9062c2fdb7a2bbdf48dc093e,bc0ae93db877210820958502af7a1461,2261,663,2800,2296,539,1633
a3efa110e27ffa4d5b2636e388a5c700,0263ac33ea388446f5ef9b5d074cd7ac,1917,0,2800,2714,883,2714
4c4b2aae9062c2fdb7a2bbdf48dc093e,7fd3de2c70eee253f174fa32758b7f8c,0,624,532,2343,532,1719
4c4b2aae9062c2fdb7a2bbdf48dc093e,9200a6910bf285035f059fe1febfe064,0,0,673,2526,673,2526
7b567da91aee55df5c1efcf21af23e64,821add91f17a9da841d8c05e0570b655,1643,437,2800,2774,1157,2337
7b567da91aee55df5c1efcf21af23e64,570388edc0b4f044763b7c199c077446,0,0,1257,3518,1257,3518
7b567da91aee55df5c1efcf21af23e64,1a0e9070d038364c54a18d40260cfe95,1554,0,2800,3518,1246,3518
22f3936ee569dfcc50108e43d0256dc1,2088152d795fd2bed02bbf16117a0c37,1487,588,2012,2095,525,1507
22f3936ee569dfcc50108e43d0256dc1,cc6c5995faf7383103156e1036087efb,0,628,699,2311,699,1683
22f3936ee569dfcc50108e43d0256dc1,64a3f87d513a4ddc7592d2c18c2493b3,1275,0,2012,2395,737,2395
03d99a40835bb5f176c302296387af15,b325a85ceeaa4fea08d3941346a8cb6d,1015,0,2012,2319,997,2319
22f3936ee569dfcc50108e43d0256dc1,ddd3d7425a0e1cccf963d604880a0c88,0,0,750,2344,750,2344
03d99a40835bb5f176c302296387af15,c74c060eb826a04762ab9b121f0f495b,0,0,1008,2602,1008,2602
03d99a40835bb5f176c302296387af15,e7f339da5a1905dd32ba17b6be17fe75,0,34,1098,2812,1098,2778
03d99a40835bb5f176c302296387af15,41ddb421a4d7ccea94b6107dd22b5ce0,1075,44,2012,2812,937,2768
67fa83fae24cea1258f6dadacb9e81d2,a884cd60ce947f152c21109ca8b58b32,1758,0,2800,2763,1042,2763
7b567da91aee55df5c1efcf21af23e64,163e7e9d55db5a9b2aba8a5e9abdedb8,0,263,1261,2753,1261,2490
67fa83fae24cea1258f6dadacb9e81d2,8df501e17e4b9423f652773b0a09f7bd,1800,268,2800,3518,1000,3250
ecbc7d11784a2a8bbca60d67fb289bbb,5d03b7e34331a9cb2fa6f4cfcb3c46e6,2155,533,2800,2422,645,1889
67fa83fae24cea1258f6dadacb9e81d2,1c1b9f28c515819a9eb5191e36709d8f,0,0,1029,3353,1029,3353
ecbc7d11784a2a8bbca60d67fb289bbb,a504721b16ccd3ad75c9ec99755946fe,0,807,675,2622,675,1815
fa718b47015e632a403d4e08b37a2ffb,5e678df9abcc4ef4599896adb3b7c578,1546,259,2800,3518,1254,3259
ecbc7d11784a2a8bbca60d67fb289bbb,7fb1b8345e376661be920d6b94977227,0,0,760,3518,760,3518
fa718b47015e632a403d4e08b37a2ffb,48e81d54e814c68220571fcaee171119,0,0,1229,2501,1229,2501
ecbc7d11784a2a8bbca60d67fb289bbb,9b5eb8c445eab795aacaacf213acb4d2,2043,0,2800,3518,757,3518
67fa83fae24cea1258f6dadacb9e81d2,6dd90b7d50185920027c3f00e6e2d3ff,0,387,974,2558,974,2171
fa718b47015e632a403d4e08b37a2ffb,5c5e84a5b3d95bbda591ac5f7200b767,0,516,1241,3518,1241,3002
441d2eb020b8b5934fbc2f07aa1f7cd4,681728c363e1592dc7721616191d8aa4,0,785,1074,2700,1074,1915
441d2eb020b8b5934fbc2f07aa1f7cd4,aad167a2f6d865f049eb1be14266366b,1673,602,2800,2592,1127,1990
596454286a9177dbf0f0c38903df3b37,0ecb0b17bddda5e613565392527e2d9f,1975,541,2800,2406,825,1865
441d2eb020b8b5934fbc2f07aa1f7cd4,3ee77e443c52432a643694a03996af5f,0,0,1003,2234,1003,2234
596454286a9177dbf0f0c38903df3b37,3afa54910b7b673251dd7cea5cff30fa,0,819,874,2808,874,1989
441d2eb020b8b5934fbc2f07aa1f7cd4,e75e141313d2ad1e7763a53a3e0ea20a,1635,0,2800,2596,1165,2596
83f6bfa42c3af97a7ad4b8ab797a56b9,fe5da248c279a470efc32f90d971d196,0,768,877,2824,877,2056
83f6bfa42c3af97a7ad4b8ab797a56b9,d820fb937425b09630a69c61d2bedf3b,1914,824,2800,2945,886,2121
83f6bfa42c3af97a7ad4b8ab797a56b9,a0b449441c7479b7dd65bc917ec21eda,0,0,928,2828,928,2828
83f6bfa42c3af97a7ad4b8ab797a56b9,3a075f1c68003f35df6433b107fd69bb,1857,0,2800,2864,943,2864
596454286a9177dbf0f0c38903df3b37,e0b66490efb2986f41dc028d9ab21d82,0,0,865,2032,865,2032
2863409fa57132c818a4457e4362744c,16ae362dda895fab8e134bed4c0442f4,846,342,2012,2812,1166,2470
fa718b47015e632a403d4e08b37a2ffb,c1de81366da8263f03b1014a5c79d919,1706,0,2800,2469,1094,2469
596454286a9177dbf0f0c38903df3b37,025deb287a60273e88f13047621df3ba,1958,0,2800,2250,842,2250
2863409fa57132c818a4457e4362744c,50b5975e4cf91ce2e94c135a36ff80d4,0,156,1106,2812,1106,2656
e6909f83396ef98495f745bf006be277,82f4d81fc66e0314ef6e2326c7ba84c9,0,0,633,2407,633,2407
2dfe6025d5954c2925d6288b50dccbea,a20301f2d2cafec6419d759fa7c70c0b,0,0,1199,2812,1199,2812
e6909f83396ef98495f745bf006be277,9e299f9f616e021519eed8f7f785c93c,2179,0,2800,2424,621,2424
2863409fa57132c818a4457e4362744c,de19dc054bd7214180e49af6afbe27eb,950,0,2012,2773,1062,2773
e6909f83396ef98495f745bf006be277,08fe7a2b528f1a74b24102e23ef082a2,0,490,671,2151,671,1661
b18d0ce6fac39efa0e07d86a06bb585c,4c296683cccd1c0f974c799059f761e6,0,0,2012,2812,2012,2812
d86c361449a3fab5e9ef7040c1481f12,6214776b728366fc05a5b244cbb99ea0,1762,171,2800,2543,1038,2372
d86c361449a3fab5e9ef7040c1481f12,70e1586612d51fa06684d4f19c065548,0,0,999,3518,999,3518
2863409fa57132c818a4457e4362744c,43bfd2a682a38994ffe9ef4985a30bd3,0,0,1094,2771,1094,2771
b18d0ce6fac39efa0e07d86a06bb585c,4272719f50479affb556d254db2a6224,0,0,2012,2812,2012,2812
e6909f83396ef98495f745bf006be277,6f3daffe773a98d851dab33e061b5453,2297,427,2800,2110,503,1683
2dfe6025d5954c2925d6288b50dccbea,9c79c50722b808346c474ecfd4074bd0,585,0,2012,2812,1427,2812
d86c361449a3fab5e9ef7040c1481f12,6d165c4df92048aff33555346886fa6d,0,600,945,2965,945,2365
b18d0ce6fac39efa0e07d86a06bb585c,2176b63ce76b07ac7cd5f074a9bf0ed7,17,0,2012,2812,1995,2812
56d595a47755b0868d0b8352d2370cbe,ae736ecd4ff413294ebf3efce25cf232,0,583,851,2790,851,2207
56d595a47755b0868d0b8352d2370cbe,b931feb744551dc605ca74997c9a5d0d,1795,0,2800,3292,1005,3292
a97fe055dc4a776644f4d94ddfe66d4c,c702b699a1c215a53d86fe79dd8fae07,0,419,1235,2635,1235,2216
d86c361449a3fab5e9ef7040c1481f12,d4f84a54a8b2c76b47739ad321d430d9,1669,0,2800,3518,1131,3518
2dfe6025d5954c2925d6288b50dccbea,f933175d37ef0d808b35f631521d0e8a,892,0,2012,2714,1120,2714
56d595a47755b0868d0b8352d2370cbe,d19aa7b31173b42e626125775e0cc496,1771,382,2800,2659,1029,2277
a97fe055dc4a776644f4d94ddfe66d4c,3aeab0502d6cc5d31697f02588e54590,1596,0,2800,3062,1204,3062
2dfe6025d5954c2925d6288b50dccbea,33ef0769c0bbda92028dd40d73a2bfae,0,0,1307,2812,1307,2812
a97fe055dc4a776644f4d94ddfe66d4c,6d3edf13560f2ed3ea82a75ccab8b589,1633,781,2800,2799,1167,2018
a97fe055dc4a776644f4d94ddfe66d4c,a227886a8cc0d07af405689e9432bf7f,0,0,1255,3518,1255,3518
42f2ab8beab7c6a4e29cf73beb93424f,b8eeba4a1d1d83c500c0dbb2e8243672,1956,472,2800,2584,844,2112
56d595a47755b0868d0b8352d2370cbe,1d13a49494160e2f5a63c9fbf07b8cbb,0,0,979,3321,979,3321
42f2ab8beab7c6a4e29cf73beb93424f,129739f1e10cd6f5b52e9c34eab6afc8,1792,0,2800,2627,1008,2627
14cf17046e41235f84f71ee90b204407,a8f5812b72bd65d16365bf044a45f54a,0,481,732,2555,732,2074
14cf17046e41235f84f71ee90b204407,c23ece669a37a48fc3f614ca2cba95e9,1240,110,2012,2281,772,2171
42f2ab8beab7c6a4e29cf73beb93424f,f8a743dc8f19407fc2ad85cdf7aa333c,0,548,876,2740,876,2192
cfce7e93022304b7099313720dcd3932,7f3053fdb015b44b5680b12b780548b0,1255,177,2012,2037,757,1860
cfce7e93022304b7099313720dcd3932,cab9f82850c0bab892479963d82c117a,0,484,711,2492,711,2008
cfce7e93022304b7099313720dcd3932,edd3aee4d1d451917f35563f578cfe98,1114,0,2012,2812,898,2812
14cf17046e41235f84f71ee90b204407,29c77ba9f55360dc3f0bc7dbed605419,0,0,874,2812,874,2812
cfce7e93022304b7099313720dcd3932,e895f87388a267a494cf45495e933293,0,0,758,2555,758,2555
42f2ab8beab7c6a4e29cf73beb93424f,0d084355e94e3b93b050d83c8844d73f,0,0,979,2623,979,2623
9d6bc38b17efaa2cc5457ee9a04d5f3c,41a20981b942415f3a33e7353d346ffb,0,582,1002,2727,1002,2145
9d6bc38b17efaa2cc5457ee9a04d5f3c,3e2fbd8f45eeed609a51a7ccc3a1f97b,1988,0,2800,2853,812,2853
b18d0ce6fac39efa0e07d86a06bb585c,8e48bf735ada3fe7eb93a0880d8b6dd7,0,0,2012,2812,2012,2812
9d6bc38b17efaa2cc5457ee9a04d5f3c,3fe030eca55d3f4f0d12aed4692724ed,0,0,919,2715,919,2715
a4cd4ce2ca9f30bb98994617be1ca968,2535dfe7dd38e3a9350ea85babccebab,1984,259,2800,2303,816,2044
9d6bc38b17efaa2cc5457ee9a04d5f3c,a0c0744d375d568f6b02f1195a40cc59,2025,581,2800,2783,775,2202
b6f0e3d331f5ea8e35da9778ee75985d,9812ef08a9d4742026ce2c812d5a7f24,1664,466,2800,2793,1136,2327
a4cd4ce2ca9f30bb98994617be1ca968,9b274ce986284ade0c38bdce2eae1275,0,778,849,2682,849,1904
ec3b48d1022897c86bc543400c165da2,3af9446e90010aba834fac2cffc75086,0,0,1064,2812,1064,2812
a4cd4ce2ca9f30bb98994617be1ca968,5d91dbe47315aa3fe124b1d15cbdd81f,1929,0,2800,3518,871,3518
14cf17046e41235f84f71ee90b204407,70659b62c44d182ac26868daf6da4040,1242,0,2012,2812,770,2812
ec3b48d1022897c86bc543400c165da2,b7152c39f42039c8c889ae890ac2db9e,972,0,2012,2614,1040,2614
b6f0e3d331f5ea8e35da9778ee75985d,7b578122841d3b53aafe92f40028221b,1555,0,2800,2778,1245,2778
a4cd4ce2ca9f30bb98994617be1ca968,6dcaebaf5ca9c97b8b8cf23720751ba1,0,0,896,3518,896,3518
ec3b48d1022897c86bc543400c165da2,bff76c00b50824cdacec9c9a53c76614,1003,0,2012,2812,1009,2812
b6f0e3d331f5ea8e35da9778ee75985d,ca2497cb77dc98ca69e7233178fa3c95,0,0,1186,2937,1186,2937
185d3730bc5fe60031bc862c31a04725,080a3c45a0d31439a8e3bb9e2692df0a,2081,782,2800,2688,719,1906
18ecf9ece34c5c78f90137e8f8475278,a1884a808e5f5570279a4b3a9192b08e,0,0,660,2432,660,2432
18ecf9ece34c5c78f90137e8f8475278,c1d1863f8a2172a9f0a3ddd0b2095b65,0,322,547,2789,547,2467
18ecf9ece34c5c78f90137e8f8475278,503c93bc046ae0607b81df5ec83fcfa2,2162,0,2800,3005,638,3005
18ecf9ece34c5c78f90137e8f8475278,7490673366ef138dc92d48c419298a96,2278,958,2800,2435,522,1477
185d3730bc5fe60031bc862c31a04725,429feced15892510dcd92d79bc902018,0,884,676,2815,676,1931
3cb8fed7c617cdb7d1066f1e52eceb8c,d2a7ccecd962c3d4336d2e3345acf53a,0,613,951,2567,951,1954
185d3730bc5fe60031bc862c31a04725,17408c68cb2e215ceb18156341c70e92,1991,0,2800,2461,809,2461
63884ab535ef534d954e2d609915dd36,623f1e4ec6b837f00e4a1c42e879ce49,2028,458,2800,3518,772,3060
63884ab535ef534d954e2d609915dd36,1520d56f73b07c6a0a221a6ecad9d23c,0,470,771,2985,771,2515
3cb8fed7c617cdb7d1066f1e52eceb8c,23ad790a744db3584a3e64eb7cd11a07,1787,626,2800,2594,1013,1968
63884ab535ef534d954e2d609915dd36,28129575e48d52914c263c224abbf4bd,2119,0,2800,3518,681,3518
185d3730bc5fe60031bc862c31a04725,8e1a4077eea469c427825fd9a9ec7d97,0,0,780,2607,780,2607
63884ab535ef534d954e2d609915dd36,d17ce81cc7692cfb11d86e4f7e861fad,0,0,854,2540,854,2540
ec3b48d1022897c86bc543400c165da2,7b4c9d148392a19454fcfba2d8c7ef3c,0,79,1016,2812,1016,2733
292309186646b88430a1e0337e2abad7,e882ddde81e56f902601803cb7cf7684,0,0,1217,2812,1217,2812
3cb8fed7c617cdb7d1066f1e52eceb8c,6596859f52d580e0e01f76651743b519,0,0,977,2288,977,2288
bb40995fed730c577404a2db8fbda2ad,9181b9b4944a146a7fd59c9941bac5c5,1673,277,2800,3518,1127,3241
bb40995fed730c577404a2db8fbda2ad,2bf5d5a09d4437e4071180d5c137e386,0,0,997,3518,997,3518
292309186646b88430a1e0337e2abad7,7bbf75a0049c9304b6263008d35d3a2f,798,0,2012,2475,1214,2475
292309186646b88430a1e0337e2abad7,45a7dbcaac4ec24b8ddd77b378627a18,848,0,2012,2324,1164,2324
5b2344cf2aeda414c766672b3687a44c,619c3641bad6cc105b32173c3e0747cb,1493,658,2800,2946,1307,2288
bb40995fed730c577404a2db8fbda2ad,3598a21b24c7bab41b95688b680d6e93,1687,0,2800,3518,1113,3518
5b2344cf2aeda414c766672b3687a44c,18c3ced41e628e121a48083d506cea33,0,623,1150,2855,1150,2232
292309186646b88430a1e0337e2abad7,87fc6fe04977c047557a34d2db780f68,0,220,1177,2404,1177,2184
5b2344cf2aeda414c766672b3687a44c,1a52264b19da38964392d40a72362fdd,1624,0,2800,3518,1176,3518
5b2344cf2aeda414c766672b3687a44c,f1d6b59b8615ac4cae13adc5f95c8af3,0,0,1187,3389,1187,3389
3cb8fed7c617cdb7d1066f1e52eceb8c,756d98fcc5e5428c650beeb13609ba85,1825,0,2800,2537,975,2537
09b75cbe5e185edb90d9247eeaddc3dc,cfa4c7a94fd0c0e23227e989da554f1a,0,0,1229,3012,1229,3012
09b75cbe5e185edb90d9247eeaddc3dc,db7f0b18937d331088f04feb8661ef7b,1526,323,2800,3518,1274,3195
09b75cbe5e185edb90d9247eeaddc3dc,144ea92e69d69977d548d8b409b9a030,1498,0,2800,2933,1302,2933
09b75cbe5e185edb90d9247eeaddc3dc,38d508c981f854f9ae20ce68f233e598,0,0,1355,2899,1355,2899
bb40995fed730c577404a2db8fbda2ad,b333541f8f0085e701f0a8d249bd8b8b,0,464,1052,3518,1052,3054
20d557b3d375b4e7762b32550a99f6c7,444aafc7f18fbcd01c4ae55f7bf4a843,0,626,1034,2845,1034,2219
20d557b3d375b4e7762b32550a99f6c7,2a49c233ede3dfdfe761a5e314329280,1725,725,2800,2905,1075,2180
c62b5d2c968c21580c416465da363433,d404834b10f7d9642a95d5dece30d151,0,135,505,2748,505,2613
20d557b3d375b4e7762b32550a99f6c7,45ec33150bc81286b4b654a76c9dbc2a,0,0,1124,2527,1124,2527
c62b5d2c968c21580c416465da363433,508c0070418b4836b97c06b546fccf53,2403,535,2800,2128,397,1593
c62b5d2c968c21580c416465da363433,0ccda1a823f663c3426bd86d649b551a,0,0,904,3518,904,3518
20d557b3d375b4e7762b32550a99f6c7,bcfdcf7ce6420a12fe564c5f2d6caf63,1748,0,2800,2728,1052,2728
c62b5d2c968c21580c416465da363433,04baa0b8f2804a6bcddee87f70a4a07e,2020,0,2800,3493,780,3493
98f664e7369aed78835f0ad5c28224aa,9cc6c12807c78c974d4c3c9ac8442ff4,0,0,1030,3518,1030,3518
d78191b9cd7beb8650b3e02e3e76e7f2,76c86d46b6a703b3f2911481f564e443,1879,528,2800,2729,921,2201
d78191b9cd7beb8650b3e02e3e76e7f2,97b98f62ec77692ed0cf08fb7e26b451,0,0,1074,3518,1074,3518
d78191b9cd7beb8650b3e02e3e76e7f2,1e11197f3c2d9473463462abfca171f3,0,764,953,2927,953,2163
b6f0e3d331f5ea8e35da9778ee75985d,c3ccc6bdd78669e9a44a960af736a089,0,482,1179,2763,1179,2281
d78191b9cd7beb8650b3e02e3e76e7f2,dd03bfdd703914abaa6df023d48abaeb,1719,0,2800,3518,1081,3518
98f664e7369aed78835f0ad5c28224aa,fa6915598aa11392f38cc2019b20d2ea,2072,373,2800,2538,728,2165
60a984eae920d65dc14f301f35a33a2f,d9f01c1ecc49d8ec6a647ce020997edd,0,248,842,2703,842,2455
60a984eae920d65dc14f301f35a33a2f,704cb6e2136691de387c1e1182cd5e16,1976,686,2800,2851,824,2165
98f664e7369aed78835f0ad5c28224aa,9e2d8b1acf504bfd12f494cedd5d119c,0,358,806,2948,806,2590
98f664e7369aed78835f0ad5c28224aa,56f05803300cfacd23c3a69ddc7160a5,1809,0,2800,3518,991,3518
60a984eae920d65dc14f301f35a33a2f,d064e213da11c8f08f3fb5c07802e5b3,2004,0,2800,3518,796,3518
60a984eae920d65dc14f301f35a33a2f,efcded268c69542529b881c60d0b81e3,0,0,850,3518,850,3518
95fb359f886005cac12762df0c559bb9,421fd12f85c21b97f602c325d25f16ea,1877,645,2675,3580,798,2935
95fb359f886005cac12762df0c559bb9,e926489e79e1177b32480fbe4d6f5a09,0,484,841,3580,841,3096
08d8818f81810c7979df66dccf549932,19aa7e28743b204e978558c4fed12fd2,0,680,1003,3518,1003,2838
08d8818f81810c7979df66dccf549932,c1ae3738855c20b13c8971e523afb2b1,1934,559,2800,2569,866,2010
08d8818f81810c7979df66dccf549932,370f48157f08675de0b49988b7c39622,0,0,1343,2378,1343,2378
9f35b8c014dd3ceb4351240806b04365,42d00e26b29c01da5a014a77e7ecd44c,0,0,943,2728,943,2728
9f35b8c014dd3ceb4351240806b04365,0b4368f68805168c4ed8cc2a41510e74,1711,0,2800,2502,1089,2502
9b6938987b7a367aeb3d3b8c3fdee71b,3ab247f06cdf1889e7a1b588ad94830b,0,523,1113,2650,1113,2127
877bde1cb8b7df49cde3fdb7020a1536,733a9b17716849f4fac702227c0414fa,1899,0,2800,3518,901,3518
9f35b8c014dd3ceb4351240806b04365,198a0e3ecde5353d45792ecc336764b0,1758,0,2800,2783,1042,2783
9f35b8c014dd3ceb4351240806b04365,7da74fe5612dc78d84bc911650d1a749,0,250,966,2515,966,2265
9b6938987b7a367aeb3d3b8c3fdee71b,f8abf8e9cfea0e2f7b8a8433b50a4036,1685,650,2800,2783,1115,2133
9b6938987b7a367aeb3d3b8c3fdee71b,3a3039586606db1a3c59987916517792,0,0,1046,3174,1046,3174
95fb359f886005cac12762df0c559bb9,e705d65c1ecec9033f4fa7ecfa1b5275,0,0,854,3580,854,3580
9b6938987b7a367aeb3d3b8c3fdee71b,9ced8ae5876555972fdb06e5f4e16b07,1694,0,2800,2607,1106,2607
877bde1cb8b7df49cde3fdb7020a1536,153e6a233a6694e96db4356a947c9678,1922,831,2800,2927,878,2096
95fb359f886005cac12762df0c559bb9,7f59562eaaebcc447f4324c0b9fbd8ec,1850,0,2754,3580,904,3580
08d8818f81810c7979df66dccf549932,ebc369b9409b906239b203100f4baef3,1523,0,2800,2565,1277,2565
aa3aada6ace9230167c942206a3a1e1e,7ed26df04fe55565aa0b4e45e88102df,0,0,720,2600,720,2600
aa3aada6ace9230167c942206a3a1e1e,49d2eed1867a523e28992f9461413e24,2101,0,2800,2744,699,2744
aa3aada6ace9230167c942206a3a1e1e,b9f7768f6f439413622b29336750ba97,0,539,758,3381,758,2842
aa3aada6ace9230167c942206a3a1e1e,24ae64513ca5de78787e29b1c88a6130,2151,650,2800,3518,649,2868
5805540f54f1c7500352e2d79585deff,27cabb82881a6b4be874aedf0c05895e,0,390,1367,2820,1367,2430
5805540f54f1c7500352e2d79585deff,9181f5814e1a487ce4f37bd26766aea6,1661,598,2800,2916,1139,2318
5805540f54f1c7500352e2d79585deff,fec124c32628477673fe5677b21e9e8e,0,0,1441,3518,1441,3518
5805540f54f1c7500352e2d79585deff,c939faf986bed24aef6578f2a2409a61,1444,0,2800,3518,1356,3518
877bde1cb8b7df49cde3fdb7020a1536,a1c7def398bbd955c17cea187ae100d1,0,0,970,2941,970,2941
877bde1cb8b7df49cde3fdb7020a1536,11b553c8761a101f16c6db31e8d89f10,0,664,955,2779,955,2115
df92f5abe92c2f31480ac7704edd8ff2,3e37490b0dbfeaf1afaf15a2f094b9a5,0,554,983,2684,983,2130
8a1108f33fee93ee808bfb891b1bc9ae,6df64e4a6df8712b280ffc6c49b5e461,0,0,1120,3173,1120,3173
df92f5abe92c2f31480ac7704edd8ff2,abf3b16aa427797e44bd708d6b094bf1,0,0,1063,3002,1063,3002
df92f5abe92c2f31480ac7704edd8ff2,c2b6e3be063fa62aab75c81b25838d02,1739,0,2800,2579,1061,2579
df92f5abe92c2f31480ac7704edd8ff2,ac1b1140b11b3a33c8b66f508d83d8f9,1784,422,2800,2454,1016,2032
7c345c0dbd2a52a7a76511a7b7618b3e,d75592b5230dc99273887a42c6e570a1,0,782,773,2680,773,1898
8a1108f33fee93ee808bfb891b1bc9ae,304218bd7eaff8fd07ec90fb8744f3d2,0,699,1069,2869,1069,2170
8a1108f33fee93ee808bfb891b1bc9ae,69fd821933055b63870963ebc39fe5cd,1763,0,2800,2679,1037,2679
8a1108f33fee93ee808bfb891b1bc9ae,bc90b3e4bb8681bae71f60e826005de4,1755,0,2800,3298,1045,3298
7c345c0dbd2a52a7a76511a7b7618b3e,4e100a0ba35a264d37d8722eed0c9ef1,1563,0,2800,2559,1237,2559
7c345c0dbd2a52a7a76511a7b7618b3e,5aeb685a0543376391a6aef910fb1eaa,2045,422,2800,2388,755,1966
98698cc2830d12fb1abe73c92df4fd8e,2472bdc1390642da835c413ff3e7ad34,0,785,1037,2899,1037,2114
98698cc2830d12fb1abe73c92df4fd8e,db70b9ba1b0f08a27699a0c3d56df5ae,0,0,943,3518,943,3518
98698cc2830d12fb1abe73c92df4fd8e,95f801af9797fcd6870c6beb468c11cb,1809,672,2800,2623,991,1951
805d72b89d7f73058bf420ef26caaff4,64923c9a2ed6de06e75aa309c56c2abc,1870,0,2800,2497,930,2497
805d72b89d7f73058bf420ef26caaff4,75ee771f15666e7e3853c2bf625013ef,1943,860,2800,2896,857,2036
805d72b89d7f73058bf420ef26caaff4,da5900a162abdc8ec0f535fbffa07f8f,0,889,766,2965,766,2076
f1212513a55160c1e96c3fb592affffc,2f08874f1150730f4770ebd41407e58d,0,805,846,2857,846,2052
805d72b89d7f73058bf420ef26caaff4,219cc02d369ac35c640f01515fd18704,0,0,1002,2382,1002,2382
98698cc2830d12fb1abe73c92df4fd8e,2f81a5602bcc84abeb52e5618d0920c0,1796,0,2800,2586,1004,2586
f1212513a55160c1e96c3fb592affffc,5522020d390893ca67b4fbdb5edac465,1845,345,2700,2697,855,2352
7c345c0dbd2a52a7a76511a7b7618b3e,b7ef1369f8f8276982fcf6dc4fc00559,0,0,866,3518,866,3518
8a12da7b03eed18bcae0bf177a71b560,5bb1c200ffeaad448f2ff5f50afacb11,0,664,1251,2952,1251,2288
8a12da7b03eed18bcae0bf177a71b560,8d485b6162a9eb1e392bdcdb2a22670e,1690,51,2800,2355,1110,2304
8a12da7b03eed18bcae0bf177a71b560,495c8f1327218d510ac7dad40c0f9299,0,0,1096,2570,1096,2570
8a12da7b03eed18bcae0bf177a71b560,4fcac3c6041de1541762f94dd7bbc2c7,1654,0,2800,3302,1146,3302
fefef49f51feefb336bc83b700ac96f0,f076725e925a478216a7958ee226a4e1,0,978,559,2666,559,1688
0aa5e1f3772a20e5e31332ce59f03919,fc4907af810119d03622e79e81341126,2016,678,2800,2650,784,1972
fefef49f51feefb336bc83b700ac96f0,89cd00e18fa8b936c590a59f5171f0f0,2084,0,2800,3518,716,3518
0aa5e1f3772a20e5e31332ce59f03919,e98e71863c6b0fab2e5e2289e39ab902,0,0,830,2685,830,2685
f1212513a55160c1e96c3fb592affffc,f9a05652de7f70a61fab38f7d1254cac,1902,0,2681,2938,779,2938
fefef49f51feefb336bc83b700ac96f0,dd399ce3529209a0f9c5077f7fefa9be,0,0,722,3199,722,3199
c6bf5c8856bce79da04007bfca21a392,a6cda434caa56aad305252694baf593c,0,0,780,2812,780,2812
bad08dacb34157c457fad3e9448ff883,c566372442f5d13adf8949c7f839eabb,0,0,865,3166,865,3166
eed72efe96f7e5dc43c7bc44ed3ecb46,19abcdc84050baffacecc322cccfd2e7,1729,215,2800,2489,1071,2274
f1212513a55160c1e96c3fb592affffc,c2d1aa724374c34d43b75f13dd415f7e,0,0,1376,3505,1376,3505
eed72efe96f7e5dc43c7bc44ed3ecb46,d5f5cba986fabd58f8d6933e813e794b,0,636,1172,3518,1172,2882
eed72efe96f7e5dc43c7bc44ed3ecb46,1faa554ade69f279cfbb9fe36db8007f,0,0,1131,2465,1131,2465
c6bf5c8856bce79da04007bfca21a392,de854d2b74511ce416304c12a4818faf,1165,259,2012,2315,847,2056
0aa5e1f3772a20e5e31332ce59f03919,db367dc37b998ff66dfb9269f8df08e0,0,608,776,2627,776,2019
eed72efe96f7e5dc43c7bc44ed3ecb46,090c283cbea305c905eddb6d2ec3f7c8,1760,0,2800,2478,1040,2478
fefef49f51feefb336bc83b700ac96f0,3872fa57ee49f59d68f9aa14803b1141,2303,1097,2800,2659,497,1562
771a26023239098a254bbf59d8ff2ebd,7ec47bb74c9bce6b721cb16aef03accd,1779,515,2800,2717,1021,2202
bad08dacb34157c457fad3e9448ff883,72b2da7188062d47a2b014d7d4972c8c,2108,391,2800,2546,692,2155
771a26023239098a254bbf59d8ff2ebd,2a83debaf62922f5d80c50f07db10c0c,0,341,1076,2633,1076,2292
771a26023239098a254bbf59d8ff2ebd,82bc1e785dc256a54029ec9bd4327f68,1629,0,2800,3438,1171,3438
c6bf5c8856bce79da04007bfca21a392,a195e034e4039f062bb372e97591edf6,0,251,846,2225,846,1974
bad08dacb34157c457fad3e9448ff883,4cbdb93f6b33b976dcb1578fb405e874,0,550,724,2534,724,1984
b2baa8850b8cc5264048e3757acb58fa,f0768af0625603b9d058a1e042534024,1287,373,2012,2454,725,2081
b2baa8850b8cc5264048e3757acb58fa,cbfd6ca38ff70e29271f502b51090035,0,380,695,2812,695,2432
6fc8313f73392f02a794dd942df21587,c170ed372952219c8fd4878571997c08,0,444,1225,3580,1225,3136
b2baa8850b8cc5264048e3757acb58fa,6e76d4ce84d4f60dbe6fbe65c0f4b5bc,1238,0,2012,2696,774,2696
6fc8313f73392f02a794dd942df21587,2a81262fc6a642ba2eced5b81d659dd3,1475,632,2694,3580,1219,2948
6fc8313f73392f02a794dd942df21587,674dd393d095d29ea20038cace931a43,1639,0,2754,2716,1115,2716
fa66c2c0f7cca72b438d1b167bcfbdaa,b24a183b0d411894b07be4b625fd8535,0,742,988,2989,988,2247
771a26023239098a254bbf59d8ff2ebd,bcd3e46128fed582698af3f0e7e0f3c6,0,0,1168,2942,1168,2942
0aa5e1f3772a20e5e31332ce59f03919,55ba98850374f3b245f37f9de18ea782,1953,0,2800,3086,847,3086
b2baa8850b8cc5264048e3757acb58fa,23c7bdab50ec4bcc8645cf4e0fdda6cf,0,0,751,2812,751,2812
c6bf5c8856bce79da04007bfca21a392,430316b8320aee893c24cf54877c4219,1233,0,2012,2616,779,2616
6fc8313f73392f02a794dd942df21587,dd7b2d86c8c2dc3110bfedf8a38f3ad2,0,0,1057,2546,1057,2546
af24d324d92c93eb19691dcf04d457fc,d7987de27546d4ebc8a3e645e2113703,1852,639,2800,2700,948,2061
bad08dacb34157c457fad3e9448ff883,90a2ab1602adb0a710469217533aecbe,1936,0,2800,3518,864,3518
fa66c2c0f7cca72b438d1b167bcfbdaa,d6121c02ff34497eaabff251f3d9706e,1791,0,2800,3518,1009,3518
fa66c2c0f7cca72b438d1b167bcfbdaa,f8eaa192c3d3ced2b11e0bed7045bfb5,1863,200,2800,3422,937,3222
99e907d49eb659b4dbbdbb40c3c79e25,18fc6298ebe7a83427f87a1de7fa143f,1609,0,2800,3350,1191,3350
fa66c2c0f7cca72b438d1b167bcfbdaa,8a61bbf025fe63210ec661084d82ed12,0,0,1085,3282,1085,3282
af24d324d92c93eb19691dcf04d457fc,54ee576e3324a722026f512377c1e733,0,572,983,2769,983,2197
af24d324d92c93eb19691dcf04d457fc,b92678a12da6ba86cea547e8f9b3719f,1721,0,2800,2595,1079,2595
99e907d49eb659b4dbbdbb40c3c79e25,e160aa97a7ea45e3ac38ecc0585baea6,0,0,1321,2847,1321,2847
6d4cd11574ad3598cca9b228bcfcc024,f1b0fbd4eebff392ed4b9886034c29ca,0,193,1022,2292,1022,2099
6a71e43ce6135bfedcb1bbf7eed44028,602d101b136e4db68698ed392214fb26,0,668,1215,3012,1215,2344
6a71e43ce6135bfedcb1bbf7eed44028,a2814c53a9ad9684d1c2370f13b7103f,1811,493,2800,2730,989,2237
6d4cd11574ad3598cca9b228bcfcc024,4e490463cfb4e914e1072d20523b12e9,1707,625,2800,2735,1093,2110
6a71e43ce6135bfedcb1bbf7eed44028,6ed3e34c114e414e1b9b666f4a16d02c,0,0,1160,3518,1160,3518
6d4cd11574ad3598cca9b228bcfcc024,8aaea8ad26744fa23f786699ae38d66e,0,0,1055,3518,1055,3518
6a71e43ce6135bfedcb1bbf7eed44028,b0e0ecb4ebc1f5d82cfb35d84ae40060,1733,0,2800,2651,1067,2651
92c60f890a502766eccdc2fc023dd648,71c1f19a4842cc136e19a347ab1f3952,2056,686,2800,2645,744,1959
af24d324d92c93eb19691dcf04d457fc,a7af04f4d9c78bd493f753b6fe336336,0,0,982,3518,982,3518
6d4cd11574ad3598cca9b228bcfcc024,6b5574429c8b4695701f26fc41da4df8,1747,0,2800,2353,1053,2353
c5e31ae0f941a550e5ee54966c209fab,b55bf9e6151f4cd7bab0bf5651828137,0,546,934,2668,934,2122
99e907d49eb659b4dbbdbb40c3c79e25,68c067fae3271df52f5be18e8e6f7c5f,0,476,1402,2775,1402,2299
c5e31ae0f941a550e5ee54966c209fab,99bd04954e780d728471e46c101e891c,1875,650,2800,2736,925,2086
92c60f890a502766eccdc2fc023dd648,a7ba9c4ceae4c32ffb0548a892025ffb,0,0,1012,3518,1012,3518
c5e31ae0f941a550e5ee54966c209fab,ec59c96406a01ae804e34a15fa3feaa7,0,0,930,3518,930,3518
4deb0059e57a0f562eed1210e3858672,af302563e46c1bc45e4d225a3e4b3465,2132,513,2800,2364,668,1851
4deb0059e57a0f562eed1210e3858672,80cbc56936c4988aa77e8f64c4dba790,0,614,620,2459,620,1845
4deb0059e57a0f562eed1210e3858672,41a249152d4ccb83cc6c2008b67b699e,1929,0,2800,3004,871,3004
977454002a7b7bf39f34abea844b587f,35c6df242101daf8f9bfec675628f9a0,1673,0,2800,2645,1127,2645
977454002a7b7bf39f34abea844b587f,ae59b70e4a56ee40d7dd4e0565d05007,1698,589,2800,2894,1102,2305
96f69471adaac2bdad7539367b0e1289,daa2dc940a848f94fe68f5ced104bad0,0,0,685,2541,685,2541
c5e31ae0f941a550e5ee54966c209fab,81999c639b0f88a28df9b8ed170b9659,1937,0,2800,2571,863,2571
4deb0059e57a0f562eed1210e3858672,3feb9df557bc0ea0b7a5316cc438837a,0,0,802,2264,802,2264
977454002a7b7bf39f34abea844b587f,791a55bcb221ad87e332c9c90a4d638b,0,486,1167,2790,1167,2304
977454002a7b7bf39f34abea844b587f,f617f2c9bd84384d14daacd5400d8380,0,0,1065,2684,1065,2684
96f69471adaac2bdad7539367b0e1289,e1903db5e457961ff8bd95e77faa92c7,2150,258,2800,2280,650,2022
4141898a609bbcdf7fa4e9b49188514e,1d2d50c66ee2e230c6327076c2fe6d00,1750,0,2800,3518,1050,3518
4141898a609bbcdf7fa4e9b49188514e,959df4a4b93f1b7c3c8cbae263cfbe6b,0,746,936,2893,936,2147
96f69471adaac2bdad7539367b0e1289,4387b27413006bf656d90e6ac07236a1,1897,0,2800,2702,903,2702
96f69471adaac2bdad7539367b0e1289,d25d5bf960ab12cbe6d167d566084f97,0,0,805,3259,805,3259
7264c672187822499817a15b5bb3ddb3,8205786e592bdcab2587481ffa1b350b,2086,539,2800,2439,714,1900
7264c672187822499817a15b5bb3ddb3,09e75ac07373f2e576fdcd909993b3bd,2054,0,2800,3518,746,3518
7264c672187822499817a15b5bb3ddb3,85942db8feddc69a71df112fabaeda92,0,595,781,2499,781,1904
7264c672187822499817a15b5bb3ddb3,829cbbdd27eed0a50c728b7a5f2b0683,0,0,791,3125,791,3125
918cedcb0395992fcd80f9b30c8a4325,be8f26fb4c580b52edffb410878c29db,0,389,941,2544,941,2155
918cedcb0395992fcd80f9b30c8a4325,b076a0a0ebecd0bcaa4c1c1201f7ec63,1793,290,2800,2451,1007,2161
92c60f890a502766eccdc2fc023dd648,d54ab347ece125797cf854985df4cb33,0,397,1025,2596,1025,2199
4141898a609bbcdf7fa4e9b49188514e,55e28a0845d8514ef53bff1cf7a72fb7,0,0,1012,3239,1012,3239
99e907d49eb659b4dbbdbb40c3c79e25,1e4a04c084b4f667c01ef1ec678a640c,1615,571,2800,2827,1185,2256
92c60f890a502766eccdc2fc023dd648,7d604901ba2264b05847aa9f59e06de6,1882,0,2800,3243,918,3243
918cedcb0395992fcd80f9b30c8a4325,0481aa2c19c8a7722179a73b1e4e7012,1779,0,2800,3014,1021,3014
bf48785801d058ff231fd3de83e60e07,61b366276447dad4cf073208203191fe,0,312,699,2561,699,2249
4141898a609bbcdf7fa4e9b49188514e,09d71ae86ca0383de5dcbcc40fa421ce,1971,652,2800,2750,829,2098
ee117236523dbd94ef212e6b12eaca61,5cbdd1d7056d58753aab0b2a87c49fd8,0,546,901,3518,901,2972
bf48785801d058ff231fd3de83e60e07,5e281f79c752fd86d23c4da0ddaf6306,1996,293,2800,2599,804,2306
bf48785801d058ff231fd3de83e60e07,04ca0cca9f965745a6ea36af1dabad02,1956,0,2800,3518,844,3518
ee117236523dbd94ef212e6b12eaca61,4fa34b85d006e054e0a87f01686388d6,1908,446,2800,3518,892,3072
bf48785801d058ff231fd3de83e60e07,0ec4e45a754eb62357a3b92b04a8fe0f,0,0,758,3518,758,3518
918cedcb0395992fcd80f9b30c8a4325,633080625c6745b38ffb5d2079de94de,0,0,1148,2937,1148,2937
57674c2def92287668ed5bc51092fbef,dc4694b543793f89c7003f4d52adbbcb,0,685,903,2559,903,1874
57674c2def92287668ed5bc51092fbef,eb03cb74f0b510e45b4ee85c9efa35a7,1839,415,2800,2457,961,2042
4ec36f50747b1c0eaafaa7b6c397e07e,4043d73a880f6043841d4552e0318dd7,2032,181,2800,2212,768,2031
7b152d0e4964211c9a1658932fd00f20,4f7f5dc20ce2eacd3bc1167e02bc8c14,2117,559,2800,2578,683,2019
57674c2def92287668ed5bc51092fbef,d044c9e69bd5411897f1a66bea4dd965,1788,0,2800,2616,1012,2616
4ec36f50747b1c0eaafaa7b6c397e07e,160d04e94d8e586ddb02c624400e842e,1892,0,2800,2502,908,2502
4ec36f50747b1c0eaafaa7b6c397e07e,47c850e488f229764392c70a1e6884c1,0,541,898,2543,898,2002
ee117236523dbd94ef212e6b12eaca61,c23e79de744ae741ec38e1f8db631798,0,0,989,2970,989,2970
ee117236523dbd94ef212e6b12eaca61,2c17214c47f41dd26ce89c30a3d98bdd,1840,0,2800,3389,960,3389
6b3c06d2d750d388c322a2e29333748c,fa7abba17b11caed141660b9d0d7ad83,0,0,1175,2589,1175,2589
6b3c06d2d750d388c322a2e29333748c,a8413bceaa75b7a65d1769638372ca01,1568,559,2800,2844,1232,2285
6b3c06d2d750d388c322a2e29333748c,c8e2f68acd400f6ea9cd3aed300dbded,0,0,1271,3505,1271,3505
4ec36f50747b1c0eaafaa7b6c397e07e,af0d04227d90c616cfa4be9521911a0b,0,0,1001,3178,1001,3178
6b3c06d2d750d388c322a2e29333748c,9ead9b98758e3577eaec1693675071d8,1443,0,2800,2995,1357,2995
7b152d0e4964211c9a1658932fd00f20,9b409f0afd5c26e3710141ea10f9a85e,2044,0,2800,2697,756,2697
552de3e614708be4a4924764def94353,e503d349c1b946568a6967bb32868dbc,0,712,1541,3518,1541,2806
7b152d0e4964211c9a1658932fd00f20,82613831ccf18509099d147db0601d6e,0,0,680,2689,680,2689
7856bc031948b956f0137fb68e58f8fb,fca3c41337cbf018deb14c8927a9faf3,1928,235,2800,2311,872,2076
7856bc031948b956f0137fb68e58f8fb,73f4c4d788a0e4d6a9e6c182dfdbaea1,0,337,862,2391,862,2054
7856bc031948b956f0137fb68e58f8fb,62b819f985b0481aa7328fac96691d7d,0,0,993,2777,993,2777
44b7858bf82b7b55aa46f8d6ad98b56b,e71bb29d2f7846cc0bda2c15c2f67acf,1646,559,2800,3053,1154,2494
552de3e614708be4a4924764def94353,8f452fd92b45edab99b4ecaf3e2a9c7a,1266,260,2800,3518,1534,3258
bf048e93602fb8c1265193ee62148762,f04bb4ecfcb74ca397229d210e82d028,2089,167,2800,2613,711,2446
552de3e614708be4a4924764def94353,01e79ce666e00c526e6e6fd6a7a8180a,0,0,1614,3518,1614,3518
44b7858bf82b7b55aa46f8d6ad98b56b,0d138cd497490234bfc6445140ec13ec,1513,0,2800,3518,1287,3518
552de3e614708be4a4924764def94353,58f13c651edb5ace47ac53af8d4b042b,1221,0,2800,3518,1579,3518
44b7858bf82b7b55aa46f8d6ad98b56b,f8e89a190bbe0b65d5da4e7bcc15aabc,0,0,1282,3102,1282,3102
7856bc031948b956f0137fb68e58f8fb,6b46dd49841ec6f914acf59153fe2b88,1827,0,2800,2498,973,2498
44b7858bf82b7b55aa46f8d6ad98b56b,444cdbf76f02884ca55d8a75d3882526,0,311,1181,3518,1181,3207
bbcd432e606a077de069aa428226ad72,fe5237fcf4ebf0e369694464d9dd50d8,1799,0,2800,2393,1001,2393
76d19084344cb64d186aa35ffb5a0679,8a5107b781702ea2d2ebd80c52a1f2c3,1975,680,2800,2512,825,1832
bf048e93602fb8c1265193ee62148762,83c03739370289cead5ce6b866632b47,0,0,829,2802,829,2802
bf048e93602fb8c1265193ee62148762,a28e885da43dfa8176f3607531c6b339,1947,0,2800,2665,853,2665
70ffa7e3586d87bd331fbb18a291a9ab,0c8a19f4ce1967d26089b16989e01252,717,0,2012,2687,1295,2687
76d19084344cb64d186aa35ffb5a0679,1d4bf382af533e8a00fbb63e7ee9e907,0,657,915,2677,915,2020
70ffa7e3586d87bd331fbb18a291a9ab,6bba3dd5b7770411eabc197ee180c9df,782,0,2012,2812,1230,2812
76d19084344cb64d186aa35ffb5a0679,7cd91e0456e2277092007c84720d2476,0,0,949,3518,949,3518
76d19084344cb64d186aa35ffb5a0679,2c7a4b874ac9359308873bedcf504271,2053,0,2800,3139,747,3139
c67973f8584916816ca0a8c3b43f31b7,296735e46ca07c2247a7796795b6e5a9,0,0,2012,2812,2012,2812
70ffa7e3586d87bd331fbb18a291a9ab,a6f7262547ffceb0ac6cecaef624647e,0,0,1230,2812,1230,2812
70ffa7e3586d87bd331fbb18a291a9ab,e0e72a2f5a6ddfc30a94b70b7baa21f3,0,0,1235,2812,1235,2812
c67973f8584916816ca0a8c3b43f31b7,45954102666aed8b3e1dbbd09f089f5f,0,0,2012,2812,2012,2812
c67973f8584916816ca0a8c3b43f31b7,c4f9e3cb3710b2e0686742dd86aec1de,0,0,2012,2812,2012,2812
c67973f8584916816ca0a8c3b43f31b7,db7f77803480f7e2adbe0ddcf2a75fda,0,0,2012,2812,2012,2812
7b152d0e4964211c9a1658932fd00f20,ea411636862b60108d67bcee2baa1dac,0,834,640,2837,640,2003
57674c2def92287668ed5bc51092fbef,040cc172596bded4092c44094dc33fb7,0,0,976,2495,976,2495
bbcd432e606a077de069aa428226ad72,2eb96fa1761d3c4d79ca6e6d671ec893,0,767,787,3518,787,2751
9f5ce88e76b5c690bae653e76aedc80b,52929b6601a2a35c64691b51f6345f59,1658,0,2800,3518,1142,3518
bf048e93602fb8c1265193ee62148762,a8d54db7bf287c51356340b2fe595224,0,380,660,2693,660,2313
bbcd432e606a077de069aa428226ad72,e04701d5180095944f320448d01c2964,0,0,922,2449,922,2449
9f5ce88e76b5c690bae653e76aedc80b,ebdd44111a12abdfb8846e43788c16a1,0,0,962,3078,962,3078
9f5ce88e76b5c690bae653e76aedc80b,569438811d4355ce1f2fe24256d6b597,0,324,1121,2558,1121,2234
9f5ce88e76b5c690bae653e76aedc80b,2f12b4f8937f36f3affe94fdbeec0ee5,1689,220,2800,2889,1111,2669
bbcd432e606a077de069aa428226ad72,821c5e2ebfc5c54e994db93bab26a152,1978,338,2800,2626,822,2288
51615d3d2d4e2a90900dfda60a1187d0,4712789473896a9bf37ea695e28924cf,0,0,907,3518,907,3518
b9d9e040a3b805990f014d12c7e59f74,c7e55a2a689bfc109de3d950e1dde249,0,0,1069,2515,1069,2515
51615d3d2d4e2a90900dfda60a1187d0,d9025c717611951970e704fc34390447,0,669,914,2710,914,2041
51615d3d2d4e2a90900dfda60a1187d0,ab9e28e95ccb4b879805e3532e83b6ca,1817,670,2800,3518,983,2848
840a7e98575ba78f6676aedd749a09b0,06bb29b24d251036283df49dcd1a0651,0,0,1139,3083,1139,3083
51615d3d2d4e2a90900dfda60a1187d0,582767a4e4c8adf3def984d3dbc3b353,1830,0,2800,3518,970,3518
840a7e98575ba78f6676aedd749a09b0,a91da35c2c5f5b726321511b4157ce36,1679,0,2800,3518,1121,3518
840a7e98575ba78f6676aedd749a09b0,17bceaea0bcbd44c3c89f5d88bbb430b,1732,0,2800,3518,1068,3518
840a7e98575ba78f6676aedd749a09b0,00d2e2e744370b53e27b0d75dcbac582,0,323,1116,2698,1116,2375
ecc6dc352ec7c1bb502b90459ea8ec13,10dd91bebe7ca0b40a5b138af722725c,804,0,2012,2456,1208,2456
ecc6dc352ec7c1bb502b90459ea8ec13,f968a7283b07236f886844a1b6526a2b,0,143,1068,2812,1068,2669
1431cee7caed3c241939646602f04452,54cb879187d00ef99484cd7e71f40f39,0,0,676,2616,676,2616
ecc6dc352ec7c1bb502b90459ea8ec13,b3093450bb1f744c75b5e1ce2ae325f4,0,0,1038,2812,1038,2812
1431cee7caed3c241939646602f04452,c7aed112f0bcbe9e4687e89944768a26,2097,708,2800,3518,703,2810
1431cee7caed3c241939646602f04452,f025399a86f055a0a9159e95a264bf95,0,762,603,2785,603,2023
b9d9e040a3b805990f014d12c7e59f74,e84054a207d9cae45f4acf61bfacb0ba,0,709,1118,3518,1118,2809
1431cee7caed3c241939646602f04452,aad7e4ca3814389ed8caae071ccdde1e,2058,0,2800,2476,742,2476
69dd6d3f724205b2fbf9d2772c3ead4b,c5ec3181872bd864f92adc215bf25fa6,0,124,628,2352,628,2228
ecc6dc352ec7c1bb502b90459ea8ec13,5a38dd05f346ae1369d6fd89dcaa1d02,844,0,2012,2812,1168,2812
69dd6d3f724205b2fbf9d2772c3ead4b,263f28496c79a7b1d94a2dd76be9de8c,1231,0,2012,2540,781,2540
b9d9e040a3b805990f014d12c7e59f74,89e7ac46a73b18d1705c2a6d35e80ed7,1634,558,2800,2758,1166,2200
69dd6d3f724205b2fbf9d2772c3ead4b,1cd16f33ebce79ab90e60dd3e4c5c2f2,1392,0,2012,2304,620,2304
69dd6d3f724205b2fbf9d2772c3ead4b,286d5cab7988cdf63c0f814d130d439d,0,0,751,2812,751,2812
b9d9e040a3b805990f014d12c7e59f74,138143a0a5c107868ddd7389506603ad,1696,0,2800,2356,1104,2356
358d1f2d56ba386c213ad7738324d208,96703e39bad8126d48d8184f7571d753,2123,102,2800,2218,677,2116
358d1f2d56ba386c213ad7738324d208,189d9e901531f2d7a5962f994cc832c8,0,0,779,2780,779,2780
358d1f2d56ba386c213ad7738324d208,96f329bdfacf98c8a050a380b16478c0,2026,0,2800,3518,774,3518
2423cb95d8fa822dd87663f57f995c4e,e97eb73b257972c909422cc65d64491a,0,500,713,3201,713,2701
2423cb95d8fa822dd87663f57f995c4e,395bca158c0fcea6171e410a19a019a8,0,0,854,3518,854,3518
2fc8d3cea2b51cc6c683d3f2ffe5174f,076c4ce0e89282066aacabd68bd8d98d,0,377,968,2679,968,2302
1f781b199f501743d144aefad7e15fe6,6ec0abd1bf2925a5b82ffade6251b4e9,0,780,854,2600,854,1820
1f781b199f501743d144aefad7e15fe6,60990de0d3285e3909f8bed5861eb1f4,1965,343,2800,2276,835,1933
2423cb95d8fa822dd87663f57f995c4e,f55dbda9207ed3d2782f3fe5aebee579,1981,0,2800,2125,819,2125
414efa3e472624a1acfe765ccb81ee14,6b05f8f20bae19b284af044583984ac4,1819,514,2800,3142,981,2628
1f781b199f501743d144aefad7e15fe6,7259eb89d79d83fd71408cba486c8a43,0,0,829,3389,829,3389
414efa3e472624a1acfe765ccb81ee14,37acf1dccdc42762a4b33d6df0e5a7ef,0,649,936,2792,936,2143
358d1f2d56ba386c213ad7738324d208,d8f14151eefa786fd565e5e04933f041,0,648,755,2628,755,1980
414efa3e472624a1acfe765ccb81ee14,6fa57710ab17ee8707a27ef7220bb420,0,0,912,3274,912,3274
2fc8d3cea2b51cc6c683d3f2ffe5174f,a28dbd003c2a1b305c64bd31d269ecc5,0,0,1041,3074,1041,3074
2fc8d3cea2b51cc6c683d3f2ffe5174f,6573a5c0e47d15018a297f050793f7cb,1891,665,2800,2863,909,2198
6f38e28da5668016d08eab7dd6bca0cb,8ece90b03696417ed9864d0d32369e00,1780,460,2800,2571,1020,2111
6f38e28da5668016d08eab7dd6bca0cb,d05af4762de6dd974729eb0aabe579fb,0,0,1037,2457,1037,2457
2be48c55c44fa1fdc4fca0ab8b2c34e8,5893a2e5c508a2f027ee3d86b942a542,1737,0,2800,3518,1063,3518
2fc8d3cea2b51cc6c683d3f2ffe5174f,8940ad49fa7868273e887fbd15defcdb,1809,0,2800,3042,991,3042
6f38e28da5668016d08eab7dd6bca0cb,30ce8c377cc91687e745c47cc8e37f4e,0,551,1089,2711,1089,2160
414efa3e472624a1acfe765ccb81ee14,06cdd12be528ea163f76f0dd3764697e,1877,0,2800,2857,923,2857
6f38e28da5668016d08eab7dd6bca0cb,2515d73dc671742438a80f7486bd1af0,1826,0,2800,2501,974,2501
ff5c656fb6757b708d64d2ebdd33c421,5c7c3eab43acdb5f4b8ba8b7cdfd5c27,0,0,911,3580,911,3580
2be48c55c44fa1fdc4fca0ab8b2c34e8,5a5ac31ff9c7eb3b5e1361ddf956d7ad,1762,654,2800,2777,1038,2123
1f781b199f501743d144aefad7e15fe6,f06eba336f02004f9ac59377238b5a7f,1948,0,2800,2273,852,2273
ff5c656fb6757b708d64d2ebdd33c421,6cab0db67458b7c2bf4afade630adee5,1939,1031,2812,2893,873,1862
2be48c55c44fa1fdc4fca0ab8b2c34e8,6e63b922eb2ed003d56135f4aa941f4d,0,688,996,2764,996,2076
2be48c55c44fa1fdc4fca0ab8b2c34e8,6ffec79bad5fc7b0f4312b8228876158,0,0,1024,2456,1024,2456
9691e35f893631431320b30caceb00e1,bf335a2098bd65312a5503859187a56d,0,0,1114,3518,1114,3518
f6d656f6be7a7501430d580670a5a32c,7beea748dfb9b51008696457232229b4,1882,662,2800,2714,918,2052
9691e35f893631431320b30caceb00e1,b20d49e3b6c1442df28f229b9135cac9,0,311,1123,3518,1123,3207
ff5c656fb6757b708d64d2ebdd33c421,11ae77d09d90780bb56ed52bcefb4272,0,742,851,2748,851,2006
f6d656f6be7a7501430d580670a5a32c,6b94bd2932a70f80de80b4f5e613fc1e,0,0,1062,3518,1062,3518
9691e35f893631431320b30caceb00e1,f102c8d6a047cffe2f7c60099befbb69,1637,0,2800,3480,1163,3480
9691e35f893631431320b30caceb00e1,3f51ef24506c60dec705a04dffc0e53c,1624,360,2800,3518,1176,3158
674410c521b869b22e6f826e98fd4db1,742fac8b19b5cda4498e4bf5bf843042,0,0,1101,2454,1101,2454
2423cb95d8fa822dd87663f57f995c4e,9d89911bde54295fa8929b42c521f93c,2127,641,2800,2521,673,1880
f6d656f6be7a7501430d580670a5a32c,f7958c69f19c149a77cd635a587b0817,0,566,926,2669,926,2103
8c0e4c6b43edb9a6d7c2e4b82df78441,b1f95c8d9f0f3b41926a3b1066ae599a,0,0,1055,2817,1055,2817
8c0e4c6b43edb9a6d7c2e4b82df78441,ff6b2beb46a8caf9c1538b4959502fb6,1590,194,2800,2469,1210,2275
c8be72337ea969d935bfe8e0a20e376e,650fa8b88dbd835ea6fe65afffdf46ae,0,0,775,2146,775,2146
c8be72337ea969d935bfe8e0a20e376e,c440e178bb3f7874aa1d6a4b10e66105,1967,0,2800,2330,833,2330
6c1e2ba57dbae930626624bf0e3a7357,131072f302be205056e13534e5bf78bc,746,0,2012,2812,1266,2812
674410c521b869b22e6f826e98fd4db1,f8bfea7bae6392d0db67fddb39dcee32,1629,0,2812,3580,1183,3580
6c1e2ba57dbae930626624bf0e3a7357,4b5c03776957085c6083e4046dd59580,0,213,735,2231,735,2018
6c1e2ba57dbae930626624bf0e3a7357,f6b19e19ebc1302afc17c9a3140a4ae9,0,0,997,2812,997,2812
3e238421fc8c7cbbb70e2c11dd167c91,0c9b74a8b67f0d8c9d854e3fe7dc56e2,0,141,967,2494,967,2353
8c0e4c6b43edb9a6d7c2e4b82df78441,83554568deca4eccce57935beaf41728,0,777,1032,3017,1032,2240
8c0e4c6b43edb9a6d7c2e4b82df78441,b6cbaaa0dbe6f7c04c6988e6b766bad7,1763,0,2800,3180,1037,3180
c8be72337ea969d935bfe8e0a20e376e,98a271ac96be8a5bae0ab1fe0666a002,0,579,774,3497,774,2918
c8be72337ea969d935bfe8e0a20e376e,0d58856b402c571d3fa0fc19d26267ca,1951,342,2800,2905,849,2563
f6d656f6be7a7501430d580670a5a32c,1112859848238381a41431bfaf644dfc,1804,0,2800,3518,996,3518
674410c521b869b22e6f826e98fd4db1,ea3a74a576e8034ff523de62665ed2f6,1744,367,2812,2635,1068,2268
6c1e2ba57dbae930626624bf0e3a7357,4378da3cc78d3075cfdd64037baebf88,1118,0,2012,2098,894,2098
ff5c656fb6757b708d64d2ebdd33c421,4a06e41e38450e4c6e743b8e8da1ec60,1638,0,2812,2930,1174,2930
674410c521b869b22e6f826e98fd4db1,37855be995dc25335b6baeae572e638d,0,0,950,3061,950,3061
3e238421fc8c7cbbb70e2c11dd167c91,3a4676a0b368a5528b767269dea02911,1142,130,2012,2322,870,2192
3e238421fc8c7cbbb70e2c11dd167c91,8b10bcfb5730234967516b60b5cdca26,1135,0,2012,2536,877,2536
65f32b9509f23160d5b97278c6907533,8f0a148ba9bb57eae32efba975284726,0,759,765,2692,765,1933
a3e031a4068880b424f151f0d116d30e,45dad148eeb05b689550308784fe8e86,1096,0,2012,2318,916,2318
a3e031a4068880b424f151f0d116d30e,19b75de11f091838544d453c7be843f3,0,0,1006,2649,1006,2649
65f32b9509f23160d5b97278c6907533,ee986a75c080cbc090fb9025f1e8cd50,0,0,811,2342,811,2342
a3e031a4068880b424f151f0d116d30e,e265d2ffeca1a1fb9e5002685eade4af,0,196,881,2335,881,2139
65f32b9509f23160d5b97278c6907533,2cbe47acc8fbc14643fc0e0ade6d1c99,1959,0,2800,2485,841,2485
65f32b9509f23160d5b97278c6907533,a9ef5e5d2509e5066d57b2797fdd5366,2162,885,2800,2700,638,1815
a3e031a4068880b424f151f0d116d30e,caf7f170017cecffac40e98d338ea6b4,1040,0,2012,2601,972,2601
3e238421fc8c7cbbb70e2c11dd167c91,55cd5eea14f225f04557321801fd0e0d,0,0,896,2592,896,2592
9b720facd58a23aef24bee0823ba5a27,49e757c509c633f54b21447980a8354e,2109,1130,2812,2922,703,1792
9b720facd58a23aef24bee0823ba5a27,7eaef20a37390493cc62d4e272a5748b,1998,0,2812,2236,814,2236
476f21cb4b0c2f3916a89a3f9e2c8680,6ae890c5fc75ae798958ff12d6c8811f,0,0,736,2787,736,2787
9b720facd58a23aef24bee0823ba5a27,338460bf0c6de576629169b75370964b,0,0,689,2148,689,2148
476f21cb4b0c2f3916a89a3f9e2c8680,6087abf63a2591d3809cf91776aaf2a5,2086,0,2800,3337,714,3337
9b720facd58a23aef24bee0823ba5a27,0dc38f7b2936fff46ec10a0beb5aaeb2,0,818,697,2513,697,1695
0ba0f88bfd64d856fb97f6efce9f27a4,95ffa3c9f7e6b603a91bf1ed396c72f9,0,511,834,2494,834,1983
0ba0f88bfd64d856fb97f6efce9f27a4,0df36d5cf858610fc745bf5dc1897f93,1903,323,2800,2223,897,1900
476f21cb4b0c2f3916a89a3f9e2c8680,c587fed702e370d8a0d8b65275365af1,0,956,647,2830,647,1874
c75f29e40062ada3712dacb7e52164a9,3ed619baec3fa10f339fa1afd6d7b299,2075,0,2800,2687,725,2687
c75f29e40062ada3712dacb7e52164a9,e1e5eee7e6e50b30655622571b2b6dff,1989,611,2800,2605,811,1994
476f21cb4b0c2f3916a89a3f9e2c8680,aa2cb389143d35a112b71ad5d9445d53,2196,445,2800,2403,604,1958
0ba0f88bfd64d856fb97f6efce9f27a4,69eaf5bbc558e6fe1d3a2a383ee3a501,1881,0,2800,3481,919,3481
c75f29e40062ada3712dacb7e52164a9,b51d99769d16f5e67a7f75cabceba6b3,0,390,752,2542,752,2152
20b3698911f06d11e3ca0b7795da1697,c100ab9ca2912ca03c5b04288b8b58b5,0,537,905,2700,905,2163
0ba0f88bfd64d856fb97f6efce9f27a4,e82bec5abcb1b548100a65c2591819c5,0,0,875,2427,875,2427
20b3698911f06d11e3ca0b7795da1697,6cd3641d2e82f034de9d96e3668c15e2,1824,413,2800,2398,976,1985
34672b5e8b71fa86279dd8708203f43f,1df3866d1e140f3dcc562f07a7e6a374,2064,0,2800,2614,736,2614
34672b5e8b71fa86279dd8708203f43f,0aea7c93548264df3e9ffe32613ca3cb,2114,464,2800,2639,686,2175
34672b5e8b71fa86279dd8708203f43f,1189700d6c3880b60adbb5b44430675d,0,635,653,2464,653,1829
34672b5e8b71fa86279dd8708203f43f,8c1f7c5909a914419283ec268d8e79bc,0,0,707,2441,707,2441
018745b22cf81ee554e0d9c9147a78ad,83d89dde5243c74fc0e129d1952f1d68,0,0,726,2376,726,2376
c75f29e40062ada3712dacb7e52164a9,e9d19a88d77766b2059fe7a7f49dbe9f,0,0,737,2693,737,2693
20b3698911f06d11e3ca0b7795da1697,2e9a524fb8cc9a63d86575d0089589d2,0,0,891,2443,891,2443
018745b22cf81ee554e0d9c9147a78ad,8083259693e90847d21e137516155bab,2124,846,2800,2488,676,1642
35b1dc1d1cf0dadcb3e6e11cb38ba905,7582878c9c717ce4aeba81c4e4030e44,1814,228,2800,2512,986,2284
018745b22cf81ee554e0d9c9147a78ad,7b956df1434ed7921b9e377ecdbf60d0,2106,0,2800,2604,694,2604
018745b22cf81ee554e0d9c9147a78ad,dcc451349cd225bf8031533b185aecac,0,779,570,2484,570,1705
e2d645ca643e33e70af9e366788f5280,d18019da81da37f91d632c2bfb9c3464,1464,0,2800,2670,1336,2670
35b1dc1d1cf0dadcb3e6e11cb38ba905,7455fecae0a2204b716c83b9b4e489ee,1858,0,2800,2503,942,2503
e2d645ca643e33e70af9e366788f5280,b5f076787ec3dbf90cff413c478102c4,0,667,1268,2883,1268,2216
cc9e8d3d8e27bd4e563bb70dec2f96b6,d6d1cb773506a9384f6e26aedf1d6bec,0,0,832,3518,832,3518
35b1dc1d1cf0dadcb3e6e11cb38ba905,5bd88332c0db07dd66f5ee28ddecb38f,0,380,1049,2654,1049,2274
35b1dc1d1cf0dadcb3e6e11cb38ba905,50636a8c499fbb384deff54937150d8d,0,0,983,3194,983,3194
20b3698911f06d11e3ca0b7795da1697,4bc678ce0fbc21579fd67df38def4917,1883,0,2800,2469,917,2469
cc9e8d3d8e27bd4e563bb70dec2f96b6,05a3da0112d374d1d3c4e2eb8107fae5,2086,685,2800,3518,714,2833
cc9e8d3d8e27bd4e563bb70dec2f96b6,e9cff6b736804709c9667f589d306573,1999,0,2800,3245,801,3245
9b24b3af1eda9310f1a0d213d06001ab,f984fdd790971c6e8fde3d1c4eecaba6,1910,0,2800,2625,890,2625
cc9e8d3d8e27bd4e563bb70dec2f96b6,a73173d9f682b5295468f5cc1619fe4d,0,696,706,2979,706,2283
9b24b3af1eda9310f1a0d213d06001ab,f74c84dbe8245f6c05488518d6e807e3,1843,0,2800,3518,957,3518
9b24b3af1eda9310f1a0d213d06001ab,72eb142a93824b699fa99fc265ea158a,0,0,1125,3518,1125,3518
9b24b3af1eda9310f1a0d213d06001ab,fb3eca52ff53f6b49df9ea75bf2b9dd7,0,0,1120,2424,1120,2424
e2d645ca643e33e70af9e366788f5280,c0ee917467a583882f00f1028c9fbdf0,1471,471,2800,3518,1329,3047
e2d645ca643e33e70af9e366788f5280,204575999e121e96858f43ac9a47c354,0,0,1281,2580,1281,2580
41fc9cd68aeac05dbac79a2df78ceeaf,621eb3efd2133d06ab0c54e0ae698ac5,1731,502,2800,2786,1069,2284
41fc9cd68aeac05dbac79a2df78ceeaf,817f4d0f0d4f3075ce0e2d7697ec7a72,0,0,1149,3518,1149,3518
1b0159b807d5cb1b78c725f6e7a7a4c8,c402f98094562bf49c70d7546853a8ee,0,557,1094,2866,1094,2309
41fc9cd68aeac05dbac79a2df78ceeaf,72c65d6e7f4801fe8075354bb1e02c56,1675,0,2800,2840,1125,2840
1b0159b807d5cb1b78c725f6e7a7a4c8,33ece35d047ea94d9b6b95df9500b1a3,0,0,1095,3379,1095,3379
228e312c7de19f6987a9673a7413f03a,52715c4d9cc48d3fb5409dd4bea93c29,0,342,697,2812,697,2470
228e312c7de19f6987a9673a7413f03a,d8632478a1891cc2e59c29ccba3e45a4,0,0,752,2812,752,2812
1b0159b807d5cb1b78c725f6e7a7a4c8,68ed039744b890f652cbc5db048027b0,1811,268,2800,2565,989,2297
228e312c7de19f6987a9673a7413f03a,2fd2bc34060cf17650edb7d69bccf16e,1238,0,2012,2458,774,2458
1a4033c1ad34f6f1bcdc055ee8908a52,8f1f06ca0ad61783bd6e20d91ebf7c63,0,0,805,2206,805,2206
41fc9cd68aeac05dbac79a2df78ceeaf,93ae13702aa25469c3b879e07db04cc0,0,421,1247,2746,1247,2325
020fb13ada43661951e3cbdf48502914,a1c475bdf83ef4d3387214524778b8c8,0,750,634,2615,634,1865
020fb13ada43661951e3cbdf48502914,c6d3f123e31c7b258c90a243141c535f,2164,0,2800,2567,636,2567
228e312c7de19f6987a9673a7413f03a,77f19d03b0f9e6ee91f5de35f3407fdd,1347,31,2012,1828,665,1797
51c7d1b91a47f5ed5a32f8921d722e71,ca6794820bc1500f2bbd4723bce11a43,1953,428,2800,2459,847,2031
1b0159b807d5cb1b78c725f6e7a7a4c8,d0b6cf76c561aff5c4c950796422bb4f,1691,0,2800,3189,1109,3189
ca781ecf68db5affcc1fe801b5bd9086,66b962a5de496a452ecfd5bbb5e1fcfb,0,362,942,2729,942,2367
ca781ecf68db5affcc1fe801b5bd9086,0d306fe0ed010a47d7fe0d3d49378f30,0,0,992,3518,992,3518
51c7d1b91a47f5ed5a32f8921d722e71,0572eb892301d32cd27d7c361f8798c0,0,0,938,3442,938,3442
ca781ecf68db5affcc1fe801b5bd9086,5c6a294d6c81c4fd5337a21bf3ac4809,1818,277,2800,2564,982,2287
51c7d1b91a47f5ed5a32f8921d722e71,8f35f008e870cae44e03ee965bc0b31b,0,146,844,2258,844,2112
d6c3a1e16da2f6e70afbd98928563309,4daea1bc9a976fdccd064ec10047e44f,898,110,2012,2516,1114,2406
efb9e739d8aa6874473596924788e235,9abc8b88eec70ff83db11943b0ec0cb0,0,657,825,2805,825,2148
d6c3a1e16da2f6e70afbd98928563309,c12b83d9a3572f008361f42dd27f0b40,0,371,984,2553,984,2182
efb9e739d8aa6874473596924788e235,23a7a906b1a39324947547eac150f558,0,0,957,3518,957,3518
efb9e739d8aa6874473596924788e235,ceec2134646ae34878a45d777c7de5d9,1943,0,2800,2837,857,2837
efb9e739d8aa6874473596924788e235,c5dd8986200ecfa86c2e1abce2363ca4,2058,258,2800,2429,742,2171
1a4033c1ad34f6f1bcdc055ee8908a52,56ed2f6f7eaf94dfa51eb4c2d31a8bea,1929,0,2800,2528,871,2528
d6c3a1e16da2f6e70afbd98928563309,df7db8882dc82904c28f6d6112a469d2,944,0,2012,2625,1068,2625
d04a2152c12772782b1d544d0c198cd3,5e644f0ee57d186c403b00fbdd098f8d,0,259,804,2550,804,2291
51c7d1b91a47f5ed5a32f8921d722e71,11d4b789176ae3243c9d9c1d142fa9c9,1725,0,2800,3090,1075,3090
d6c3a1e16da2f6e70afbd98928563309,2af07c6b734ec8a1d9702df2da0bca19,0,0,1033,2445,1033,2445
020fb13ada43661951e3cbdf48502914,2dd1b1a043e7c3a50ef6c3d119c3652a,2231,575,2800,2470,569,1895
d04a2152c12772782b1d544d0c198cd3,42a4c1372a7611ffa47ffc9264166055,0,0,774,2473,774,2473
1a4033c1ad34f6f1bcdc055ee8908a52,e1fecdf278b32667ad693abdcec912ca,1895,304,2800,2345,905,2041
ca781ecf68db5affcc1fe801b5bd9086,0f40706b427f2b7a14730e08fef7f0de,1747,0,2800,3518,1053,3518
d04a2152c12772782b1d544d0c198cd3,f8757b03fea61bfc67c72f0c0acb1c92,2016,391,2800,2390,784,1999
1a4033c1ad34f6f1bcdc055ee8908a52,17a96ba2165c986729ad3a01f9cf02e8,0,647,815,2554,815,1907
d04a2152c12772782b1d544d0c198cd3,2849bc5024a628bf7f211120a5f540dc,2008,0,2800,2368,792,2368
020fb13ada43661951e3cbdf48502914,175a3e66eccf3cabb5dd92745aff8f67,0,0,670,2534,670,2534
a08a7bdab2b2d0b20aa615e96e34f401,6daabc20cc1a4196a24f04c15602b2af,0,0,856,2639,856,2639
a08a7bdab2b2d0b20aa615e96e34f401,a7482f4679fe6e11749f184a055ba6a7,0,336,810,2433,810,2097
a08a7bdab2b2d0b20aa615e96e34f401,a7dbd6b16716800c33686ca5033cc50d,1165,46,2012,2812,847,2766
a08a7bdab2b2d0b20aa615e96e34f401,1033c2de80d835cd6844e22184c93117,1173,0,2012,2390,839,2390
adde5b2c6e374395c135891015f2c0ae,ac15d985f7f77c4cd11d12f66428ddfe,1391,0,2012,2348,621,2348
adde5b2c6e374395c135891015f2c0ae,e8f75bbbafec8f9c214099bf3159a50d,0,0,773,2098,773,2098
fcc67ac333b35f981f75ac4ee37bcd23,be98abc0b60bd2e76fb783d1f9ca621b,1030,150,2012,2507,982,2357
adde5b2c6e374395c135891015f2c0ae,a9e59c394776153682dc95c8f9598ed1,0,257,669,2812,669,2555
5d10247d2e8ad8afeaee42bfab8cf0c3,bb4bd6a5485a0ff0798ef4202f79c5c0,0,0,950,2300,950,2300
fcc67ac333b35f981f75ac4ee37bcd23,d718d396954f20dc9b4bebf75ebbec3c,982,0,2012,2254,1030,2254
5d10247d2e8ad8afeaee42bfab8cf0c3,ef43d27c619586d6337c58096ac58ee2,1138,0,2012,2443,874,2443
adde5b2c6e374395c135891015f2c0ae,3a17321f7371fb3ece84f120c9c978cf,1519,106,2012,2099,493,1993
5d10247d2e8ad8afeaee42bfab8cf0c3,1471615018ac873e051cc53e20c33668,1029,0,2012,2812,983,2812
46f3533c03e53970fb02be7c7eb50529,b85b4b2d3cd84b15f923c21318a9d095,901,35,2012,2446,1111,2411
46f3533c03e53970fb02be7c7eb50529,62fc459224f52c9b3cb86866e745f734,0,123,1057,2812,1057,2689
fcc67ac333b35f981f75ac4ee37bcd23,8fc59047248e3987d06d3c7fc85f38cd,0,0,980,2812,980,2812
5d10247d2e8ad8afeaee42bfab8cf0c3,025df0d3645c1abb3338dec7eb3bb8fb,0,164,897,2663,897,2499
d7d5196d03618cd9c495f021f5c00bcb,61018829ae6e0c793ef62bfda419d18d,1926,0,2800,2858,874,2858
46f3533c03e53970fb02be7c7eb50529,2e9f920358d36a89d4a15208fce16bdb,849,0,2012,2666,1163,2666
d7d5196d03618cd9c495f021f5c00bcb,23a2819e8e845ddddc5279083e2bcceb,2008,658,2800,2532,792,1874
38ccecf62d7135522f0a8de07193c64a,374b9baef4c999b4389217e68abe4c0c,1923,572,2800,2567,877,1995
fcc67ac333b35f981f75ac4ee37bcd23,62efed38413548b6f689bba9a1d1e355,0,0,1036,2330,1036,2330
804687e26ea6825811fe5acce6906a45,65f0f221fc0db5849f170a48b718ef2c,1340,86,2012,1949,672,1863
d527d2da09a1cc3afddac4edea115093,e5331735c9339191b7a84ac6def33254,2092,95,2800,2305,708,2210
38ccecf62d7135522f0a8de07193c64a,af1c039e93dd18971556b4c49cf1a8e5,0,547,1015,2648,1015,2101
d7d5196d03618cd9c495f021f5c00bcb,ab01196f30ba4ad912165271d07384e3,0,604,820,2457,820,1853
804687e26ea6825811fe5acce6906a45,5214b63030ff5dbb46217abbcd9d0933,0,0,849,2503,849,2503
d7d5196d03618cd9c495f021f5c00bcb,19e97e5acdbc84508067bd86daaf3a0f,0,0,901,2728,901,2728
38ccecf62d7135522f0a8de07193c64a,ba581550639a403c58ceff3569dff2bf,1625,0,2800,3518,1175,3518
804687e26ea6825811fe5acce6906a45,a273c933434bee256ee833152b4a4354,0,701,711,2549,711,1848
ba5c23ed30e5119707fbce433d3caed1,80262b11e5fcd25116328a44e29164de,1948,387,2800,2366,852,1979
804687e26ea6825811fe5acce6906a45,c222385311612b4706da66d678f453a9,1209,0,2012,2812,803,2812
ba5c23ed30e5119707fbce433d3caed1,e6a75906683646a395058f5011ddecd5,0,502,886,3518,886,3016
d527d2da09a1cc3afddac4edea115093,8857421850b25eb9f544bdfbe50ea88e,0,605,725,2633,725,2028
46f3533c03e53970fb02be7c7eb50529,cf758245555d789c8ba5f6afefd86e0d,0,0,1109,2812,1109,2812
0d8be891e56727be9d1b55fda7131f4c,942a86fd37945bcadec53065ebd3f87e,2121,399,2800,2244,679,1845
0d8be891e56727be9d1b55fda7131f4c,5082b35eae45eb56ee536cb501c8494b,2032,0,2800,2112,768,2112
04bcbfd7491cb850f6f8a01a3c3c1361,5c278ab7c494c3620df281577c5c6dc8,0,0,1055,3518,1055,3518
9d16b9734f23b94c8e862518fe6248ef,512f40a41be78913adfc0a5323347ccd,0,320,830,2812,830,2492
9d16b9734f23b94c8e862518fe6248ef,26c65eff4e1afe520bf1f6bf5d041a4e,1241,0,2012,2812,771,2812
ba5c23ed30e5119707fbce433d3caed1,ebd2a014e202713b4ccb1be2b7041bf2,0,0,866,2312,866,2312
0d8be891e56727be9d1b55fda7131f4c,f9b19286c33b41ae0132e4d428241e75,0,495,775,2496,775,2001
04bcbfd7491cb850f6f8a01a3c3c1361,6564d2c57d2f23c96d73cc6f21ec78bb,1822,0,2800,3394,978,3394
d527d2da09a1cc3afddac4edea115093,7957f76ecf3ed2372ba0fa1f1a38a4e2,0,0,792,3518,792,3518
38ccecf62d7135522f0a8de07193c64a,444c80972afece7e3b44aacd153fc049,0,0,1141,3158,1141,3158
04bcbfd7491cb850f6f8a01a3c3c1361,f715a274931955315a54ae3463c03cd8,0,580,879,3518,879,2938
04bcbfd7491cb850f6f8a01a3c3c1361,c543a2cdd156d18be46dfa4c9d42cf5d,2000,458,2800,3518,800,3060
0d8be891e56727be9d1b55fda7131f4c,aa524db82e7d0c908504d341c2281c6b,0,0,868,2293,868,2293
d527d2da09a1cc3afddac4edea115093,936a5b4a4408e1b12a10029eee914521,1926,0,2800,3518,874,3518
9d16b9734f23b94c8e862518fe6248ef,c556c9df38ea17a91567eaf8feb80f3d,0,0,752,2812,752,2812
c892d94886feb085501083abb87aa66e,68afdb7a4ae6605e914b0220b1f70b3a,0,143,1066,2812,1066,2669
02a3aa52d69cf2f7af06bdb282ea033c,bcd1f7e81a9813c28d3e050f9b607743,2170,0,2800,2890,630,2890
02a3aa52d69cf2f7af06bdb282ea033c,77235aeca341b95f6388bad764501417,0,668,697,2585,697,1917
02a3aa52d69cf2f7af06bdb282ea033c,8be986fb945c9cc443e0b8a8f1795363,0,0,606,2666,606,2666
02a3aa52d69cf2f7af06bdb282ea033c,9942349d44d675d7cdd976d6026e03ba,2164,655,2800,2541,636,1886
90afd421596c5b48c12fc1d017d04872,9aed67a8a2b15e9f0e60e466ffc848d9,1261,0,2012,2812,751,2812
90afd421596c5b48c12fc1d017d04872,856fdc4a630b01a4f858abf20d185320,0,385,609,2277,609,1892
aa500e7685bcb0f515e3d47cdf2bac33,0a1dfa3cc1714e83df8d5679705f897b,0,0,876,2850,876,2850
9286ae40d5183aff3d9108b8d69bf984,e1da7561ac17ac32dd67686e556d267c,0,412,1053,2812,1053,2400
c892d94886feb085501083abb87aa66e,fcb3d50de8d28d9d11a78066935032b1,979,331,2012,2812,1033,2481
9d16b9734f23b94c8e862518fe6248ef,7316d9f4913f0da2e720cc360ff74025,1161,204,2012,2812,851,2608
90afd421596c5b48c12fc1d017d04872,75f3af5b8271f924fff0d81cfa168c42,1326,587,2012,2311,686,1724
9286ae40d5183aff3d9108b8d69bf984,ab6fbfb106d5745511fbd66719625461,0,0,1155,2667,1155,2667
9286ae40d5183aff3d9108b8d69bf984,0102ef460bb7a9f7ffe8f3506b5912af,748,0,2012,2812,1264,2812
90afd421596c5b48c12fc1d017d04872,0f0307605ff961f743e68ba59bdbd339,0,0,659,2281,659,2281
9286ae40d5183aff3d9108b8d69bf984,291cb2b154fdc6debe19a539c849e283,884,0,2012,2465,1128,2465
aa500e7685bcb0f515e3d47cdf2bac33,fd2b28b5ca6c54c48ca547afad6855bd,2054,984,2800,2825,746,1841
7245d5fb64d9c96f040b75737bd495b5,765171ebb0ac20a2d9f695eab4868c8f,2072,631,2800,2689,728,2058
aa500e7685bcb0f515e3d47cdf2bac33,5aef5e99cfab9291bcd1f06662dab81a,0,536,798,2415,798,1879
c892d94886feb085501083abb87aa66e,5d56291bbff9e7beaa5ba63a16bac4af,0,0,1108,2812,1108,2812
7245d5fb64d9c96f040b75737bd495b5,cf9f83d04b48565e6c2badbd8e18b9b4,0,1065,726,2966,726,1901
aa500e7685bcb0f515e3d47cdf2bac33,6f858d4db04378848c0f4f4dd9527004,1980,0,2800,2800,820,2800
e143a46add4467c495de13523da85ae7,890c006881f7435304d7bdaf09fab23d,1296,508,2012,2707,716,2199
c892d94886feb085501083abb87aa66e,f319c7ed2bcdb7baa66439701e106010,938,0,2012,2812,1074,2812
7245d5fb64d9c96f040b75737bd495b5,d2e8d5a43eb762d8ffdbe202143f66de,2027,0,2800,3518,773,3518
e143a46add4467c495de13523da85ae7,360f05d0ab26ad6bbd053a2c8a262c0f,0,0,726,2305,726,2305
7245d5fb64d9c96f040b75737bd495b5,595203fecf5ad2820ff564ced23dc8d2,0,0,806,3518,806,3518
b0f0445bb7635437754810c3e1c3f6a4,9a386ec44fafb97de4020965c1978d46,1796,467,2800,2605,1004,2138
b0f0445bb7635437754810c3e1c3f6a4,0105c2436bc63f4be6c2ec764c3d5b45,0,622,946,2725,946,2103
b0f0445bb7635437754810c3e1c3f6a4,eb5ca0837e5d019bafb35f38265b9847,0,0,1049,3518,1049,3518
e143a46add4467c495de13523da85ae7,09752edd7f169dee8968f1a4a2d317a1,1268,0,2012,2194,744,2194
ed9c3ced63b8194c9d91c4ebc531b010,e3b4c422a84ae3c547e597152b135350,0,0,1046,2598,1046,2598
ed9c3ced63b8194c9d91c4ebc531b010,e556068449cf3a85fcff1a1f1c1f3169,0,452,987,2598,987,2146
b271a3de4ea194106b0716f7f6952fd8,0830b21750b7b3bcc2916b681a5a708d,0,458,982,2900,982,2442
e143a46add4467c495de13523da85ae7,455bb49aa734cef8d5d9d4e4e4316acc,0,175,732,2270,732,2095
b271a3de4ea194106b0716f7f6952fd8,ab7c9214b7e978dc6c5a6da2124a785a,1770,0,2800,3518,1030,3518
b0f0445bb7635437754810c3e1c3f6a4,40333d97fcc96134349f2c245fe9806e,1725,0,2800,2581,1075,2581
c03e1172b4a1c1d9c3d46d74ab5ef852,3fa908e04e0a1cf5993c35f196f03dff,0,180,860,2812,860,2632
c03e1172b4a1c1d9c3d46d74ab5ef852,7b4df648d94013dcd456b91ffa6526db,1104,105,2012,2812,908,2707
c03e1172b4a1c1d9c3d46d74ab5ef852,d00c7b7d4db5d574297f4272af69cfb2,986,0,2012,2812,1026,2812
ed9c3ced63b8194c9d91c4ebc531b010,c569fb2f1e28de0e3eb7470300e94d5c,1758,0,2800,2710,1042,2710
2456b6533b508d05599e0e0e46b57e91,7d22b1584c169cd5aa109fcb2e79a2b5,1995,590,2800,2302,805,1712
2456b6533b508d05599e0e0e46b57e91,d7cecfb584d2dc7536c44e36e02b788e,0,0,797,2661,797,2661
376ae19bc34e31e810e9295f1e27085b,ccf56b77fcf60a23eea0cd8db751df65,0,894,759,2695,759,1801
1bdc4c4af6943d17983d65c4234307b9,b7d6be99ffca6893d9880b4ed57576c0,0,555,982,2834,982,2279
2456b6533b508d05599e0e0e46b57e91,ef71a057dd0e8656f88d3c827fe26416,0,693,765,2386,765,1693
376ae19bc34e31e810e9295f1e27085b,ee39637e7fe3ba24b73b26327e419834,2110,717,2800,2411,690,1694
aa8149ec929a0194c2b8871de84e8dc8,1c522e11fbb8134687f57cfb83226db6,1897,611,2800,2627,903,2016
23a6a0609517ef93a157bcacaebc65ce,708777d92657bc9de1033cc61a6a4c4a,0,547,737,2458,737,1911
1bdc4c4af6943d17983d65c4234307b9,598f6db7405829b7b0d993eae9c00a2f,0,0,971,3518,971,3518
2456b6533b508d05599e0e0e46b57e91,063c69a45decd298db6b6f286436d01c,1987,0,2800,3398,813,3398
ed9c3ced63b8194c9d91c4ebc531b010,441e0fec8bac5f4dfcc2bcac5f210195,1728,536,2800,3357,1072,2821
b271a3de4ea194106b0716f7f6952fd8,14d52283a2fb2232860ea7cb1e4b8ab8,1820,303,2800,3518,980,3215
376ae19bc34e31e810e9295f1e27085b,66579df6b6921669d88fdbcce2844519,2021,0,2800,2341,779,2341
aa8149ec929a0194c2b8871de84e8dc8,7b7170cd740e313e1393d49c2650d211,0,526,827,2615,827,2089
c03e1172b4a1c1d9c3d46d74ab5ef852,e85195a5da928815d734ed28354e6de5,0,0,1043,2812,1043,2812
23a6a0609517ef93a157bcacaebc65ce,9fdd3b07e9bd590fd7ff052c354673ba,0,0,834,3518,834,3518
376ae19bc34e31e810e9295f1e27085b,809f1e8db6f6bc1a27303badc4316518,0,0,823,2450,823,2450
ba5c23ed30e5119707fbce433d3caed1,44b29232e8ab758daa806caa0fcab97c,1952,0,2800,2178,848,2178
1bdc4c4af6943d17983d65c4234307b9,efa78b70394bd2e6256b96d884e73ccc,1763,0,2800,3383,1037,3383
aa8149ec929a0194c2b8871de84e8dc8,e817f44d9b70c87868aadd41629a176d,0,0,831,2599,831,2599
aa8149ec929a0194c2b8871de84e8dc8,488b764551319c5feda381e220bcb472,1948,0,2800,2699,852,2699
23a6a0609517ef93a157bcacaebc65ce,ba96e827cf01fd4d9c75228ff718b18b,1993,0,2800,2615,807,2615
1bdc4c4af6943d17983d65c4234307b9,f81c2b7ce4d2e94bca5994112168ea12,1719,268,2800,2503,1081,2235
23a6a0609517ef93a157bcacaebc65ce,18e76ce9e91978710e2935a3cf63f548,2043,762,2800,2525,757,1763
9f36f16973abcf0739a320d5e1eb7318,be7d6638e667410a4b4916e17f6773ee,1233,0,2012,2407,779,2407
39cf291a6c8c5ea4bde75b4221ac1635,30be0c7700b4f1a7b30853cafdf92700,1630,345,2800,2435,1170,2090
9f36f16973abcf0739a320d5e1eb7318,b7066cf7dcc570dc839983006bb5c630,0,0,778,2366,778,2366
39cf291a6c8c5ea4bde75b4221ac1635,6af18cdf2c5af530477c3cc64105406e,1650,0,2800,2711,1150,2711
9f36f16973abcf0739a320d5e1eb7318,1edc00d1dd0417b6893463ee233b3f11,0,0,867,2812,867,2812
39cf291a6c8c5ea4bde75b4221ac1635,e6e6074fbfd1805c25b979c701cdbc8c,0,0,913,2392,913,2392
b271a3de4ea194106b0716f7f6952fd8,fe4f10add209700d586554d710d194de,0,0,1130,3331,1130,3331
4dab957b2babcf264a088bc7802261c4,3d1928827f8c559141df1ea829502f5b,0,0,2012,2812,2012,2812
b467824b14d43ff6c20cfe88a65b4dd7,7d33d2f8be4562c601ecefe3f515e658,0,817,1133,3215,1133,2398
9f36f16973abcf0739a320d5e1eb7318,843da51793c433d0084dcc91b36bf0c7,1159,0,2012,2262,853,2262
4dab957b2babcf264a088bc7802261c4,bb99ba8cd1313281b5e78c662e07e012,0,0,2012,2812,2012,2812
39cf291a6c8c5ea4bde75b4221ac1635,3662a8ccc9a20c54bbf7e6c008925cf7,0,317,1107,2411,1107,2094
b467824b14d43ff6c20cfe88a65b4dd7,156c67f88ded56594d911ac778cb94f6,1644,695,2800,3097,1156,2402
4dab957b2babcf264a088bc7802261c4,38e42d7b6a09c57e8f0dfa7e35677d98,0,0,2012,2812,2012,2812
b467824b14d43ff6c20cfe88a65b4dd7,55c2182c8cf1498a6baba755eaf39de5,0,0,1211,3493,1211,3493
b0fac7ff5f2125fe6535a90425c68aa2,21923209d2f391304fbbafdb567200ba,0,683,1044,2789,1044,2106
b0fac7ff5f2125fe6535a90425c68aa2,b1313920223fcf02b37b4edaf7dc9268,1831,553,2800,2623,969,2070
22818f32953ee3011407f8753035295d,98eb2a173d1b4e0b2c10499596cf36fa,1950,475,2800,3518,850,3043
a9c3b03f04be5cd687164bfa58e10486,ea82bf378fee96d78c3ac4fe5d857442,1951,643,2800,2818,849,2175
b0fac7ff5f2125fe6535a90425c68aa2,57152ad751b750f1261163deb10116df,0,0,1034,3518,1034,3518
b0fac7ff5f2125fe6535a90425c68aa2,aa22b9409afc4afaa09ada34b6d52cc5,1846,0,2800,2344,954,2344
b467824b14d43ff6c20cfe88a65b4dd7,d918792ecef05a593c39bc6a3b2ed1d7,1607,0,2800,2823,1193,2823
69a066eea8c0a03d5e38fa18e0af6c6a,08457a82bc3625ad67ea3b7e2a5e544b,0,430,680,2262,680,1832
69a066eea8c0a03d5e38fa18e0af6c6a,e1949bed4b5e08e7c9701089bec81b8b,1153,0,2012,2034,859,2034
22818f32953ee3011407f8753035295d,0af64156ea5b7555b372577c8fc4d363,0,0,995,3518,995,3518
22818f32953ee3011407f8753035295d,c4b13fde890417042773fd71b225cc02,1751,0,2800,3518,1049,3518
69a066eea8c0a03d5e38fa18e0af6c6a,47feb266cbdd937edb883787bd84e4f1,1175,301,2012,2341,837,2040
a9c3b03f04be5cd687164bfa58e10486,f2f0fcfb92606b7049a8b74b06b82254,0,648,859,2783,859,2135
69a066eea8c0a03d5e38fa18e0af6c6a,42d9a8b6b12bf67e16764212590c7307,0,0,808,2064,808,2064
a9c3b03f04be5cd687164bfa58e10486,31f2d5b59f79805c9f9d9577ba63f70a,1935,0,2800,3518,865,3518
22818f32953ee3011407f8753035295d,ffab6f8be12d0063fdb06dd47d26aafe,0,0,947,2681,947,2681
1289de4c6d2a9439311af675dd610158,d7e4f2a7ee93c5fc4d5b79989ce45210,0,330,688,2700,688,2370
1289de4c6d2a9439311af675dd610158,a771b43e09aab27f9378b93f4027e5f5,2081,325,2800,2641,719,2316
4dab957b2babcf264a088bc7802261c4,8bd6f0c10da77a15a1cd6d2ab6fd65a6,0,0,2012,2812,2012,2812
1289de4c6d2a9439311af675dd610158,29409efa3402b9d8f044f04308b5d2d7,0,0,830,3518,830,3518
02e423fe9b672f6d27439acab445c527,cb5542ac6762310ff938d974722707a2,0,486,761,2585,761,2099
a9c3b03f04be5cd687164bfa58e10486,594381bac72d550a6fa36a9a5076faaa,0,0,877,3282,877,3282
d2b68927c86618d31519d50b784fcbcb,309c458ae03549472744f9cbb03812e8,2086,355,2800,2448,714,2093
02e423fe9b672f6d27439acab445c527,776ca25ceea7a48ae9dc218a3c9f5623,2058,357,2800,2400,742,2043
02e423fe9b672f6d27439acab445c527,a13f5aaabaa460d1567936742fd627d7,1937,0,2800,3518,863,3518
d2b68927c86618d31519d50b784fcbcb,9d0864cf93724f171622e35974546050,2022,0,2800,3518,778,3518
1289de4c6d2a9439311af675dd610158,1f9c3f799e3dc122b5c483f2243703d8,1952,0,2800,3518,848,3518
d2b68927c86618d31519d50b784fcbcb,ac150ed82f993597eef89bba9933753f,0,467,706,2368,706,1901
4cb3f4fb248efce3c44a69a69f51783b,5fc6502972be29b0ea256281cd69e804,0,941,586,2647,586,1706
4cb3f4fb248efce3c44a69a69f51783b,a0d23c42c05757ea270d581fb7c1288e,0,0,706,3078,706,3078
4dc111b9a18ba1bc9357b0007d0c2fb4,27df94953e90b46e0d53e197e9e8bbce,2049,0,2800,2701,751,2701
4cb3f4fb248efce3c44a69a69f51783b,7e99fe1bcc37fab965551eeaebe07983,2163,917,2800,2686,637,1769
d2b68927c86618d31519d50b784fcbcb,848dfd01e48621c158f5d954a5f3568d,0,0,786,3518,786,3518
02e423fe9b672f6d27439acab445c527,445bb7b81b4f65f06f88a7c3698d5583,0,0,852,3518,852,3518
4dc111b9a18ba1bc9357b0007d0c2fb4,451b193ee26d616aa15b7cbbba117a42,0,503,772,2526,772,2023
4cb3f4fb248efce3c44a69a69f51783b,9dee325cc0b6c7741c1a750625a95a20,2061,0,2800,3225,739,3225
4dc111b9a18ba1bc9357b0007d0c2fb4,c203756cba56c3ca4bbccde9d0e78a80,2008,0,2800,2827,792,2827
9236fcbdbcd4924b1fa593ca3da0600e,a52ea3d543e89e8537afa141995ecf0e,0,445,931,3580,931,3135
9236fcbdbcd4924b1fa593ca3da0600e,37e4f4fa940125e2046f4d9485f84388,947,0,2782,3048,1835,3048
4dc111b9a18ba1bc9357b0007d0c2fb4,2984655260193d11e24a399d6292af08,0,0,772,2967,772,2967
43420741f222a73d6d1c99ef63f79698,37797e8ccb0614c811acea9f8f6ace7b,1956,0,2812,2635,856,2635
bc1cfe383da3634fa46b5695cc2dc2a6,cc96b76e72d0f1a8e5d24f1e3d00f4d0,0,525,819,2553,819,2028
43420741f222a73d6d1c99ef63f79698,ffac8bc2803630da2fb467c566d1f136,1973,793,2812,2839,839,2046
2df4404b9c286ec49851d4261faec924,4e5a36dd93ecbd2b9ec8aff16dd8cca2,0,319,1253,3518,1253,3199
a35e946b208f7b33e2935848226ecec5,6c2d87376adc72f010e449e016de48ed,0,731,621,2690,621,1959
a35e946b208f7b33e2935848226ecec5,b502a088b10319a2c65cbf166a107306,2221,725,2800,2581,579,1856
a35e946b208f7b33e2935848226ecec5,d2cee5216cda29f2c3cdfdb31df5aeea,0,0,965,2407,965,2407
43420741f222a73d6d1c99ef63f79698,e489d6435e6a66399598ff28e8df3384,0,728,910,2738,910,2010
4c09054986ba9b6d9b754a24d3c724c3,8d4e4daaa3d75d18d987e615eacdf0ce,0,337,1150,3518,1150,3181
c548f973a39f5a772a2aad8cee36f936,e6fc4b86bb768bed0ffb33e14414324b,0,506,923,2491,923,1985
43420741f222a73d6d1c99ef63f79698,1f030fe447137f3c604db6f24481a662,0,0,809,2691,809,2691
a35e946b208f7b33e2935848226ecec5,181b4d0fba3d2659431c602ce244b53d,1819,0,2800,3518,981,3518
cd464b54e8bc34945aef377aa0ea2c0f,3b75c5cbeac47b9ac2e29dd32d72c891,896,0,2012,2812,1116,2812
c548f973a39f5a772a2aad8cee36f936,909fea10abf93474c3eae0548a650a91,1975,430,2800,2369,825,1939
c548f973a39f5a772a2aad8cee36f936,e6e821a808368af06a6a18b4e23f3377,1896,0,2800,3518,904,3518
1219a9200759a6320e1ff54e8df065a1,2ddcb4e796d54a9811eca7dd24f0bc79,0,252,1112,2896,1112,2644
cd464b54e8bc34945aef377aa0ea2c0f,4157f149b9e6c4d861cdd13cea7073e9,0,0,1035,2448,1035,2448
cd464b54e8bc34945aef377aa0ea2c0f,5a54bf95638a52420961b21cc1e51f1b,0,0,984,2812,984,2812
1219a9200759a6320e1ff54e8df065a1,4032b5857fcb16121eab89e871a4b8f7,1665,537,2800,2904,1135,2367
4c09054986ba9b6d9b754a24d3c724c3,516a7176c7a966f4719e98adf264d3ad,1781,0,2800,2404,1019,2404
c548f973a39f5a772a2aad8cee36f936,329fa897cf10b926a3f0f545f8fdfff3,0,0,887,3132,887,3132
4c09054986ba9b6d9b754a24d3c724c3,ba9342ee61827e6e5434fe1b7576db76,1768,345,2800,3506,1032,3161
4c09054986ba9b6d9b754a24d3c724c3,abad0e1c3587fee0505bbbd43db783d6,0,0,1087,2621,1087,2621
bc1cfe383da3634fa46b5695cc2dc2a6,96855f7e9e34f4382eff2b82108fec35,2020,905,2800,2764,780,1859
1219a9200759a6320e1ff54e8df065a1,7d5125253b65aece9066cb6cffa37d4f,1589,0,2800,3013,1211,3013
ddc066924ec10e958c753f9329e78600,ea0519d37b3f6da05272b8eea1675f5f,2024,0,2800,2409,776,2409
2df4404b9c286ec49851d4261faec924,99f560a37e4a4c1d1c95b19436700837,1569,374,2800,2669,1231,2295
bc1cfe383da3634fa46b5695cc2dc2a6,cdcb179b51118a306340eb637ae25447,0,0,790,2732,790,2732
2df4404b9c286ec49851d4261faec924,dbf56903314294c63b9b255dc544fc48,0,0,1196,2903,1196,2903
cd464b54e8bc34945aef377aa0ea2c0f,a8e5be65bfc5ee38c6411b0a9fcc20d3,996,0,2012,2442,1016,2442
9236fcbdbcd4924b1fa593ca3da0600e,fba501ca09cb32d55d6b11bdeea01319,0,0,1629,3080,1629,3080
ddc066924ec10e958c753f9329e78600,1c385d018de9b3509a4df6feb70f81da,2024,608,2800,2545,776,1937
2df4404b9c286ec49851d4261faec924,50ce34f1ab60c2c42e03321855568cb2,1695,0,2800,2684,1105,2684
ddc066924ec10e958c753f9329e78600,c0a0fa12c6e8f7334791ade2c75c2fd4,0,505,743,2408,743,1903
ddc066924ec10e958c753f9329e78600,24a209b8c2d54dc33977ada3b9199f2b,0,0,749,2384,749,2384
9236fcbdbcd4924b1fa593ca3da0600e,62a6686ae6673ef25116af0849724089,1590,519,2638,3580,1048,3061
1219a9200759a6320e1ff54e8df065a1,74b804c770d120d5507285ba63fc81e6,0,0,1245,3518,1245,3518
6a513ba4c316bad225420ec1e1370e6e,f7991e3050b979c13e12fde5d5634b28,1432,204,2800,3382,1368,3178
6a513ba4c316bad225420ec1e1370e6e,c368ddd11e70a207a8b86f543eb0b5cf,1597,0,2800,2732,1203,2732
048e7e201817043fefe33de8a9f41259,a1a94e964bd30f98971b19880b6630d4,924,0,2012,2804,1088,2804
6a513ba4c316bad225420ec1e1370e6e,49df1dbbd9fa04dd26189e0c4b13118d,0,0,1364,3236,1364,3236
6a513ba4c316bad225420ec1e1370e6e,0726c2eb216c0804d228ed10112817c2,0,314,1318,3327,1318,3013
9aafbfcd8545d2acc04c85a6c3a5f878,b1b53e1cdc26a14db5820eb8eeca2331,0,765,851,2702,851,1937
bc1cfe383da3634fa46b5695cc2dc2a6,05b72c298742cda3772237d8806e52a1,2087,0,2800,2624,713,2624
9aafbfcd8545d2acc04c85a6c3a5f878,82653664152b8c77f16c0dfc63105dad,0,0,824,3022,824,3022
9c3823e5f1ad9ec8eee4edf543c1fe0d,c7bf3bc3ecb3dbb5202d697875044493,0,0,1053,2236,1053,2236
9aafbfcd8545d2acc04c85a6c3a5f878,ebaaf2657c97926a2da1d2707f3bbb58,1962,922,2800,2782,838,1860
cf51a13ceb8cf77b6c021230c97a6c69,57421744546f68b5d9163901a86350f2,1106,241,2012,2449,906,2208
9aafbfcd8545d2acc04c85a6c3a5f878,eecf55f0f100935a2c7c5d19378adcf0,1974,0,2800,3518,826,3518
9c3823e5f1ad9ec8eee4edf543c1fe0d,03890bc0ff4b3ee62de7c5df6d98ffff,0,460,1060,2624,1060,2164
cf1bab2dd36f4123bb2cf91f1d063ed3,e318eff23f0102aef7bf3295ec42f5fe,1622,857,2800,2816,1178,1959
048e7e201817043fefe33de8a9f41259,9aed2d92563c51fed0e42c7aa3e1b2af,792,0,2012,2812,1220,2812
cf51a13ceb8cf77b6c021230c97a6c69,a20307b297898c9132639ece2db85cb3,0,0,906,2460,906,2460
9c3823e5f1ad9ec8eee4edf543c1fe0d,335284a3d16b8a1d64e80d7b74384000,1131,0,2012,2372,881,2372
9c3823e5f1ad9ec8eee4edf543c1fe0d,1ffdec6974f488fb3b8818b755bb3c7e,990,45,2012,2205,1022,2160
cf51a13ceb8cf77b6c021230c97a6c69,595a4d0eecfac5be334bdc677ed234c4,1047,0,2012,2812,965,2812
cf1bab2dd36f4123bb2cf91f1d063ed3,915e9cb02c48c3a408b32ddfea374528,0,0,1162,2703,1162,2703
cf51a13ceb8cf77b6c021230c97a6c69,b1cf6018141fb7b6f480589dc35f8344,0,246,857,2412,857,2166
048e7e201817043fefe33de8a9f41259,66ac47ddba65db549221d44b483f5e99,0,0,1078,2812,1078,2812
048e7e201817043fefe33de8a9f41259,ac1b2cab3ba62044c1842b9632d332d8,0,0,1085,2812,1085,2812
cf1bab2dd36f4123bb2cf91f1d063ed3,908cd3d1b41a4ae061b32b6a6b94e6a2,0,673,1115,2689,1115,2016
cf1bab2dd36f4123bb2cf91f1d063ed3,f40d3b2d4571ce8cef9fe9dce27dd0ab,1601,0,2800,2999,1199,2999
2fbf2a428600bb2390fac78a8216f665,4c36108ccc913b48a2204e45148c9e92,0,606,824,2944,824,2338
2fbf2a428600bb2390fac78a8216f665,0ab607a82cc7e602d38d7b9941c0c571,1834,0,2718,2677,884,2677
0b8ebe7c8cad8aa677893c6d3a21fa4f,fb5f06429655502f528a74a9e4dfeafc,0,647,772,2375,772,1728
0b8ebe7c8cad8aa677893c6d3a21fa4f,6aae62ba781616068084580072c46d8f,2033,708,2800,2420,767,1712
0b8ebe7c8cad8aa677893c6d3a21fa4f,75dd001c59ff1cee532b64da79656318,1994,0,2800,2575,806,2575
0b8ebe7c8cad8aa677893c6d3a21fa4f,3730257ac1b262389662ee8deabbf0f4,0,0,878,2399,878,2399
2fbf2a428600bb2390fac78a8216f665,4261fa3df97ee25324ff3d8dc16eab64,0,0,1780,2795,1780,2795
0676f4386325058f95263c823b0ee347,77f6c807dcdbd4f5b9305219fa5d9779,0,0,911,3518,911,3518
0676f4386325058f95263c823b0ee347,f792b9d57722dd5d5ac34e3772e6afbc,0,426,804,2815,804,2389
0676f4386325058f95263c823b0ee347,4370c68d4b0982f159ab4f83e1bad0f1,2041,61,2800,2289,759,2228
0676f4386325058f95263c823b0ee347,d88d27db138fc2894b8999948c64af05,1983,0,2800,3518,817,3518
5ccf0949cf48b72ce9736db454b2a8b0,537da92bab1bacde1295424a34271f8a,0,656,1023,2939,1023,2283
fe04a55377580ed55c376cd67e1030cb,95cd2c43ebc3abe4adff201c332a7158,0,552,980,3518,980,2966
bd3782869e1a83c2f0160b1a9095c8b8,ebd59c5c148382b504c48030fffb650c,1983,0,2800,2604,817,2604
5ccf0949cf48b72ce9736db454b2a8b0,cd7a7c8d3c3ecc46ddfd61f70157b0b1,1782,143,2800,2624,1018,2481
e964b3b698d9c99b76205489afe7cd2f,d3fa7c942df60ce750fc793d8f5a836f,1834,0,2800,3518,966,3518
bd3782869e1a83c2f0160b1a9095c8b8,21857a3a650f24137efd5cf4c4cd4d33,1960,422,2800,2466,840,2044
bd3782869e1a83c2f0160b1a9095c8b8,9c52bceaf4a2c91c9f87d17e931e18f0,0,0,822,2744,822,2744
fe04a55377580ed55c376cd67e1030cb,e867ce9f8bafb33161c9eb2c7ffeef91,0,0,1018,3518,1018,3518
540914fd605bd47b0972b62942b998c5,8471f1bc5a8414892ceeb09447ea39ab,1639,0,2800,3518,1161,3518
e964b3b698d9c99b76205489afe7cd2f,53b7c81bbd63aed693654445133b5605,1985,1292,2800,3267,815,1975
5ccf0949cf48b72ce9736db454b2a8b0,f52a849c84f6156ac91c04fe9b07696a,1709,0,2800,2781,1091,2781
8269f5971eaca3e5d3772d1796e6bd7a,202d761a6b0f86faaeefc39ee18b1c53,1703,0,2800,2392,1097,2392
36b6a8c444b7dfe0523f30965842e96f,179effc8048d3d3bb92af74d89e5a937,0,426,859,2545,859,2119
8269f5971eaca3e5d3772d1796e6bd7a,57fbdd278af5c8789a02b355c11620d4,0,0,1134,3518,1134,3518
540914fd605bd47b0972b62942b998c5,a199ec9c4484f322545edda0e5b56316,0,0,1191,2992,1191,2992
8269f5971eaca3e5d3772d1796e6bd7a,dd9ce3288c0773e006a294188aadba8e,0,536,1075,2863,1075,2327
6d75446a6406fc669f3464543b8f7893,8cf6ce9707a45986000b816af94d3087,0,0,741,2590,741,2590
36b6a8c444b7dfe0523f30965842e96f,51b6a81e392af32cb8537628b4359af8,1790,477,2622,2473,832,1996
e235dcf9f9437fad05f5b6f14e27f20b,728590542298c867f6b05e2a63f3c818,1829,0,2800,2550,971,2550
e235dcf9f9437fad05f5b6f14e27f20b,0bbbf38aadc2637c7ae900f66c6f5ed3,0,0,1035,2603,1035,2603
2fbf2a428600bb2390fac78a8216f665,a9c8c8a85bad9e062a784efc1afee9a7,1356,0,2778,2869,1422,2869
e235dcf9f9437fad05f5b6f14e27f20b,6fc90427cd45261add2577c0c8f0a629,0,525,856,2462,856,1937
e964b3b698d9c99b76205489afe7cd2f,812d0f03da250d6b927e4491aa2fd806,0,630,976,2713,976,2083
540914fd605bd47b0972b62942b998c5,e148b0f09f628a91717699662d05c52f,1547,262,2800,3518,1253,3256
5ccf0949cf48b72ce9736db454b2a8b0,6fa93414282695061200274a1efa073a,0,0,1110,2827,1110,2827
36b6a8c444b7dfe0523f30965842e96f,4577e5bd8c2b13012befda62b84caf4a,0,0,872,3036,872,3036
6d75446a6406fc669f3464543b8f7893,1a89e1a41d82efe8826ffe15c41db3f4,0,594,729,2581,729,1987
e235dcf9f9437fad05f5b6f14e27f20b,dccdbfb48940a0e9c9a7ea24f798af5a,1896,888,2800,2787,904,1899
6d75446a6406fc669f3464543b8f7893,b3289c8c13622b3d9ad10a36318a0549,1155,385,2012,2634,857,2249
540914fd605bd47b0972b62942b998c5,2524b3039b9f14943744db0d3d8e34dc,0,166,1255,2679,1255,2513
fe04a55377580ed55c376cd67e1030cb,5a38132a75f2b03b1fdb5fbda629f232,1794,0,2800,3507,1006,3507
bd3782869e1a83c2f0160b1a9095c8b8,27c23812303f17ac68f23cc9923dce13,0,0,839,2662,839,2662
e964b3b698d9c99b76205489afe7cd2f,5b723aefac1812418f811814f8fcad3c,0,0,989,3518,989,3518
36b6a8c444b7dfe0523f30965842e96f,73bf36845aee99c6d4a8aebaa96c352e,1715,0,2670,2866,955,2866
fe04a55377580ed55c376cd67e1030cb,c84809f0337d81df64cd14533660cf6a,1916,11,2800,3518,884,3507
e22442ff5a7632d5fc91d2715319b448,425f4a784528137dfc3d9f7d449a6785,2072,0,2800,2885,728,2885
e22442ff5a7632d5fc91d2715319b448,408241c9c8c2f8b6e6263763f1ba1adc,2038,743,2800,2787,762,2044
e22442ff5a7632d5fc91d2715319b448,467ef88ae1ce2bf8a5f28c36c20bd9d0,0,743,934,2756,934,2013
792e4d35090ae955bb15726c55f196e8,91c79b75131350cdf61da2940cd99a5a,2184,562,2800,2523,616,1961
6d75446a6406fc669f3464543b8f7893,b288f4a39aa31eaf186b276c1da89086,1149,0,2012,2651,863,2651
e22442ff5a7632d5fc91d2715319b448,d360a682c40590bb09f819d127e0a11a,0,0,830,3402,830,3402
61f3d797233b229db610017bd62dc862,494c3a7a44cab06f4d7dc4f2eabdafbe,0,254,845,2376,845,2122
61f3d797233b229db610017bd62dc862,792f7e2dc00dfedfa3f42a52dde4d062,1801,0,2800,3402,999,3402
61f3d797233b229db610017bd62dc862,36e107858384cf997329fab3080a952e,0,0,975,2746,975,2746
61f3d797233b229db610017bd62dc862,067c039b172360f96d8383eb8d4a2682,1961,282,2800,2417,839,2135
792e4d35090ae955bb15726c55f196e8,34f0110649ff25128c503e7df6c50425,0,0,820,3496,820,3496
6f33ee9aa05f2cab67a3475525f026cd,0ae31ca3af435d9c5a871e809a3cf529,1020,106,2012,2303,992,2197
6f33ee9aa05f2cab67a3475525f026cd,2125a9c385660cfd07db459559826673,881,0,2012,2812,1131,2812
6f33ee9aa05f2cab67a3475525f026cd,6f0e5b6e53920c27554ff01d0f4342f6,0,257,1084,2539,1084,2282
48953ce6097df97119f99f21a22752cd,92c0d20fcb9502d9f83157ef51282597,0,0,828,2482,828,2482
8269f5971eaca3e5d3772d1796e6bd7a,acccc1727b61b261844d86aa9de53536,1642,0,2800,3518,1158,3518
6f33ee9aa05f2cab67a3475525f026cd,df670a10ce2709617f664f6b68da9745,0,0,1185,2812,1185,2812
49872aeac5a634567f691f7837371e9d,7092d6367ba440b5eec46bcb996f0ddf,0,0,1183,2887,1183,2887
48953ce6097df97119f99f21a22752cd,2e95769004608c16aa117fec7cc87cf7,1957,0,2800,2819,843,2819
49872aeac5a634567f691f7837371e9d,241bf44d99f681069106ef55d771b11e,1695,0,2800,2553,1105,2553
24720e4ec137345ab472f9483c28a133,b3f9a1af6bf9acfd3d762b5cfd57defb,0,806,723,2831,723,2025
49872aeac5a634567f691f7837371e9d,8e97852e3c787e7628c04cc91ef15df2,1664,459,2800,2672,1136,2213
24720e4ec137345ab472f9483c28a133,a6deb511a41999749fddd87b9e58ed04,2099,799,2800,2772,701,1973
48953ce6097df97119f99f21a22752cd,346a8f5955ae25ca56015a92fb76a3d0,0,740,650,2634,650,1894
48953ce6097df97119f99f21a22752cd,b312c346542070e4c60e5a698220fcfb,2074,752,2800,2499,726,1747
bd1c05a1d710802ded8002d0010c1519,696774a0492c27fb2a93c96f2e1acdee,0,578,953,2549,953,1971
49872aeac5a634567f691f7837371e9d,3e922289423a5b0779b497e2e0a26fa9,0,458,1244,2690,1244,2232
bd1c05a1d710802ded8002d0010c1519,cb7086138dec2ddb97f639ad107ef19c,1816,0,2800,2743,984,2743
103044d3771269946a3e144a63412667,8c789eb717cf646f378b396990f09db2,0,470,1050,2763,1050,2293
24720e4ec137345ab472f9483c28a133,b1433128c7b524ddf61ebd153121a110,1998,0,2800,2501,802,2501
24720e4ec137345ab472f9483c28a133,271257e3e55ea7f66fec7e06ab60cdf8,0,0,903,2484,903,2484
c02c9ca11dfa5798eca20bb74ca8406d,fa1511e7a61797dcee40fcad529549c5,0,551,1007,2780,1007,2229
103044d3771269946a3e144a63412667,f620a588f1ce7b1d33460da6e98bec8d,1812,766,2800,2935,988,2169
792e4d35090ae955bb15726c55f196e8,80e7a34c00d51cecf1ba38b3ac9d76f3,2015,0,2800,2675,785,2675
c02c9ca11dfa5798eca20bb74ca8406d,5a579547e88d59b86832961874f42b28,1867,711,2800,2777,933,2066
103044d3771269946a3e144a63412667,e236d1349c2009f0e37900f1c79bbacc,1561,0,2800,3518,1239,3518
c02c9ca11dfa5798eca20bb74ca8406d,8e5227458f056ed7a89d00467966e54d,0,0,1017,2588,1017,2588
afa015c6fcf47f108939c6663af44990,6c9c907b9753f739252e368691dbe29b,1689,409,2812,2723,1123,2314
77196f5c6c6758c03d5a31814e9d5152,349182b392578ba8f9d8bbffeef955e3,0,0,843,2662,843,2662
77196f5c6c6758c03d5a31814e9d5152,cc36988b2a3ff37cdda4b84b92f0924c,0,824,686,2801,686,1977
c02c9ca11dfa5798eca20bb74ca8406d,080ae63de0987c15e1a14ad4bf689db3,1758,0,2800,2587,1042,2587
77196f5c6c6758c03d5a31814e9d5152,d3fc87cf4673bb912ebdaba160ac5ad1,2062,0,2800,2674,738,2674
103044d3771269946a3e144a63412667,32be74b4e1be5a45a41c7dd79c815f15,0,0,1208,3518,1208,3518
d371582a3e1a8ae343bc8cf87ff4dc55,2f616b9766096a81296a06b2d51866f3,1887,537,2800,2693,913,2156
164251791d6156672ae7a8599a5d7779,a7cc2e20f89f7797f89c787a5a6e0e58,0,512,1089,2613,1089,2101
afa015c6fcf47f108939c6663af44990,523cdecbef6f4fa9ec4c49ead52846ba,0,0,1284,3209,1284,3209
d371582a3e1a8ae343bc8cf87ff4dc55,d615abaf1fe490cc6cf9488d6ac7c2bf,0,0,947,3115,947,3115
afa015c6fcf47f108939c6663af44990,64d1ea4620875b22baa7592dd99503a5,1627,0,2812,3580,1185,3580
164251791d6156672ae7a8599a5d7779,7aa7299eec8fdcb73669c6ed39874de1,1908,0,2800,3518,892,3518
d371582a3e1a8ae343bc8cf87ff4dc55,45b65f56e19c25511ae1d277c1e7f250,1886,0,2800,3268,914,3268
164251791d6156672ae7a8599a5d7779,098e9dc16de1f8a417578b2e843998f6,0,0,973,2460,973,2460
77196f5c6c6758c03d5a31814e9d5152,21582b5b47392b3fea47a44cd5e23d7b,2095,626,2800,2647,705,2021
67576df4ef4727e003b40a5fdad37ebe,37227872993fa05361923d71105fb538,0,0,724,2368,724,2368
bd1c05a1d710802ded8002d0010c1519,2e9f69d4cd559ba77e5bea6c617d60e2,1842,315,2800,2348,958,2033
164251791d6156672ae7a8599a5d7779,3a41695429fe8af3c5421fc45fc024b4,1811,606,2800,2670,989,2064
792e4d35090ae955bb15726c55f196e8,7ca962bd9f3f796ca79981056bafecfa,0,667,635,3518,635,2851
d371582a3e1a8ae343bc8cf87ff4dc55,39ebbfa6b2a34a366047858dd6af1f59,0,517,877,2649,877,2132
afa015c6fcf47f108939c6663af44990,4c3a8a7db202ea367baca51aa5b3b6d5,0,680,1221,3050,1221,2370
67576df4ef4727e003b40a5fdad37ebe,f71ca674d3bf9549f9e68b67ead86d25,0,0,704,2180,704,2180
bd1c05a1d710802ded8002d0010c1519,56ab99b04890c6473ed2e4e6a3962793,0,0,965,3104,965,3104
67576df4ef4727e003b40a5fdad37ebe,24bdfb93b13826bc84ac4447b9b9a493,2055,0,2800,3126,745,3126
67576df4ef4727e003b40a5fdad37ebe,1a5a643c03a2c1146a036c5e372b975b,2043,0,2800,2352,757,2352
302e9925a7fa41ca9179d481a4850f2f,44436e8ff9f8a58ab28095436ebd301a,1841,268,2800,3518,959,3250
23cdda4733238c22877ef50588f2f006,96bf800ed7d7e9a0c79b48cf20674d67,1869,569,2800,2542,931,1973
302e9925a7fa41ca9179d481a4850f2f,f23bc3eb01849cef27d6e58a828dc7ec,0,330,963,2783,963,2453
0efca57fad3aa67efe75a11edd765472,8f654b8d214b8879b67581646abe35c5,0,835,786,2668,786,1833
23cdda4733238c22877ef50588f2f006,d623c7014055aba09cd85ae14e291d8f,0,614,937,2540,937,1926
1ba1ef295f3c82dba5122622d4aa563c,6ed1a4b71b31c7a3c58e2beb9bf045cc,1975,698,2800,2701,825,2003
23cdda4733238c22877ef50588f2f006,4787649c8f04a085751073b7c5b6dde0,0,0,928,3342,928,3342
0efca57fad3aa67efe75a11edd765472,058e5f91678b4d3dac39bf1b6a798a22,0,0,800,2651,800,2651
0efca57fad3aa67efe75a11edd765472,44437db13cdb14a96ff7bcd88a6e2565,2042,0,2812,2766,770,2766
1ba1ef295f3c82dba5122622d4aa563c,c8761159d49a9d35aa537178443c961d,0,711,891,2769,891,2058
302e9925a7fa41ca9179d481a4850f2f,81c1ee8da17c2a9d2310202620f73f67,1685,0,2800,3518,1115,3518
535fbb32eea6cff3ec06416744cd0b48,7f479e6da8ae349a97e0c172261ad755,1866,0,2800,3518,934,3518
3e77a099de9c35b4176fa1f624220397,7aaa3ef842824aa0d2c4f40ebca93c17,0,586,1026,2892,1026,2306
302e9925a7fa41ca9179d481a4850f2f,f7871dc95bfbfe5907d22d9c89232286,0,0,1029,3518,1029,3518
1ba1ef295f3c82dba5122622d4aa563c,efaa597b32b088458f8f78a9bad1b5e0,0,0,971,2588,971,2588
4b2a407b963e70414dfd02d8de6b56e2,537ba2472308845ef6c69c114acb4701,0,0,785,3518,785,3518
3e77a099de9c35b4176fa1f624220397,78fd5941ed4af88dce33d653b191c065,1836,620,2800,2803,964,2183
0efca57fad3aa67efe75a11edd765472,58690c31b1fc84ab62eb36883aacf08a,2055,1102,2812,2823,757,1721
3e77a099de9c35b4176fa1f624220397,4fd26d3abd7c3b5a6378a37fdf6b68bb,1626,0,2800,3514,1174,3514
27926d88c507e105021fd2bd62516e29,d7e8e533b4512e4a15af0f9dee68be2a,0,622,1037,2863,1037,2241
3e77a099de9c35b4176fa1f624220397,567a528b70be9fb22329416079966454,0,0,1183,3518,1183,3518
1ba1ef295f3c82dba5122622d4aa563c,3abe99a6f43683745f441352f539741e,1895,0,2800,3518,905,3518
535fbb32eea6cff3ec06416744cd0b48,56389d12ed179ac681bc850ba303f121,1916,284,2800,3518,884,3234
23cdda4733238c22877ef50588f2f006,90dee967923b9008d1f1e76ef9fe88d3,1857,0,2800,3518,943,3518
4b2a407b963e70414dfd02d8de6b56e2,afd2aeb98826aa8c3ae237b856e7097b,2003,0,2800,3518,797,3518
535fbb32eea6cff3ec06416744cd0b48,1f3235fd3c8f3ad3dea699da548c65db,0,0,948,3518,948,3518
535fbb32eea6cff3ec06416744cd0b48,4197fb56efaae0b17abb1bb95023b49e,0,619,853,3518,853,2899
27926d88c507e105021fd2bd62516e29,570d5bddab684c4cad8f8aea6bdb99fe,1794,360,2800,2538,1006,2178
27926d88c507e105021fd2bd62516e29,491a06dbc331a9db9d60ec5f16138b6d,0,0,1167,2574,1167,2574
8229827c3b08638c6ea983513d364af9,6386d8da9bd5ca8f42201c78b8db46a5,0,491,913,2612,913,2121
6b1c4a9ef24d15a5bb55173142dd5475,29cc6ece920cf32b63e869c477471b46,1933,152,2800,2324,867,2172
6b1c4a9ef24d15a5bb55173142dd5475,afa93965854c2094f476cc01f96435b0,0,0,983,3518,983,3518
8229827c3b08638c6ea983513d364af9,3fa8640381296bb098e0e9780d5ca832,0,0,1045,3300,1045,3300
6b1c4a9ef24d15a5bb55173142dd5475,08dca7c3deadee07970c0e3b94bb9f0f,1843,0,2800,3518,957,3518
8229827c3b08638c6ea983513d364af9,81d79ea7d8b7136b493acbbb1b40ebde,1780,0,2800,3242,1020,3242
6b1c4a9ef24d15a5bb55173142dd5475,17d2f5831c5cecb238f512e28f0277d7,0,308,862,2488,862,2180
27926d88c507e105021fd2bd62516e29,e89cbab3904fa80c64977407ac3a076b,1656,0,2800,2648,1144,2648
3b15274e828c9c2c08e2bbc3a9ee5734,2b0eb970545cbf5906c79da0ee8ab1d6,1881,562,2800,2576,919,2014
da04718d187d02fd6a4f0d6a2dfadddc,857884e28023cd85bd84b0784f68fc13,0,615,751,2393,751,1778
3b15274e828c9c2c08e2bbc3a9ee5734,5d4271cd36bfdf13c67f5e1d54cf6c57,0,660,945,2761,945,2101
4fc011ee4b49040648fdd2d3dcf883c3,2dab1877a9f577cc30d1421525b5d97d,0,619,1303,2914,1303,2295
da04718d187d02fd6a4f0d6a2dfadddc,aeac6c60f83f28a78338d52623d79182,2041,568,2800,2546,759,1978
4fc011ee4b49040648fdd2d3dcf883c3,31ead46d39ccc859103af327aef5e192,0,0,1404,3148,1404,3148
da04718d187d02fd6a4f0d6a2dfadddc,7e38caaca9611d5d6b777083909ba6ef,2064,0,2800,2701,736,2701
3b15274e828c9c2c08e2bbc3a9ee5734,070170f7ee43d9304852fafdde498b05,1849,0,2800,3518,951,3518
da04718d187d02fd6a4f0d6a2dfadddc,0c11e03e53e960e331fd8ebce148e4e1,0,0,773,2624,773,2624
393dd5debec296343355e6194cb04722,b60414606b8f873e3fe5b09851a2d6bc,1299,132,2012,2114,713,1982
4fc011ee4b49040648fdd2d3dcf883c3,a9c839293c5d12e8ccccd20281ffb692,1488,52,2800,2582,1312,2530
3b15274e828c9c2c08e2bbc3a9ee5734,337dc2104b2c104df2564287165862af,0,0,986,3518,986,3518
393dd5debec296343355e6194cb04722,20d334c2b7293ea9a8dd95179d44d73c,0,0,757,2391,757,2391
8229827c3b08638c6ea983513d364af9,33f7af0b6e64ab048889d4468539a085,1866,314,2800,2526,934,2212
393dd5debec296343355e6194cb04722,e34a3f3f43dbbcf2714572db8a81173d,0,0,811,2391,811,2391
d010dbb93a1a164ce8afc0b62d22de98,2530e73814b6a250140fab195ac789cc,0,931,875,3518,875,2587
4fc011ee4b49040648fdd2d3dcf883c3,f0e839f095171073b5348bb756afb32f,1325,0,2800,3518,1475,3518
4b2a407b963e70414dfd02d8de6b56e2,b75d6c0a7d9ca2545b994559f1327422,2161,402,2800,3039,639,2637
4b2a407b963e70414dfd02d8de6b56e2,10d57a9ca45e784faefb109b394e1d46,0,638,608,2737,608,2099
393dd5debec296343355e6194cb04722,96c75bb36e4e5ced3e0145a96d5cc7ab,1158,0,2012,2812,854,2812
d010dbb93a1a164ce8afc0b62d22de98,155ebfbe2a79b191c1a9b85177c11a94,1866,625,2800,3518,934,2893
dd47b43a11fff785a3680fd657406496,4d97cfc51d0d635a60cacafb633396f3,0,0,949,3087,949,3087
dd47b43a11fff785a3680fd657406496,dd138d7722a8212d8b152b3961d3256f,2042,748,2800,2786,758,2038
d010dbb93a1a164ce8afc0b62d22de98,3e453dda8c4ebc674de7cf0e0673748b,1886,0,2800,2706,914,2706
dd47b43a11fff785a3680fd657406496,49acda356d97a9299d48733c3f71ce8f,0,733,832,2839,832,2106
d010dbb93a1a164ce8afc0b62d22de98,73d20cbf87ec2637a3de9d950ad809b2,0,0,930,3518,930,3518
dd47b43a11fff785a3680fd657406496,81266989a4278d48ab3726bd9a1f6865,1889,0,2800,3518,911,3518
7db2a24dbc15353f8e2f2f5d5673590c,9ba0bda1c6831d5cac2780d9f6208205,1715,422,2800,3518,1085,3096
736680ada4d51ca3d582a2453a3060ed,72fdc3d692ea868cd1293966829a2d99,0,576,823,2601,823,2025
736680ada4d51ca3d582a2453a3060ed,19b42ef64fca8714728fe4a10b03c661,1985,889,2800,2733,815,1844
7db2a24dbc15353f8e2f2f5d5673590c,ff79e38ef1ecaf776026cbe9351c81ae,1725,0,2800,2518,1075,2518
736680ada4d51ca3d582a2453a3060ed,78a4ca54e83c8e83267d97d642be7d8e,0,0,882,2486,882,2486
736680ada4d51ca3d582a2453a3060ed,f46debddb2e1063d8f86efa8bad41766,1923,0,2800,2609,877,2609
7db2a24dbc15353f8e2f2f5d5673590c,ff0473d5535e02cf4cbce7131ec3cdac,0,0,1105,3320,1105,3320
7db2a24dbc15353f8e2f2f5d5673590c,9b9083afb34e254a5a658e1f8ab233ac,0,519,1024,3518,1024,2999
fa13ae3e0bd7f1bf3378adee9c85be9e,0cc731c17c30b849be2a2f60ac3b613c,0,577,777,2679,777,2102
6adec349ae2994fcaf9004191fff9a9c,3565b7fcf816ab63f70198b56b7c7db3,2091,0,2800,3214,709,3214
fa13ae3e0bd7f1bf3378adee9c85be9e,514789de6febdcfe9bb262e445cb8871,2072,760,2800,2629,728,1869
fa13ae3e0bd7f1bf3378adee9c85be9e,657c978fe2621c85866788b2aa18c39b,0,0,813,3518,813,3518
f1cfe4acbb620d11c48b097b1a4c6941,6cf27c3dfa6cf2f0fbf877f3e8bec9b7,0,0,1130,3518,1130,3518
fa13ae3e0bd7f1bf3378adee9c85be9e,cd3e359a5b8555d755a111a4f34af855,2040,0,2800,3518,760,3518
6adec349ae2994fcaf9004191fff9a9c,6d8f45f256b4a4b6091c1947a24e7835,0,914,825,3518,825,2604
f1cfe4acbb620d11c48b097b1a4c6941,cc10dced84a2f3279f63c683de9ae1b0,1716,59,2800,2549,1084,2490
f1cfe4acbb620d11c48b097b1a4c6941,87cdfae79391aa860aa00523c1fd9699,0,657,1101,2733,1101,2076
a27150b99ba1a6c970545463dd909e82,a883e6673b476b0e61e08065eff79128,2268,339,2800,2158,532,1819
6adec349ae2994fcaf9004191fff9a9c,e285e4f1ae1da81165e9b353a961ea05,0,0,882,3518,882,3518
f1cfe4acbb620d11c48b097b1a4c6941,215186ee75b38c34499cd0ebadc7ed20,1723,0,2800,2532,1077,2532
fdeb398baed92161a93ba769404cb91d,69f34d5e5a03da8316e2da407afe1956,2023,0,2800,3518,777,3518
7253f09ec13fc4690b9a2e599f302b92,bc0f2035a8d55f51ecf0eace3869e991,0,474,693,2383,693,1909
a27150b99ba1a6c970545463dd909e82,baff4fe377a1e5269044bf9ff3c88992,2145,0,2800,2998,655,2998
6adec349ae2994fcaf9004191fff9a9c,204b0c1ecfe36925b70566fd29471021,1885,0,2800,3274,915,3274
7253f09ec13fc4690b9a2e599f302b92,ab3268b0ef0a9657c3660d8fe30dfb84,1995,0,2800,3159,805,3159
fdeb398baed92161a93ba769404cb91d,df0cc7be35cb726889da300d5398bab8,2126,673,2800,2539,674,1866
6f42ee6bb1a23805bc0527d7c58aebae,c3eef820d71e0516ba061235997eb8df,0,0,1277,3518,1277,3518
6f42ee6bb1a23805bc0527d7c58aebae,fbceb876c1d27e5116faff118adf7f93,1768,348,2800,2652,1032,2304
a27150b99ba1a6c970545463dd909e82,e7ae18c2ad67672ab9cc431942149d6c,0,0,650,2975,650,2975
6f42ee6bb1a23805bc0527d7c58aebae,5df9b334a07bda459b62c0b27f7d3041,0,522,1142,2812,1142,2290
6f42ee6bb1a23805bc0527d7c58aebae,358726c677e9a8d35f092624895e6773,1610,0,2800,2663,1190,2663
fdeb398baed92161a93ba769404cb91d,66666a6fecf9623f9aa9cbbad09c9f8b,0,860,726,2833,726,1973
a27150b99ba1a6c970545463dd909e82,22250e823a7d3392a42caff62b590ad8,0,456,550,2285,550,1829
7253f09ec13fc4690b9a2e599f302b92,8712303f769afb9a8f4332623325389a,2087,436,2800,2510,713,2074
d37058adc40269cf32cde3f0b449245d,13f2df6eb0c9e13a9506f871316f0397,1200,0,2012,2812,812,2812
e6fa141614271c910ed141d8a83cd047,3b148af67652cf2cceac92ddce28bd14,0,521,841,2677,841,2156
d37058adc40269cf32cde3f0b449245d,a429b896df5c8920430e692af869165a,0,0,862,2778,862,2778
d37058adc40269cf32cde3f0b449245d,95fab3ba2539225428020e371e70a287,0,348,792,2812,792,2464
69ae74df9b2a8173ac5714dc09dae0e7,f64de251f6327ddd8f122a020fa0a6c7,1403,184,2800,2656,1397,2472
7253f09ec13fc4690b9a2e599f302b92,72ca7d51428d2a51f1dd16096ce93f32,0,0,782,2358,782,2358
69ae74df9b2a8173ac5714dc09dae0e7,8db566a665e362b264c73361cc34ee63,1435,0,2800,3518,1365,3518
fdeb398baed92161a93ba769404cb91d,ed330860f53e66af350b520a2010f5b3,0,0,739,3218,739,3218
ba41143ef1743c82338c062d172f76e8,b225ffe791db133a4e4375cc29c8df95,0,490,772,2655,772,2165
ba41143ef1743c82338c062d172f76e8,5eb2c7e0ac5b5f8c5a612f3b55f46038,0,0,750,2491,750,2491
a1fc6be3e710a51145427fbdf0f8140c,f53d286a9d7d3fb4c8573ccdde0fc473,0,806,1014,2696,1014,1890
69ae74df9b2a8173ac5714dc09dae0e7,b90b0315bdf9b655cd980d5a0c45ec83,0,0,1330,2956,1330,2956
d37058adc40269cf32cde3f0b449245d,dda224b82971a510e1cbe9682df43d58,1191,0,2012,2638,821,2638
a1fc6be3e710a51145427fbdf0f8140c,7e6a45cafec710d14af05ceaefdca6e6,1717,766,2800,2620,1083,1854
e6fa141614271c910ed141d8a83cd047,9d7c5aee29fe8e407246828531af699e,0,0,874,3518,874,3518
e6fa141614271c910ed141d8a83cd047,9773b6aa61dbcd7aceb5bc7dd364483e,1993,0,2800,3518,807,3518
e6fa141614271c910ed141d8a83cd047,8688f561a70666cf276bcb1216e2d799,2017,64,2800,2213,783,2149
a1fc6be3e710a51145427fbdf0f8140c,f4bd31baa344926044dec3543fdbdb94,0,0,970,3518,970,3518
69ae74df9b2a8173ac5714dc09dae0e7,78629582f80c49f5bf9a618244fd7d99,0,584,1416,2940,1416,2356
fc9dcb2e40c37de5eee2b611f99ea5f4,1e9128d5b72f813698e3e33674721abe,1922,0,2800,2696,878,2696
ba41143ef1743c82338c062d172f76e8,45177cba19144660417bc1a758a76e5f,1982,570,2800,2676,818,2106
a1fc6be3e710a51145427fbdf0f8140c,f3dccef654a10666980556b350346949,1743,0,2800,3518,1057,3518
7ade5d821ca411dd6cb6916746beff81,2cb0535eb1e5571b712b77a223c0f0ac,0,422,698,2509,698,2087
fc9dcb2e40c37de5eee2b611f99ea5f4,217080b298aeca14e6549f084652dfce,0,418,899,2692,899,2274
64fe5cd8e3c122ff24767d9525a2062e,03c3a7350b739ce51ad3e9082be17a4b,2186,594,2800,2638,614,2044
f220519cc8a3e8bc7ec75bfc861463a2,fc763e2bb379b00706f5ba527af079c9,1111,37,2012,2522,901,2485
64fe5cd8e3c122ff24767d9525a2062e,4695858ecf1c0de96e2ad03dec803bae,0,0,813,2822,813,2822
64fe5cd8e3c122ff24767d9525a2062e,71722e79fdf87a060b7ddaaa56f07b51,1970,0,2800,2901,830,2901
cd1c02d07370ef4a007460d0487b9b5f,b00b54fa200497e58973303b9c2e8011,2107,0,2800,2477,693,2477
cd1c02d07370ef4a007460d0487b9b5f,38148e66d950e69ecbf64468786f2df4,0,827,687,2554,687,1727
f220519cc8a3e8bc7ec75bfc861463a2,5f36dcc5dadabd827fc43d52f7743f8c,0,0,934,2812,934,2812
f220519cc8a3e8bc7ec75bfc861463a2,edbdc475f20efd89695aaae07d586025,0,0,859,2192,859,2192
64fe5cd8e3c122ff24767d9525a2062e,5f32408ad4dcd0d16200071e61cf5817,0,472,841,2704,841,2232
cd1c02d07370ef4a007460d0487b9b5f,f671dd6d4a92a6c08b6f58f37ecb3a3b,2069,639,2800,2370,731,1731
7ade5d821ca411dd6cb6916746beff81,c0a27fb1a4d991803d1a27604a2d28d2,0,0,692,3518,692,3518
4bb19362bba9c29717ec802be4406a71,8e5d196cdbf20b5c92ceb32932c0d7b2,0,0,815,3116,815,3116
fc9dcb2e40c37de5eee2b611f99ea5f4,99d1fce8a123830f00938a272d9be8cc,1907,398,2800,3518,893,3120
c527a7e41d2caaf3def466a0b3522e16,305bbf45fd49abda31f65df6c16f5c58,0,488,1069,2758,1069,2270
cd1c02d07370ef4a007460d0487b9b5f,6e26406b376befde892657b5a89420aa,0,0,638,2222,638,2222
c527a7e41d2caaf3def466a0b3522e16,491489b90e332e9e6f2d25c63750c27a,1810,799,2800,2892,990,2093
c527a7e41d2caaf3def466a0b3522e16,747b6f40344f63f94dbffbad5140c689,0,0,1103,3319,1103,3319
f220519cc8a3e8bc7ec75bfc861463a2,c9b6f43f3bd7030e4ed9dccb1e4827e6,1063,0,2012,2505,949,2505
6aec58bb8b3b2277827ea82292d46029,97db15d707f4988dbf21b5dfb90a2ca2,0,0,1020,2885,1020,2885
4bb19362bba9c29717ec802be4406a71,5f6f369fdec4f0ecf8f3e57fbae31e14,1888,0,2718,3580,830,3580
fc9dcb2e40c37de5eee2b611f99ea5f4,949513d7096d2af757d0269c776e3233,0,0,894,2638,894,2638
7ade5d821ca411dd6cb6916746beff81,62f16dd9c4f61e0b85b37dcafc0afa2c,2086,818,2800,2692,714,1874
6aec58bb8b3b2277827ea82292d46029,5426ef7698105f94f2bc1e1902c8ac58,1939,480,2800,3518,861,3038
c527a7e41d2caaf3def466a0b3522e16,42d9f42636018e2a9cf768bdd184299e,1669,0,2800,3518,1131,3518
6aec58bb8b3b2277827ea82292d46029,7ba00a9920d1e735e6a11c8102e0b382,0,480,929,3518,929,3038
6aec58bb8b3b2277827ea82292d46029,ffda3e5881c7b455f7a2d711bcfeb313,1855,0,2800,2291,945,2291
569e75db55e071fa92d5628751113f41,32e70987c1366817de1dae479894468a,0,362,912,2533,912,2171
ba41143ef1743c82338c062d172f76e8,b63daa5c88f2e2c1e1bf9bacfa43b78a,2017,0,2800,3103,783,3103
569e75db55e071fa92d5628751113f41,aaf10423c59b04d359ac7dc80f51d380,1784,473,2800,2571,1016,2098
569e75db55e071fa92d5628751113f41,49023b6b1c6143350ce3d2a9db9397da,0,0,1006,2742,1006,2742
7ade5d821ca411dd6cb6916746beff81,41ccb8627ebda330e7bbe499686d8c0a,2064,0,2800,2443,736,2443
569e75db55e071fa92d5628751113f41,dde3ce9c2f4097b76b083c02d58f84dc,1856,0,2800,2740,944,2740
2964126c6a4a7cac404ba402cd54f7ea,c59863c6e90a4487b57851bd2af57dfa,1830,492,2800,2589,970,2097
9a5947a4aa8fac6d29c64c79814aa437,089cdb21bf1bc03580e96d5359bcacf1,1805,358,2800,2340,995,1982
2964126c6a4a7cac404ba402cd54f7ea,71963be8b76158023943122d9cef089c,0,0,1014,2700,1014,2700
2964126c6a4a7cac404ba402cd54f7ea,748bedc888921f9b38e099788a6415eb,0,679,958,2664,958,1985
dd9e53f6b6859b8661d3718ceea95f17,a50c2edb36c87faa858da7ba27706d40,0,688,879,2511,879,1823
4bb19362bba9c29717ec802be4406a71,121031d859d104ddbcdbf1641239fef6,0,0,556,2777,556,2777
2964126c6a4a7cac404ba402cd54f7ea,d0b9b3cc24fcb360407d77cd4d4fe86a,1922,0,2800,2694,878,2694
9a5947a4aa8fac6d29c64c79814aa437,e6fefe1cd3b48e839134967eb6a745e1,0,565,1163,3324,1163,2759
9a5947a4aa8fac6d29c64c79814aa437,5a6c9c5fe9a9a4f354239eb5b9028d64,0,0,1105,2835,1105,2835
4bb19362bba9c29717ec802be4406a71,5fd662199d4e11abd70f7c41d82f3afe,2170,646,2766,2383,596,1737
dd9e53f6b6859b8661d3718ceea95f17,5628d8cc0d441e734bd8859722a87216,0,0,794,2141,794,2141
9a5947a4aa8fac6d29c64c79814aa437,e492c4d221cdeacfab85a0b6265a335b,1760,0,2800,2436,1040,2436
dd9e53f6b6859b8661d3718ceea95f17,8fb37774f5ab25c8817f2b856318863e,1903,0,2800,2087,897,2087
c8fe81e9fef61e8315bb9eb10fff482f,82679725dfbddb81ffae3908a93cb658,1939,0,2800,3518,861,3518
c8fe81e9fef61e8315bb9eb10fff482f,1ae6c081f83659613871e1147964e5b3,0,0,876,3129,876,3129
dd9e53f6b6859b8661d3718ceea95f17,be554d73820744cf868dc3bd29c36832,1805,595,2800,2410,995,1815
c8fe81e9fef61e8315bb9eb10fff482f,101c9c3fb36ee507326647f53c8b733e,0,747,908,2751,908,2004
18bd83bd109a7cb68883a3ae55fa7b50,6df73e6efc2f1f3b5b4c83d3ca1d4f57,0,0,867,3258,867,3258
c8fe81e9fef61e8315bb9eb10fff482f,0e695fb2103b6cec108c722d8ac6fff1,2056,648,2800,2667,744,2019
0f24d240d226d2873edd2349e69a93cb,51e7bbc2f9e97ab689079d160e3f80f5,2024,218,2800,2467,776,2249
18bd83bd109a7cb68883a3ae55fa7b50,a7fc05534197baca3cc7f74ea7c5339f,1995,412,2800,2454,805,2042
0f24d240d226d2873edd2349e69a93cb,a5607de14e68367edfc59c884158f993,0,0,824,2510,824,2510
18bd83bd109a7cb68883a3ae55fa7b50,367da6ea72cfd7a2bfc61a88eaa85479,0,629,727,3518,727,2889
07b2966671cd768f41e0e9e86d57c5af,4109290b0d3e25758091b68fa8d8262f,0,0,1007,3324,1007,3324
5119479f79e5ac1b035f5def4de30b3e,f0f45bb7113333e84b815e9bc1656258,1872,185,2800,2423,928,2238
0f24d240d226d2873edd2349e69a93cb,fd16eddc92cadc18bc67a8f88823c726,0,0,934,3326,934,3326
18bd83bd109a7cb68883a3ae55fa7b50,ac3d222935dc12a91b5f4b2346aed42a,1950,0,2800,2627,850,2627
5119479f79e5ac1b035f5def4de30b3e,882abc7bcc69dc48c8ba310aea011262,0,459,942,3518,942,3059
5119479f79e5ac1b035f5def4de30b3e,d5c68d2b71ec2d172568ec856a160fac,1904,0,2800,3358,896,3358
5119479f79e5ac1b035f5def4de30b3e,43750af225addd2db2f3e4b1d287755d,0,0,902,3518,902,3518
7a7f2b151786da9eadf8e98e04fdbac7,972ebaa8321e79ec98c21d2cd519e41a,0,106,774,2702,774,2596
c9a51e3b873f7173cb1236d91df8eff9,377a078369be941bf5447be18b396549,0,603,775,3518,775,2915
e681734f39d59b232bd85dbe4738b4e6,73804f642aa3cefa4c3820b7329bfe00,0,0,1158,3518,1158,3518
e681734f39d59b232bd85dbe4738b4e6,b480f287b16fd55f8e6a60b3adb62337,1921,523,2800,2691,879,2168
e681734f39d59b232bd85dbe4738b4e6,86c34bac6dc1139cb837eb715dedda4f,0,28,984,2549,984,2521
c9a51e3b873f7173cb1236d91df8eff9,61770e02766daba277266f143ae25280,2005,59,2800,3087,795,3028
c43b6b8b113316c16628e04669238982,bd6325af0b237da2d4f9108c09472578,2051,605,2800,3518,749,2913
c43b6b8b113316c16628e04669238982,8729aa4914780b2144d2c4f774823e33,0,750,820,2783,820,2033
0f24d240d226d2873edd2349e69a93cb,199e100ceaf47d25e7435edc101dd3ec,1919,0,2800,3516,881,3516
a5ff583568e2a5cbff16dde6e7761b5b,6f2a9d002fc405f7c3487c5013333350,0,399,899,2564,899,2165
c43b6b8b113316c16628e04669238982,24059d955fe09a80f0e040a1a52f7b35,1941,0,2800,3518,859,3518
07b2966671cd768f41e0e9e86d57c5af,0a92a7a55bb12b03279d7149346e5ac1,0,330,887,2421,887,2091
c43b6b8b113316c16628e04669238982,a11ef4981f2c463acb382a687b3f51e7,0,0,879,3139,879,3139
a5ff583568e2a5cbff16dde6e7761b5b,8436646960286d9855b64a1d16d573cf,1892,372,2800,2572,908,2200
c9a51e3b873f7173cb1236d91df8eff9,b4dd345d8e75ef958ecab4eccb67c265,0,0,1171,3518,1171,3518
07b2966671cd768f41e0e9e86d57c5af,3112a3eaf434e3d258fa6b3ca0d2594a,1803,0,2800,2374,997,2374
2acc075c29ee781d02f1c5dd8c756240,65051e476f2f4168e62fea74a72bf64f,1740,227,2800,2617,1060,2390
e681734f39d59b232bd85dbe4738b4e6,077cd7dc6fbdf3179e8fb17f2a243b91,1780,0,2800,3518,1020,3518
07b2966671cd768f41e0e9e86d57c5af,f3c064090883a7c5d54e2af318bad9ef,1719,212,2800,2506,1081,2294
a5ff583568e2a5cbff16dde6e7761b5b,231ad7086251d4ee13f6d27c2315b225,0,0,926,2797,926,2797
a5ff583568e2a5cbff16dde6e7761b5b,b4e0648ac966cb83e01ac7987a81bb35,1784,0,2800,2899,1016,2899
bc451b7dc1e2e2e735f3917732d21876,ffedcd33fb0841869306b210ca3181c2,0,0,761,2810,761,2810
c3487424fee1bdd4515b72dc3fd69813,071da0bb18f9751a903df578493643da,0,282,1046,2780,1046,2498
2acc075c29ee781d02f1c5dd8c756240,b9cdc311a56151d5e209be77d5f68c37,1733,0,2800,2804,1067,2804
2acc075c29ee781d02f1c5dd8c756240,49e231f7ec50b4509b319fcfd41e7922,0,387,1067,2902,1067,2515
bc451b7dc1e2e2e735f3917732d21876,a5fba1f823a8dd6dfba5084b4fa16440,0,600,746,2412,746,1812
94d15fde278f49c74e6e0d2f51176b34,32b9874b21bf251d53bc2932b4605ada,1921,0,2800,2876,879,2876
7a7f2b151786da9eadf8e98e04fdbac7,244994960e5f6e3c406ee4c137119c3b,0,0,816,2434,816,2434
94d15fde278f49c74e6e0d2f51176b34,7431114280125b86b9dbf5dfa625f1e8,0,0,889,2647,889,2647
c3487424fee1bdd4515b72dc3fd69813,318264c881bf12f2c1efe5f93920cc37,1689,338,2800,3518,1111,3180
36a1569aca166a2f953da98c97f4fc38,a3c57c91154f31d65912252a24e66822,1800,483,2800,2580,1000,2097
36a1569aca166a2f953da98c97f4fc38,3ef29702a4021e9a4f84525d99944fa2,0,606,976,2689,976,2083
c9a51e3b873f7173cb1236d91df8eff9,857639ff280fef82d55d81ee11b6dcca,1954,0,2800,3518,846,3518
af5993bad933f69d1181e383b2ac8fbf,b629599828d151421036612f1d2b286b,0,0,1249,3108,1249,3108
c3487424fee1bdd4515b72dc3fd69813,e1c5480559da2af71b2b64fa7fa57750,0,0,1155,3266,1155,3266
af5993bad933f69d1181e383b2ac8fbf,9baf97ef8c94e992b504a549a8905a72,1640,573,2800,3518,1160,2945
af5993bad933f69d1181e383b2ac8fbf,1e96d270758f190313642ebeecaecc0b,0,671,1237,3518,1237,2847
7a7f2b151786da9eadf8e98e04fdbac7,b48df6b5cc6f2a613d0a36889242b02a,2054,0,2800,3518,746,3518
36a1569aca166a2f953da98c97f4fc38,540e06784b7b171e2c2e23933a268907,1889,0,2800,2719,911,2719
36a1569aca166a2f953da98c97f4fc38,5d5cda4cd50a59c361c056c2883c3560,0,0,950,2798,950,2798
2acc075c29ee781d02f1c5dd8c756240,35d64566cb02d0dad597dfec3a622dc4,0,0,1130,2846,1130,2846
bc451b7dc1e2e2e735f3917732d21876,81c888e7ce1dae928c5e21be8f851b7a,1913,0,2800,2467,887,2467
7a7f2b151786da9eadf8e98e04fdbac7,11ad49282c890423f5bd94803842d89c,2008,663,2800,3518,792,2855
3b5d9a6367b262b189b5725968783517,2c6022427222f35bdc3798db23217cc1,1801,0,2800,2551,999,2551
3b5d9a6367b262b189b5725968783517,ce461e4ea5693aa8c4665b12e5ba223f,0,407,988,2693,988,2286
af5993bad933f69d1181e383b2ac8fbf,d739d5c6705773ba77073ecbfa1f5a94,1599,0,2800,3518,1201,3518
bc451b7dc1e2e2e735f3917732d21876,afe01188e22523566932e9258baaa97f,1906,546,2800,2451,894,1905
c3487424fee1bdd4515b72dc3fd69813,adf961b5379855af0293ca526f3d0c51,1564,0,2800,3518,1236,3518
ea75b79a86ae33661802cc9f2ee5d938,cd38c027a3d55f1e87658b287f82edec,0,0,779,3286,779,3286
3b5d9a6367b262b189b5725968783517,07b8f67b4d41130ee679dfbdd7641731,0,0,988,2774,988,2774
ea75b79a86ae33661802cc9f2ee5d938,47cdf39513813a5297cf23e0475a383f,0,0,686,2596,686,2596
d2e8db7a9a9eebcab984b544fe3dde3c,87daf24a3e840277fcd07fcbdbcb73ab,0,450,958,2711,958,2261
ea75b79a86ae33661802cc9f2ee5d938,a170a92368091b985595f6b1d18f2154,2114,436,2800,2462,686,2026
d2e8db7a9a9eebcab984b544fe3dde3c,0d6dbceaf82163dfcf5bdcd0e489d782,1746,122,2800,2481,1054,2359
781cce097dad8149e13ed03febb6bab5,5bbdab75959e073543b4bcce57ec0676,2033,0,2800,3518,767,3518
7c8c4b1c7ba2be573afb41c857118dc6,0f561bc8760b0062d9fa87a7abafb80f,1870,608,2800,2923,930,2315
7c8c4b1c7ba2be573afb41c857118dc6,c50258ce7c2dde5d231ab249fe41f03e,0,509,919,2642,919,2133
7c8c4b1c7ba2be573afb41c857118dc6,e9ae1d1701a23e2a9e91b6aa5ba2b1cd,1812,0,2800,2581,988,2581
7c8c4b1c7ba2be573afb41c857118dc6,31f01142ff161fd11642094c57fd7f05,0,0,1089,2643,1089,2643
a49e70c127f55f1ccba111a45279b861,69930254edfe0b40a57fa8317ca0a2af,1041,124,2012,2408,971,2284
a49e70c127f55f1ccba111a45279b861,f6bedc24a5d7a5f46626401aad44cb50,0,276,886,2562,886,2286
ea75b79a86ae33661802cc9f2ee5d938,d5fbbd30a1d4a089716622b4303b1b58,1918,0,2800,2766,882,2766
d2e8db7a9a9eebcab984b544fe3dde3c,9edafa080ae16582e2ffacae9f0f2af1,1643,0,2800,3518,1157,3518
3b5d9a6367b262b189b5725968783517,0c8d2609b46f69c051fdbbf779827ccb,1747,28,2800,2435,1053,2407
d2e8db7a9a9eebcab984b544fe3dde3c,8ccb8e1e4fc2fe2578db194382bf6b65,0,0,1129,3518,1129,3518
781cce097dad8149e13ed03febb6bab5,50b1253c8342b415a76461d17ad3d1ce,2047,705,2800,2680,753,1975
781cce097dad8149e13ed03febb6bab5,b0c4744265ba1ea6bdf3c1d0991b79a1,0,0,722,2546,722,2546
94d15fde278f49c74e6e0d2f51176b34,dffb686a20260a6334e5effecdab6f3a,1879,528,2800,2782,921,2254
bd36f59a2266b5b8684eaa66eeef8cb4,f6d66262784319cd315cd5e46e9e2438,1905,0,2800,3518,895,3518
781cce097dad8149e13ed03febb6bab5,94d8142612eafdc9533dc85e0553c4f8,0,807,795,2808,795,2001
94d15fde278f49c74e6e0d2f51176b34,d642bac8d4cc4dc70f9d75a1d42267f6,0,0,924,2699,924,2699
a49e70c127f55f1ccba111a45279b861,86d35271891f470b4b96fb51434ef231,0,0,966,2812,966,2812
bd36f59a2266b5b8684eaa66eeef8cb4,671b8217de35176be9831fffe78ffb28,0,329,1141,2491,1141,2162
a49e70c127f55f1ccba111a45279b861,24422b1e84a7d2087aad51dec62182a6,1037,0,2012,2803,975,2803
ff4f7290c0a7d72479c0d1a06d80adb0,cbce4b2f2548f43b52c58a7a75763a8c,1974,344,2800,2396,826,2052
4e68395c78947a8dd8f745e90096d351,f28b3ea2ae255dae644357efc5dce523,1334,248,2800,2757,1466,2509
ff4f7290c0a7d72479c0d1a06d80adb0,eb4ca91def38950dd4d191714dca6288,0,319,776,2366,776,2047
ff4f7290c0a7d72479c0d1a06d80adb0,78e1ab46d633b3665ed8ff737f3cd2ef,1942,0,2800,3273,858,3273
bd36f59a2266b5b8684eaa66eeef8cb4,4667b441c0ecf4b17409c118f7c690d2,1880,147,2800,2347,920,2200
bd36f59a2266b5b8684eaa66eeef8cb4,166699e9441f1481ec509621753725a9,0,0,1056,3180,1056,3180
4e68395c78947a8dd8f745e90096d351,b4d4f26046bd7f8692211bbfff7ec0a7,0,0,1695,3211,1695,3211
4e68395c78947a8dd8f745e90096d351,2bf54fd3ba2a5a8e290552e5f56ba185,0,586,1504,3003,1504,2417
ff4f7290c0a7d72479c0d1a06d80adb0,7e5de4a01c87b8a4d37bd4bb45ae9398,0,0,807,2733,807,2733
05d46604537630e9e5b7fb83d4130617,5564cd66fc0eea8d488c5fad2926d56e,0,0,1149,2759,1149,2759
4e68395c78947a8dd8f745e90096d351,5e5dbf35b131dc710945901361739e4a,1194,0,2800,3373,1606,3373
05d46604537630e9e5b7fb83d4130617,3461d8f1d8e9e0afd078c9bb47d266bc,0,686,996,3004,996,2318
f5c14d49e469454e674a0d215f3c84f7,0ff9ee3bd7d910e62491de0effc0418a,1577,0,2800,2694,1223,2694
05d46604537630e9e5b7fb83d4130617,c78c6023cccfb96c64f3caee99feac18,1809,276,2800,2629,991,2353
f5c14d49e469454e674a0d215f3c84f7,7fad6becbcc5fa4b960bd17ae5375ac4,0,538,1130,2750,1130,2212
26fe9f70cd447ded5fcd433f80964335,f8c3c71e18343281a6070bdb36675780,1391,369,2012,2164,621,1795
26fe9f70cd447ded5fcd433f80964335,d79454b900a77f5c7b41c0a31bdcb39e,1358,0,2012,2308,654,2308
26fe9f70cd447ded5fcd433f80964335,5843056e45b9adb7ce4a52fe31880857,0,0,622,2812,622,2812
26fe9f70cd447ded5fcd433f80964335,1e63b71d8a5a73dc7112816de5acb74a,0,147,538,1950,538,1803
f5c14d49e469454e674a0d215f3c84f7,2a1e9d115d0a03301dc94b7974fd4b83,0,0,1164,2787,1164,2787
05d46604537630e9e5b7fb83d4130617,4ee4847b8cb0766acdcbe583424dbc0c,1651,0,2800,3093,1149,3093
f5c14d49e469454e674a0d215f3c84f7,9c71b5408671051cb23ee2cd703ec438,1530,0,2800,2889,1270,2889
2703ed5e8a2bf69d5b441b1877f89d64,023ef76ea06aad586953455a02d75fc5,1944,0,2800,3518,856,3518
2703ed5e8a2bf69d5b441b1877f89d64,40913b060fdd8abdf88280953a543556,0,1031,818,2999,818,1968
2703ed5e8a2bf69d5b441b1877f89d64,9c96aa9f2de1d5c6d84020628dedc52d,1942,543,2800,2556,858,2013
6b24e6bd838eb6426ed541e25e54db7c,b303abf2d0bda47871c0f0218c1fa0ba,1888,0,2800,3518,912,3518
2703ed5e8a2bf69d5b441b1877f89d64,f087a60432130e3f2e44d6dae8210283,0,0,847,3518,847,3518
6b24e6bd838eb6426ed541e25e54db7c,8005fd8a9e326b892dc1767b3402262c,0,456,1129,2491,1129,2035
6b24e6bd838eb6426ed541e25e54db7c,f938083350514e125f9442b612344816,1830,193,2800,2346,970,2153
f276d5553ae66f97e0da5b393f9dbee8,e79fda6a93c7ad2a0392ec85a48cde81,0,418,855,2726,855,2308
da39b4b1ef5d5f3c2c20f96677677de0,8ad6fa6e7d812f9e198994f1a55c1c22,0,795,1056,2755,1056,1960
6fa80c03f14a225a5c2250da38ea8d31,ab02794d7eaa048f6b359e99d98ea008,1829,0,2800,3518,971,3518
6b24e6bd838eb6426ed541e25e54db7c,f69bac5761edb8e667753ca6b66214a6,0,0,1048,2964,1048,2964
6fa80c03f14a225a5c2250da38ea8d31,6ebb708b45971a69efd6b7c4ea6eb4de,2042,545,2800,2628,758,2083
da39b4b1ef5d5f3c2c20f96677677de0,147432c8c669668deeeff0d9205b67ec,1760,369,2800,2368,1040,1999
da39b4b1ef5d5f3c2c20f96677677de0,dc04f11d7f4c0bfc013734f3d6468e26,1750,0,2800,2218,1050,2218
f276d5553ae66f97e0da5b393f9dbee8,82db94c8d5150e53f44f2a7d727fd249,0,0,844,3518,844,3518
04001ba506ab7be27069776dee84469f,80c38262b48f87cf9c2438a7b4b479be,0,0,1326,3062,1326,3062
97676356446f9a7699e83ce7e191cfdb,63b16661a3bf50ec9f24178967cc0fde,0,0,972,2607,972,2607
97676356446f9a7699e83ce7e191cfdb,c47f16853d3cc274b94764d4b3968c6b,2030,336,2800,3518,770,3182
04001ba506ab7be27069776dee84469f,4ff91ebeefca1e047569a92fa1ebeeca,1569,714,2800,2932,1231,2218
f276d5553ae66f97e0da5b393f9dbee8,a45dc671cd7a5ce36e453dd9ec326298,1989,388,2800,2579,811,2191
97676356446f9a7699e83ce7e191cfdb,a825f7fdb408206821e3e989f511c4d5,0,513,841,3518,841,3005
184e63414faf89c7988c37f02e8c8d5f,335f7dfc0e6a97186189c1a3782393f3,0,206,884,2632,884,2426
04001ba506ab7be27069776dee84469f,f91e6e08ad768a0128fcfdcade61b017,0,523,1101,2764,1101,2241
184e63414faf89c7988c37f02e8c8d5f,cd15c63dea6bc5c3187158341ae6e630,1056,0,2012,2812,956,2812
6fa80c03f14a225a5c2250da38ea8d31,40d9a653d26c0adac98fdf8c6b7d0b2b,0,389,796,2532,796,2143
184e63414faf89c7988c37f02e8c8d5f,4c4294761f4842e9f6d691f6c1f83e25,1040,0,2012,2359,972,2359
184e63414faf89c7988c37f02e8c8d5f,c5e78697dcb28436de8cd1add024ca14,0,0,988,2812,988,2812
04001ba506ab7be27069776dee84469f,88b243953b37de12975986b3de26da39,1438,0,2800,3231,1362,3231
c96d5aa731fc1dcfa6e5b8bfedc6e70b,008bf14efd99d9d8cb46589e7d0268e8,1875,0,2800,2459,925,2459
c96d5aa731fc1dcfa6e5b8bfedc6e70b,44c6aad8164830f2172790fb6f97ec19,0,355,1032,2671,1032,2316
da39b4b1ef5d5f3c2c20f96677677de0,f04905c9a7755978c864c59277b70f14,0,0,938,2461,938,2461
6fa80c03f14a225a5c2250da38ea8d31,cca0898c41a346f6a2e609376d5a990e,0,0,891,3518,891,3518
b1f3e2065ae5087a53243e0b0729273b,54aa2758fbda627d811412679d95fb22,1747,0,2800,3518,1053,3518
c96d5aa731fc1dcfa6e5b8bfedc6e70b,7019d76cc043572c9cc1cbc62a1d379e,1849,598,2800,2806,951,2208
c96d5aa731fc1dcfa6e5b8bfedc6e70b,9cc522c24f9362d5a5aebcb984f51ffa,0,0,1056,2437,1056,2437
e5b754d058782f76cc0c6c1f0563ff8e,82c9381a97d11b9b3088f6be043e889a,1891,478,2800,2700,909,2222
e5b754d058782f76cc0c6c1f0563ff8e,14328719821b8cd6720e49043ecd2530,0,724,809,2831,809,2107
e5b754d058782f76cc0c6c1f0563ff8e,1ea6459f86cef8adf769e86fc1fad5e3,0,0,1027,3518,1027,3518
e5b754d058782f76cc0c6c1f0563ff8e,56626cbaf92fa1c55bf0e145ecb3d7c6,1773,0,2800,2404,1027,2404
97676356446f9a7699e83ce7e191cfdb,edab5a66659b3a79fe9bb983ed8feb6b,1905,0,2800,2777,895,2777
2a8cd95b9669b986f94125ad06dd5740,ed28c12302d910bcc96dc589f2ec75b9,0,628,813,2918,813,2290
2a8cd95b9669b986f94125ad06dd5740,05f94a0f37394a59f0711ad35d787b82,1921,0,2800,2789,879,2789
8736f1d9841c4dc273f050860fe39f50,91354b1c2f4ddf606bdfb1509a69ac3a,0,627,931,3518,931,2891
8736f1d9841c4dc273f050860fe39f50,aa12b63cc38a555b8b16abbf3036e0ac,1846,0,2800,2512,954,2512
2a8cd95b9669b986f94125ad06dd5740,d4b1c730ba64edf06a82bb5729adf37b,1971,281,2800,2554,829,2273
b1f3e2065ae5087a53243e0b0729273b,09f2b057e787259c313288ac559bc9bc,0,0,1067,3518,1067,3518
2a8cd95b9669b986f94125ad06dd5740,ad48eec43aa04ce1d666ebe329d71b0a,0,0,892,2878,892,2878
b1f3e2065ae5087a53243e0b0729273b,ec4e822ee3a51d0749f6773a024bc6af,0,505,890,2840,890,2335
4d12ed780bf89b4925ca55ff33ab8494,5eb1b7dc57b09215d77d134c001900be,0,395,945,2336,945,1941
4d12ed780bf89b4925ca55ff33ab8494,62a62cc23bcd16f0c63bc124b0e4b567,0,0,989,3394,989,3394
4d12ed780bf89b4925ca55ff33ab8494,c3715c7d01d1093bbff876e8ffabb8d6,1793,0,2800,2848,1007,2848
b1f3e2065ae5087a53243e0b0729273b,343605cd7da7f2515b76d13c3e49e709,2042,801,2800,2978,758,2177
f276d5553ae66f97e0da5b393f9dbee8,92bf2b795d5c4b49e548c04f5b9d08c0,1984,0,2800,3518,816,3518
44f08f84446e3087ee4f8962166b7005,06f3d652a41ecefa7eb69ac740f911be,0,549,1016,3425,1016,2876
540ab71b28752c3e279be9bad638df79,f2d214b69a7661d43e755f8921706206,0,40,888,2825,888,2785
8736f1d9841c4dc273f050860fe39f50,7769d4e616a1bced70a2b6ff4d634f14,1931,118,2800,2588,869,2470
44f08f84446e3087ee4f8962166b7005,1731b71009ceca4d67b56017cf523d13,0,0,1104,2612,1104,2612
bbddf710a59aaf64e4fe816e04d539d5,a4a00aa0fe3736f5d45a2fec7080ff0a,0,357,1017,2836,1017,2479
bbddf710a59aaf64e4fe816e04d539d5,1f78e4f7ffd21c30755f47cb1ccde43a,0,0,1036,2769,1036,2769
8736f1d9841c4dc273f050860fe39f50,ea649cf8d4d223b2786643a34ff493a4,0,0,1064,3438,1064,3438
bbddf710a59aaf64e4fe816e04d539d5,5024c6fdb8e56586c91602493ec3474b,1877,377,2800,2853,923,2476
44f08f84446e3087ee4f8962166b7005,3636bda1c52908342ee046517f826341,1761,0,2800,3228,1039,3228
4d12ed780bf89b4925ca55ff33ab8494,c9283c230c6ed7db846ce95c08d41b07,1840,344,2800,2332,960,1988
540ab71b28752c3e279be9bad638df79,1e639d32fe7fc99a1e36c2777a585387,1818,0,2800,2454,982,2454
540ab71b28752c3e279be9bad638df79,5c0ea0f2c06ddd8c4b0522f99376a311,1822,0,2800,3518,978,3518
671284109c3d764f4e94256b4224c2fd,511213c38b732b3d0ea8e56456ee7877,1986,0,2800,2951,814,2951
671284109c3d764f4e94256b4224c2fd,1176a356c1d5571f4aefeff8fbf5bb4b,2198,841,2800,2742,602,1901
e717860427e59c89fc1aca44627ae6d4,6392630b844031e3aa5ce15acd2852af,0,817,985,2876,985,2059
671284109c3d764f4e94256b4224c2fd,dfade1f677d538ab17b88b3daab17d9f,0,582,701,2516,701,1934
540ab71b28752c3e279be9bad638df79,0adb22b2b24d61c511acbe028648532e,0,0,905,3518,905,3518
e717860427e59c89fc1aca44627ae6d4,88ab12005a0c2437bae602470dec455f,0,0,968,3272,968,3272
f580d3fa69a9fd323bc46625a665e4f2,7c9e7dc881331307305d186a08574dfb,0,0,1031,2599,1031,2599
e717860427e59c89fc1aca44627ae6d4,2eb59187a336576f0fdafc62b10048b2,1817,524,2800,2677,983,2153
f580d3fa69a9fd323bc46625a665e4f2,476a6955fa64338f807001e802166242,1872,0,2800,3395,928,3395
e717860427e59c89fc1aca44627ae6d4,4667e296c1374a5fb50d081203295c5f,1831,0,2800,3518,969,3518
44f08f84446e3087ee4f8962166b7005,66c80f6a4c3b1315eaeb225c05a11968,1795,237,2800,3518,1005,3281
f580d3fa69a9fd323bc46625a665e4f2,839f056ac7ce1e2743006014c67e938e,1864,103,2800,2439,936,2336
fa3254c593fb247b72518982aa968ec5,45db7bca00bbf403202203872a1ecf15,1858,0,2800,2552,942,2552
7028644a1ee1ba34ad6d58e43e77811e,8b9040fd28b6b833734b36a9ba3fedac,2086,757,2800,2629,714,1872
7028644a1ee1ba34ad6d58e43e77811e,346cccea2792b8a0052d797800ea347d,2035,0,2800,2615,765,2615
936ffc99650607e8e43908a50e476ff6,b6ec949e63f11b6b5f2c1e8718cefe97,1789,577,2800,2358,1011,1781
fa3254c593fb247b72518982aa968ec5,4d99841dd8b07aa758489de4821fd656,1790,612,2800,3518,1010,2906
671284109c3d764f4e94256b4224c2fd,f61f6ea747428864685c92127466ca47,0,0,736,2849,736,2849
7028644a1ee1ba34ad6d58e43e77811e,d9767ed48ac671180a1781a215c00e18,0,496,731,2401,731,1905
fa3254c593fb247b72518982aa968ec5,cbad6c24cd6479af51e1283ea217c143,0,525,1027,2590,1027,2065
7028644a1ee1ba34ad6d58e43e77811e,a23bb21cab716f3a89b209bc3e4bc1ec,0,0,744,2943,744,2943
4a620d9d7330ba536e850924abe7b10a,2c1bcc90df363401d176bfbf3eaf813b,2053,0,2800,2490,747,2490
f580d3fa69a9fd323bc46625a665e4f2,e348a515ae32a53cecbcacfbd83f27c3,0,0,1139,3518,1139,3518
104e5e4a49de1de85615c93b04df6369,f6108e36986b54930979e8a11de5f5d3,0,554,987,2575,987,2021
fa3254c593fb247b72518982aa968ec5,c9fcc07d8b1cbabbb6c360c065f6843c,0,0,1015,3518,1015,3518
4a620d9d7330ba536e850924abe7b10a,5202ea86e8c8641920db2b8bf8830e3c,0,0,735,2712,735,2712
104e5e4a49de1de85615c93b04df6369,229dd09e3b475b56237fa981901e3a1d,1806,697,2800,2652,994,1955
104e5e4a49de1de85615c93b04df6369,41cfaafb21d3eb6b496d11dbb0832603,1818,0,2800,2662,982,2662
4a620d9d7330ba536e850924abe7b10a,b7380a0e7641c88d0ded9ad9f7361e07,0,957,698,2747,698,1790
4a620d9d7330ba536e850924abe7b10a,e128206f7e2abdbfa9f29f0686e76f02,2098,796,2800,2631,702,1835
23ab4ae895f391e494b0fcb1176daf5c,9689538dbe80a596fb3dd1070f8c2fea,0,377,1113,2611,1113,2234
23ab4ae895f391e494b0fcb1176daf5c,e9dddbb008d464ed9f810738438ce67a,1596,21,2800,2337,1204,2316
104e5e4a49de1de85615c93b04df6369,7748e42e369ec3e15590bebc19d66b76,0,0,1000,3518,1000,3518
bbddf710a59aaf64e4fe816e04d539d5,a625dff1d8891077bc0878c647a5c1b5,1729,0,2800,3518,1071,3518
d2f6752e9d8ad4f5bcecd87f13ee5efb,e4cc397a2187a7028649e69a39cbd9b3,1830,489,2800,2748,970,2259
23ab4ae895f391e494b0fcb1176daf5c,ca3227a78b72c59139a9dded1d8f85e2,0,0,1226,3379,1226,3379
d2f6752e9d8ad4f5bcecd87f13ee5efb,5f65116e1f42a5521b0b76b3b2d137c9,0,981,979,3107,979,2126
23ab4ae895f391e494b0fcb1176daf5c,b401d96e7a4484dea0e3a730feefc502,1614,0,2800,3299,1186,3299
936ffc99650607e8e43908a50e476ff6,05acda977fdbb2a792964958c62aab0c,1853,0,2800,2418,947,2418
d2f6752e9d8ad4f5bcecd87f13ee5efb,83cf486c6e2659f1d5b253c16439bdb7,0,0,996,2864,996,2864
6aabb9235d0f82c68d466f86c9a0aa08,c22a821e6f1b1b491a43b2a821dd7ccc,2005,0,2800,2519,795,2519
d2f6752e9d8ad4f5bcecd87f13ee5efb,8ceff6d035132ab9d6210af2cc28d5bd,1834,0,2800,3486,966,3486
6aabb9235d0f82c68d466f86c9a0aa08,e818869397f5900c71d963567d5966f4,0,492,828,2609,828,2117
6aabb9235d0f82c68d466f86c9a0aa08,bb74d11d1b806e03e2527ce7a068254a,1933,0,2800,2568,867,2568
5ec7d071caf400bb550e71d0c2d45a98,f63cbd05cb93e53b78117ceabd6cfac4,1257,0,2012,2680,755,2680
6aabb9235d0f82c68d466f86c9a0aa08,45e7311b353b1187b1980585dcde24a8,0,0,873,2538,873,2538
936ffc99650607e8e43908a50e476ff6,5958e2748f6c2126371802bd2acc2303,0,0,955,2384,955,2384
5ec7d071caf400bb550e71d0c2d45a98,52d7382a468c22b61287dc5012eb44b7,1233,285,2012,2286,779,2001
5ec7d071caf400bb550e71d0c2d45a98,3089049db53b21302d1ae99dad84fb01,0,536,836,2556,836,2020
5ec7d071caf400bb550e71d0c2d45a98,5afe4d161a89f8ea43ee21977d34929d,0,0,788,2812,788,2812
78460f09429fb20fad8ed39524a1dc01,939a0dbe8a0222e619e6dd94e77db6d3,1711,409,2800,2417,1089,2008
78460f09429fb20fad8ed39524a1dc01,1153babe51b98f3af11d68933698876a,0,530,1041,2573,1041,2043
936ffc99650607e8e43908a50e476ff6,b0588d5155ca465e74a0f74790d38d51,0,700,984,2490,984,1790
34317eec7ecb8de8f9c71bb55abb5ce4,4285bb1fd50ed9f19bd507e66738189c,0,580,971,2915,971,2335
34317eec7ecb8de8f9c71bb55abb5ce4,5e35ead87bb708f1fea95033ddb2e093,0,0,1192,3518,1192,3518
2f5663fd7b733de6ae26e40946f30b16,6645d01e1973e55fb87bd84cdc201cd3,0,0,1212,2487,1212,2487
78460f09429fb20fad8ed39524a1dc01,143f50b1d56f9d43533ad1ca032ffd55,1702,0,2800,2903,1098,2903
78460f09429fb20fad8ed39524a1dc01,3140c8a9ca445d13c48e704cf93761e0,0,0,1062,3518,1062,3518
2f5663fd7b733de6ae26e40946f30b16,1b543688e32298110c622cb104fa69e1,0,157,1227,2834,1227,2677
34317eec7ecb8de8f9c71bb55abb5ce4,c524513301e2f530506fa32ab8642849,1890,0,2800,2494,910,2494
f936600546bfd6fa47a033b3c986ab0e,ef903213511fc99529d0b858a066ab9e,0,742,900,2894,900,2152
34317eec7ecb8de8f9c71bb55abb5ce4,475030258d30d870b8a38aac40d4763d,1578,0,2800,3518,1222,3518
5e577744b5233e2dfae046a1e68c6ca5,38fc7380e0a6758867c3156d6665d046,0,0,1014,3518,1014,3518
2f5663fd7b733de6ae26e40946f30b16,e657e762f4be34f1dba4a58d54dda5fe,1754,662,2800,2799,1046,2137
5e577744b5233e2dfae046a1e68c6ca5,bb771ab48723c9d1e2a87e8bb19d8dd0,0,751,1042,3010,1042,2259
f936600546bfd6fa47a033b3c986ab0e,06c8c5ca71c1be375a8915fe88662c26,1875,513,2800,2723,925,2210
5e577744b5233e2dfae046a1e68c6ca5,0bd41fda86670da39ba86dee24caf26a,1915,0,2800,3438,885,3438
b7071ea84386f13efbe629313886a07a,60b0a7a8432feb8e2bf76eae9a116fa9,1861,437,2800,2600,939,2163
2f5663fd7b733de6ae26e40946f30b16,0be963657570d0cb8d72ee109a62cdbf,1604,0,2800,3518,1196,3518
0025a5dc99fd5c742026f0b2b030d3e9,451562831387e2822923204cf8f0873e,0,625,1005,2671,1005,2046
f936600546bfd6fa47a033b3c986ab0e,0b17aebfcf780614c6e96a2d7895c29d,0,0,1082,2600,1082,2600
0025a5dc99fd5c742026f0b2b030d3e9,2ddfad7286c2b016931ceccd1e2c7bbc,0,0,970,2545,970,2545
0025a5dc99fd5c742026f0b2b030d3e9,47c8858666bcce92bcbd57974b5ce522,1797,0,2800,2573,1003,2573
5e577744b5233e2dfae046a1e68c6ca5,156489894ef581e111c74137b4aadd71,1977,792,2800,3518,823,2726
b7071ea84386f13efbe629313886a07a,b0d94b53a08269ee3a1f80f9597737d1,0,459,931,2892,931,2433
f936600546bfd6fa47a033b3c986ab0e,f7e060a118480b083b96cd3a7f1a73f9,1766,0,2800,3275,1034,3275
0025a5dc99fd5c742026f0b2b030d3e9,fcf12c2803ba8dc564bf1287c0c97d9a,1725,445,2800,2722,1075,2277
59724bca2782a2642f92d7d21e973bef,e37d42b3641d137e006acbd85f73246a,1778,466,2800,2767,1022,2301
8719fccd09454a26bcb07f45f5bff6fd,2fb75ccbe386ec6921d1de4169840fc3,0,397,1007,2573,1007,2176
a9a508e847c63d543e7b5558b9eba5a5,87f333edb558f92f08befbf0b8614410,0,512,856,2593,856,2081
59724bca2782a2642f92d7d21e973bef,b7fc54391dddda25d09ba4427e394ce7,0,640,917,2895,917,2255
8719fccd09454a26bcb07f45f5bff6fd,0bb9cd78066ed417f0c86ce770ac9fa2,1801,261,2800,2347,999,2086
8719fccd09454a26bcb07f45f5bff6fd,2c27b3055d2425f5db7d7387ff10a3cb,1684,0,2800,2730,1116,2730
59724bca2782a2642f92d7d21e973bef,29816c46b540d79fa62a6f87c6a8d6fc,1850,0,2800,2761,950,2761
b7071ea84386f13efbe629313886a07a,a954fc3b7f9d0b3a3690c70c3e58c3f5,1736,0,2800,3407,1064,3407
a9a508e847c63d543e7b5558b9eba5a5,dda026926da5373f062ab472cbf3733e,1931,669,2800,2541,869,1872
59724bca2782a2642f92d7d21e973bef,fd3a1956f031a897741ae12ba7356b40,0,0,925,2628,925,2628
5dd27c4229cf4d785e3a67952c141e6a,c2ec09aa673b9b830d2c2b781b1effa1,0,358,784,2415,784,2057
8719fccd09454a26bcb07f45f5bff6fd,25d0fcab7c22406f4f42be54c60d15ef,0,0,1111,2817,1111,2817
a9a508e847c63d543e7b5558b9eba5a5,172528d70ac92c68c81d45ea36433d42,1931,0,2800,3518,869,3518
5dd27c4229cf4d785e3a67952c141e6a,4dc3ab2792eccda7c05fcd7ff2f8331a,1942,455,2800,2577,858,2122
a9a508e847c63d543e7b5558b9eba5a5,554b3be89850ce7c28c1a3ba072e858d,0,0,903,2722,903,2722
5dd27c4229cf4d785e3a67952c141e6a,77cfb52b3b64d61acd62f25e623365fb,1865,0,2800,3518,935,3518
cbc4bb64487723a4b3af41c531deec7c,f51e0c5db5201a2cf58b424437007197,0,810,824,2811,824,2001
daadc369969622575e62b09473cc6866,f1a8300de44c82418b5871a036d8e09d,1197,342,2012,2357,815,2015
cbc4bb64487723a4b3af41c531deec7c,31573a0308d41e44ed826b9a15e6af94,0,0,815,2355,815,2355
daadc369969622575e62b09473cc6866,019694a4ae632f53891c466780d3cf56,1234,0,2012,2566,778,2566
daadc369969622575e62b09473cc6866,74991e0cea318eb76d6c04552b0dbcb0,0,643,804,2494,804,1851
b7071ea84386f13efbe629313886a07a,a4059f03e7509ac39a0ea825c17b6aac,0,0,1033,3202,1033,3202
cbc4bb64487723a4b3af41c531deec7c,b4601569a82d39854bd36b0c1cf21b9c,1960,614,2800,2568,840,1954
5864ac95d2f1bcf325d36cbe8609297c,85a4f486bd40d8c462887a45c08e0715,0,984,538,2782,538,1798
cbc4bb64487723a4b3af41c531deec7c,b7c6d0eb3174c078634d5a26a7826f3b,1954,0,2800,3518,846,3518
5dd27c4229cf4d785e3a67952c141e6a,ae672f355541acfae894998dea1ec998,0,0,913,3518,913,3518
5864ac95d2f1bcf325d36cbe8609297c,6fa13314f22d9519560ed7ea5bbc8b8b,2185,526,2800,2324,615,1798
c61cc2c5cd354980331d3bd83383898d,7b9023e12d583c2be96d85005c6ebe55,0,0,1043,2737,1043,2737
5864ac95d2f1bcf325d36cbe8609297c,371d4be325ed7f390a95a05345f6389b,1867,0,2800,3518,933,3518
5864ac95d2f1bcf325d36cbe8609297c,4872fe367cd03b30b0da74d7aabb9ae7,0,0,765,3310,765,3310
c61cc2c5cd354980331d3bd83383898d,4df2e5b1b2ed3a8d99fda366f9445c94,0,66,1047,2407,1047,2341
c61cc2c5cd354980331d3bd83383898d,de2e9f4115ee6b7c1e2fafaf27fabb32,922,0,2012,2812,1090,2812
daadc369969622575e62b09473cc6866,b77a98cd4de1dec9dbb39f99ca0bb0a3,0,0,772,2497,772,2497
c61cc2c5cd354980331d3bd83383898d,1d84782ecbaebbbb234015e2415a6ee0,861,0,2012,2629,1151,2629
8034c44d1135d40f9f42ef6457e6d132,0f3c9d520a7bc44c9c99e7f945da9ba4,0,711,1070,3518,1070,2807
8034c44d1135d40f9f42ef6457e6d132,da96dfc0e1ad5ff8463bba475addb220,1830,538,2800,2719,970,2181
0c4f7c9f7617ba2669a6dbb89a1f9d46,b5b78014659a37e4036514a806ebc02c,1944,0,2800,3004,856,3004
8034c44d1135d40f9f42ef6457e6d132,6cba2455f69de8927b2e6528dd52776c,1907,0,2800,3160,893,3160
0c4f7c9f7617ba2669a6dbb89a1f9d46,aef83e50ba31e05652c5382a95e6cc13,0,0,856,3518,856,3518
0c4f7c9f7617ba2669a6dbb89a1f9d46,7c4c711dcd614eaf34607311b4ec0c32,1932,607,2800,3518,868,2911
0c4f7c9f7617ba2669a6dbb89a1f9d46,56dbb9aad30fd821cd927a2cf864a176,0,516,815,3518,815,3002
8034c44d1135d40f9f42ef6457e6d132,214cb7a05b68b689a7d2590d60e80ee3,0,0,1075,3518,1075,3518
b958491f07a8124f672f86428fb0e482,f1347cb4333c3b1f412cea5c5e420b89,0,577,802,2625,802,2048
b958491f07a8124f672f86428fb0e482,27a435037f581dd1acf26a795aedd02c,0,0,869,3518,869,3518
b958491f07a8124f672f86428fb0e482,5ca992ae3153ef66f27c2e89b5915e84,1906,143,2800,2399,894,2256
87e1a623019fcd8b77a7057b5e2d469e,7835b79d9fa6aad29973cfbc69c8c87c,0,419,825,2476,825,2057
7340c78aea13016648ab5ac9092841c7,8ebbb6116d0a6187d9dc5eed5836e196,1526,408,2012,1983,486,1575
048e8dfedc94c7c02204c13dc2c34e4a,f8cff4148a0d74fa812f17bfee29c3b2,1870,257,2800,2558,930,2301
87e1a623019fcd8b77a7057b5e2d469e,f111505ea9db4dfdcaee1f734ad252c1,1977,0,2800,2800,823,2800
7340c78aea13016648ab5ac9092841c7,fb8fd3863ad17037894b4171da696251,0,382,539,1986,539,1604
20f97adddd669e6b7269f5aad3c73b71,4696c54af8ff36553c5a34dde76d9ffa,2004,844,2800,3518,796,2674
f8f5d10392dd2b292635d47c293e99a1,e151ea4af282c5caa00403cb9d9f4677,1969,466,2800,2347,831,1881
20f97adddd669e6b7269f5aad3c73b71,8f3b0956e2031a64cc07e934f1365555,0,745,740,3518,740,2773
7340c78aea13016648ab5ac9092841c7,282a9df27c91d6a0417487375f94dc63,1319,0,2012,2812,693,2812
87e1a623019fcd8b77a7057b5e2d469e,52ecd7c4648ee4009a06fdc7ccb07aff,1988,371,2800,2490,812,2119
7340c78aea13016648ab5ac9092841c7,98241dc503794cf32b10783ffce89036,0,0,667,2812,667,2812
6a5663817c361e5923421cb02da8ba3a,0984abd4900d5fd5d96eb17acb0cc62e,0,0,1532,3017,1532,3017
87e1a623019fcd8b77a7057b5e2d469e,53e26b229feadb7a9dce57410935f83e,0,0,964,3518,964,3518
20f97adddd669e6b7269f5aad3c73b71,d2cb253ea4311fc9d25f2dac94d56b5f,1927,0,2800,2594,873,2594
048e8dfedc94c7c02204c13dc2c34e4a,bc87e307416aee5f5f00057f2290b09c,0,548,690,2728,690,2180
6a5663817c361e5923421cb02da8ba3a,5b9ee614c6d7e673a425a0109d977949,0,179,1517,3422,1517,3243
048e8dfedc94c7c02204c13dc2c34e4a,d40b55163a695ab313b50753e982ac97,0,0,923,3518,923,3518
6a5663817c361e5923421cb02da8ba3a,74ab3c76201778ced9420f9d60d6dbaa,1202,0,2800,2919,1598,2919
d4b3e4068cad6202c58dd2bfe9698287,0ade484a905937ed7f3c63d6080d7610,0,0,920,2809,920,2809
d4b3e4068cad6202c58dd2bfe9698287,8d1864375665a0558a4d2d9ef05ea2e6,0,572,948,2646,948,2074
6455fc2685c9d2b6fb7d172a1cfcfeb1,e8c1aeef117eb2caeaeb218108871be8,2010,188,2800,2160,790,1972
6a5663817c361e5923421cb02da8ba3a,51b83b95f743405878a27452365a03bc,1183,249,2800,3131,1617,2882
f8f5d10392dd2b292635d47c293e99a1,22157927abcf64aaa7bc70db673613e0,0,796,902,2752,902,1956
f8f5d10392dd2b292635d47c293e99a1,eba3d85e6363553c60edf3b8931e60fb,0,0,939,2726,939,2726
7ed58cc416d558e128bc4504875451f0,8f0870279af752c8faafc6b35c4d2bbb,1986,485,2800,2732,814,2247
7ed58cc416d558e128bc4504875451f0,9a2409527ca13875d69916b1f97fb7cc,1822,0,2800,3518,978,3518
048e8dfedc94c7c02204c13dc2c34e4a,064307eabb314cb6dfc440b58a2dc650,1850,0,2800,3518,950,3518
d4b3e4068cad6202c58dd2bfe9698287,bb33c927eab9831918d8ed2c5049aa9b,1841,560,2800,2510,959,1950
f8f5d10392dd2b292635d47c293e99a1,c67b69c2c09f392d74bb18107192f6c1,1814,0,2800,2735,986,2735
d4b3e4068cad6202c58dd2bfe9698287,4c6af4dc8716c8d27e74928f343eb52f,1763,0,2800,2846,1037,2846
20f97adddd669e6b7269f5aad3c73b71,41328b80b9ba080b3eaea2ab58a1c9ba,0,0,850,2697,850,2697
c94b38b934cae37e0fb323ede0909a89,120fe2969c03391e76d736f51a06d069,0,146,869,2812,869,2666
ada176152d0b925b10b63b52d6e482a1,93d59fdfb0f21ae2d2a096985affb323,1944,686,2800,2927,856,2241
7ed58cc416d558e128bc4504875451f0,129615fa604c0076394cae66b4db188b,0,552,831,2971,831,2419
ada176152d0b925b10b63b52d6e482a1,65dfc920a49c9310753e9813f0ea4359,1905,0,2800,3008,895,3008
c94b38b934cae37e0fb323ede0909a89,5e2b11edfc984f02f95743e6b1d28916,1098,0,2012,2681,914,2681
6455fc2685c9d2b6fb7d172a1cfcfeb1,b1038ac174520f182de7b5e762738dc4,1917,0,2800,3518,883,3518
c94b38b934cae37e0fb323ede0909a89,b24bca4d634b3c67e8cd2f7d4ea5d72b,1120,206,2012,2812,892,2606
c94b38b934cae37e0fb323ede0909a89,f29bf916f3f9635f52d24bd198365797,0,0,913,2812,913,2812
6455fc2685c9d2b6fb7d172a1cfcfeb1,3da9b202ff929c84c5e530c85c301809,0,0,926,3276,926,3276
ada176152d0b925b10b63b52d6e482a1,4e80996703da95f26be7f780697e48dd,0,391,1028,3002,1028,2611
6455fc2685c9d2b6fb7d172a1cfcfeb1,43e9dd7e7ffe26aec1eb3f8bed798571,0,214,793,2423,793,2209
ada176152d0b925b10b63b52d6e482a1,6ad71a712932c1eedd3d9a3d3eab30f1,0,0,975,3518,975,3518
7ed58cc416d558e128bc4504875451f0,ec72cbee71c99795894c2850207ad030,0,0,997,3041,997,3041
213e8e44f45597baf7602230806d9ef0,784683cab25429fb27988a1e70dcc877,1893,567,2686,3423,793,2856
213e8e44f45597baf7602230806d9ef0,6966103a20d619347bacbedb51dee38c,0,0,814,2380,814,2380
213e8e44f45597baf7602230806d9ef0,347a46cc8ab5cf7babd52599199e2d76,1994,0,2702,2252,708,2252
213e8e44f45597baf7602230806d9ef0,e4ad54b1df5688df6451c8c5dff5b4d1,0,610,792,3580,792,2970
99f8ee0074c65cc7c5b115e182cc9504,99353ad0308e74deb9187b71757be57d,0,418,837,2349,837,1931
fcfe8e6ccd17ad654065612707e2ca93,fe421a5c7934f544734730d0b499284b,0,427,988,2542,988,2115
99f8ee0074c65cc7c5b115e182cc9504,35783ec8085d79bee19d78f7295ba6c7,1986,921,2812,2781,826,1860
99f8ee0074c65cc7c5b115e182cc9504,df5ffc387843a45e3c29f51f6d663317,1986,0,2812,2561,826,2561
f9357124ede196b69b610affd4cb97c4,0a9167599139c3b7e278ae2778f853e5,2020,558,2800,2521,780,1963
383109b3c8c43a74809f8609131dbaec,ab9f54f13117dfcd519481f86434cc87,0,0,1298,2812,1298,2812
1668cb482e20c96c740b66095a4cd4f3,d0ff3b9a7029da85ff49ed2870fc240f,1855,862,2800,2948,945,2086
06582906eb5ea3a4e7aa5d1fd7feb1c1,901fa8de02eb4f972ac468578b66ff2d,0,0,1137,2623,1137,2623
06582906eb5ea3a4e7aa5d1fd7feb1c1,b4d26e18cdf8fc89b7e8fe2594e5b4e3,0,0,1157,2282,1157,2282
1668cb482e20c96c740b66095a4cd4f3,e6aed3dbc114670cfc1730aac7796c48,0,921,1048,3010,1048,2089
06582906eb5ea3a4e7aa5d1fd7feb1c1,179999ab46f7a4fc9dbb3fc4d1d35de6,900,0,2012,2104,1112,2104
06582906eb5ea3a4e7aa5d1fd7feb1c1,8d5889f3d01dd0905ba597835fce9f5c,839,0,2012,2812,1173,2812
074a2e907dc9cc488771ce8ad83d3f6a,ffeb2d8feb6fb2e4cc89716a93649d8e,2069,636,2800,3504,731,2868
1668cb482e20c96c740b66095a4cd4f3,d506ad52bb62e6f5fe9da1c140f356af,1723,0,2800,3518,1077,3518
f9357124ede196b69b610affd4cb97c4,fb6ec0d4d96f37909d619f477600ad9a,0,695,791,2698,791,2003
383109b3c8c43a74809f8609131dbaec,95f2991c990c82cefaddde79f2053327,452,0,2012,2812,1560,2812
383109b3c8c43a74809f8609131dbaec,20312b66c95008098206ccf5a5deb1eb,0,0,1374,2772,1374,2772
b958491f07a8124f672f86428fb0e482,bb8a51af6ad5da954df55303298cdc1d,1779,0,2800,2755,1021,2755
1668cb482e20c96c740b66095a4cd4f3,3bb0a7b71f1637dda3e09e8dd2ab38d1,0,0,1123,2463,1123,2463
f9357124ede196b69b610affd4cb97c4,3b580d7293595e6d1d7f6b520846a4e3,0,0,896,3518,896,3518
074a2e907dc9cc488771ce8ad83d3f6a,9f84575d2234ab11bdf51c0bb69c039f,0,646,844,3486,844,2840
6e83c679394df8d8e525ae8259a4e8d1,512c66207fb2cc16e4e27219f25bb1c7,0,0,906,2662,906,2662
6e83c679394df8d8e525ae8259a4e8d1,0378531558ba488b784a9a533fae40bd,0,309,926,2356,926,2047
383109b3c8c43a74809f8609131dbaec,eae9abad0c2bf733984e1b1f5772b2a3,596,0,2012,2812,1416,2812
6b9d13161bc1a2fd2a5c59e69e7c4a85,99acd319915d568fe467f7ae7658f67a,0,0,764,2322,764,2322
6b9d13161bc1a2fd2a5c59e69e7c4a85,1b837b9fb432e16db79746c893684c9b,0,0,862,3518,862,3518
6e83c679394df8d8e525ae8259a4e8d1,be2f13067e217828bb253eb976c4d3c7,1863,0,2800,2597,937,2597
6e83c679394df8d8e525ae8259a4e8d1,3f9c2ab43e2569499b04b97851f7ca5b,1871,320,2800,2286,929,1966
fcfe8e6ccd17ad654065612707e2ca93,40533043d1b82e5a058d69df06b29efd,1633,358,2800,2365,1167,2007
6b9d13161bc1a2fd2a5c59e69e7c4a85,495f8017f5e4c0c1824b2dd0934d41dd,1941,0,2800,3518,859,3518
f9357124ede196b69b610affd4cb97c4,fbbcc5dc1073dbc31bb98b3f5e0f12fb,1946,0,2800,3518,854,3518
fcfe8e6ccd17ad654065612707e2ca93,2cdea72a02929b956d80adaf61d60af4,1642,0,2800,2893,1158,2893
6b9d13161bc1a2fd2a5c59e69e7c4a85,597407099669bf6f8d2398da5975f021,2082,37,2800,2249,718,2212
34229c5dad749ea18463928db035c6f7,1656f0168a79fbc284d9c46753179ca4,0,535,1078,2770,1078,2235
34229c5dad749ea18463928db035c6f7,87811fa5ebde0c8e76add8f3b58f0d1c,1543,0,2800,3396,1257,3396
99f8ee0074c65cc7c5b115e182cc9504,5c2d00e5346d18006c12d990dbedc7a7,0,0,729,2577,729,2577
57ae21fcd753ec1b811c3b316d49dae8,62ab2581048f0f4f8293716bb4f16f9b,0,0,846,2649,846,2649
34229c5dad749ea18463928db035c6f7,bf6e2af511490c06250c160605046d2d,0,0,1150,3087,1150,3087
8eb7d23daea7de3de49f292e368261c2,bbcb4f3e87979b92f82adb9ae9206f1b,0,676,452,2381,452,1705
074a2e907dc9cc488771ce8ad83d3f6a,062136f152cd5d8a049e6056844337f9,0,0,893,2544,893,2544
8eb7d23daea7de3de49f292e368261c2,02f0418f8a925fb7086b245c18c31859,0,0,725,2522,725,2522
8eb7d23daea7de3de49f292e368261c2,5f81afefa9a655f05e5bc86aaf57ea0b,2270,416,2800,2145,530,1729
34229c5dad749ea18463928db035c6f7,63ac8d25ff12c89ba09ae5ac9921b795,1624,245,2800,3518,1176,3273
57ae21fcd753ec1b811c3b316d49dae8,1ae79fbe435b82479775c4dfb6e40a72,0,964,832,2890,832,1926
074a2e907dc9cc488771ce8ad83d3f6a,cc845391ff08859ca65beab4e147791d,1938,0,2800,3518,862,3518
57ae21fcd753ec1b811c3b316d49dae8,e755c240ce3e6567fdfec4fca1544547,1997,0,2800,2478,803,2478
57ae21fcd753ec1b811c3b316d49dae8,e46386211f6325acbe51150133f33d0b,2023,296,2800,2405,777,2109
94accc04aa1c10d009b04c46488274f9,e6e13ef84f6f7db38e2e3808c0bc4aff,1696,0,2800,2548,1104,2548
fcfe8e6ccd17ad654065612707e2ca93,6b4a69952a2d10bc88060726ee896684,0,0,965,2430,965,2430
8eb7d23daea7de3de49f292e368261c2,e1cc2ec8a230c619fc24ec7863521e4f,2119,0,2800,2508,681,2508
94accc04aa1c10d009b04c46488274f9,900321b9125556ca81cbe319ddea5110,0,482,1356,2633,1356,2151
0951ae8d6bff9f54d901a6b6bd1fa95d,9d2931734cb9653b4426a3c32447825b,0,749,816,2704,816,1955
0951ae8d6bff9f54d901a6b6bd1fa95d,d1b207bd1e1479c1bcee3b109d60e264,1951,672,2800,2668,849,1996
08ba91bb945c4dbc738b3f0a2e5798e6,e0e31d2af977e58c0f2b33e7a9381b2d,1651,338,2800,3518,1149,3180
08ba91bb945c4dbc738b3f0a2e5798e6,07f468d6fff5b3e3b512e4b95cf0cdda,0,441,1191,2764,1191,2323
94accc04aa1c10d009b04c46488274f9,5b5f50e09d123a8bd5cbd560f4ee6d6a,1448,314,2800,2579,1352,2265
0951ae8d6bff9f54d901a6b6bd1fa95d,f204f6ad52a8312b70edace6ac28239b,1825,0,2800,2463,975,2463
94accc04aa1c10d009b04c46488274f9,a03682d598978e6f935400d8a25c1dcc,0,0,1325,2581,1325,2581
263ec49bbda26cc3fbac7d31e86565bd,cb223cbf514e974c26babf3f4ba60d3c,0,621,665,2536,665,1915
263ec49bbda26cc3fbac7d31e86565bd,9402b7bce198d94325a4f66f954858d5,1324,0,2012,2146,688,2146
0951ae8d6bff9f54d901a6b6bd1fa95d,39ca99413ae6f03a2653c46913472067,0,0,941,2558,941,2558
7c605054c246c108af4d6f179f8fb2a7,8970f1488ac5a48b3c705932c941fb26,1779,431,2800,2515,1021,2084
08ba91bb945c4dbc738b3f0a2e5798e6,d89abf14ecd4f05960180c44830b6b29,1756,0,2800,3402,1044,3402
08ba91bb945c4dbc738b3f0a2e5798e6,59efa30f975f06c7d17042c190fd7c42,0,0,1056,2871,1056,2871
7c605054c246c108af4d6f179f8fb2a7,c48b9e7cf54b8a625a912ab107817391,0,535,997,2549,997,2014
7c605054c246c108af4d6f179f8fb2a7,eaeda317e24c8b5d8de835a154764c38,0,0,1067,2596,1067,2596
7c605054c246c108af4d6f179f8fb2a7,d95149d3aa32afd8e0086667ff16b88d,1681,0,2800,2526,1119,2526
263ec49bbda26cc3fbac7d31e86565bd,b815d7367cfa2e4b4de5b12e27ee46a2,1396,458,2012,2364,616,1906
191afeb747d91807d73dbfa30d77012b,a524b9bfc719fa547184796766d73feb,0,115,939,2812,939,2697
263ec49bbda26cc3fbac7d31e86565bd,ad6d75acdd6f5b471d8b7b05415e5438,0,0,714,2432,714,2432
685b50b316a2ddf2eb2b107c4b845865,7d63487595b2cf9c2b6948ef5cd187c5,0,591,846,2648,846,2057
685b50b316a2ddf2eb2b107c4b845865,9f51b4fc0e8f2d999d033758e326f29d,1697,0,2800,2699,1103,2699
685b50b316a2ddf2eb2b107c4b845865,7c1e2b59fff881b39c1cf90329a9bfd4,1879,0,2800,2719,921,2719
b9597424daaa39b3f8beeffae763507f,eb4b2edf063634e3b93563d0a9ce68f9,0,23,1169,2812,1169,2789
191afeb747d91807d73dbfa30d77012b,77b904da97f44dec397bd146b906ff4f,1109,0,2012,2260,903,2260
191afeb747d91807d73dbfa30d77012b,d5aa67aa8d80b50472f5eeb3b602c581,0,0,892,2418,892,2418
3be6018b028618e3a7f432b60d26e703,d713ff584a69660a6ce76fb084a6411f,0,678,769,2803,769,2125
685b50b316a2ddf2eb2b107c4b845865,15711a8b34022ee2a1277234a6866522,0,0,979,3321,979,3321
3be6018b028618e3a7f432b60d26e703,0073bc09b34d7ee6951700bd8307ea2e,1955,259,2800,2504,845,2245
6a481774765ade5c72fb8b63da90651e,fa6a0d104508a0a65b52f01c420ab744,0,0,1062,2339,1062,2339
6a481774765ade5c72fb8b63da90651e,0b593da902f3c689bf85db09a700fbc2,1752,262,2800,2305,1048,2043
be58739392a297a9d28d3c1c67e7d501,55d3a8d5744be6ef436d15b06ed10a7a,0,707,946,2698,946,1991
3be6018b028618e3a7f432b60d26e703,1038db8f14d861bb286b2d5ff5e6f80e,1873,0,2800,3111,927,3111
3be6018b028618e3a7f432b60d26e703,198889015326a879980d1c6f7ffb3e6d,0,0,925,3396,925,3396
6a481774765ade5c72fb8b63da90651e,52c5750a3b8d263333b3a823420f9dfc,0,577,964,2506,964,1929
191afeb747d91807d73dbfa30d77012b,1db9e94fb05a4ee4262d8f49a960f74d,1106,0,2012,2468,906,2468
6a481774765ade5c72fb8b63da90651e,6507d04ef132f8be1ee520cabffe0965,1668,0,2800,2253,1132,2253
be58739392a297a9d28d3c1c67e7d501,79e02d40fe385e450b7393d848c1ca7a,1762,560,2800,2538,1038,1978
be58739392a297a9d28d3c1c67e7d501,b3724fedeccdc6dea1f29d21de25e29e,0,0,942,2492,942,2492
5f0fd0e2f342635a037043849c070896,328db4ca437e709e899f6b6c49a09e5a,0,592,752,2800,752,2208
5f0fd0e2f342635a037043849c070896,7bdac3e818c711424019bd0178c9b651,2041,452,2800,2630,759,2178
be58739392a297a9d28d3c1c67e7d501,0a1f51d181e14607f9e050d49c76c495,1771,0,2800,2489,1029,2489
b9597424daaa39b3f8beeffae763507f,d36d253e278c8ff4a5cdef70ee3c9a97,923,0,2012,2623,1089,2623
5f0fd0e2f342635a037043849c070896,757c0206dee35ad0188fafd94432cbbd,0,0,846,2563,846,2563
6ed84c14e14653b80195954d7997d166,ae6a73ff079d1fa55fc0a2320c4bd3aa,0,0,732,3518,732,3518
5f0fd0e2f342635a037043849c070896,55cc23cefadc5ef6a3ff2ba011ff61ad,1848,0,2800,3072,952,3072
b9597424daaa39b3f8beeffae763507f,5128fc0737f3751afe43d4954ed5c242,791,0,2012,2812,1221,2812
b9597424daaa39b3f8beeffae763507f,2a3b7b811bfa88a4e314e8149cf42a20,0,0,1313,2812,1313,2812
6ed84c14e14653b80195954d7997d166,4975837665cd4dfb2977a6f19aec8f5b,1975,0,2800,2858,825,2858
6ed84c14e14653b80195954d7997d166,4541500ae70cde5742eaea53ffce2195,2029,271,2800,2572,771,2301
971da787d8a1c0710cdbb731db57a119,305f4b608fcb6faf7308ce6ad9e10449,0,376,897,2497,897,2121
6ed84c14e14653b80195954d7997d166,fa13a59bdcc575dc8ded68bdb0a526c9,0,485,662,2608,662,2123
2341c9830d7f2bfc2ecb4eb304d0d1f6,83a081c93c67cc0b5bbc73b69fed2dba,0,492,1098,2812,1098,2320
2341c9830d7f2bfc2ecb4eb304d0d1f6,7548acd89b5e5947cca9524a7119200f,901,317,2012,2812,1111,2495
971da787d8a1c0710cdbb731db57a119,4a3733f1d8a976e2abce17e9f3bc92be,2002,372,2800,2472,798,2100
971da787d8a1c0710cdbb731db57a119,71fc03876cf48b62bb8894bfef19aa40,1835,0,2800,3488,965,3488
b1937b03825ba7d138019cf92f0f688c,98792105d15f48cc547bf634299e4d31,1976,374,2800,2704,824,2330
b1937b03825ba7d138019cf92f0f688c,34d3b6c147cd747caa550499a1b5db80,1930,0,2800,2830,870,2830
b1937b03825ba7d138019cf92f0f688c,62ca86759d57136d8ddad21bb569a1a1,0,0,870,3152,870,3152
ca842260ca85d03541f950a7b66c7bc0,7eff1085a98c49dadd6f978aed503bda,0,814,758,2883,758,2069
ca842260ca85d03541f950a7b66c7bc0,178a0089b8f24edcf2e602490d9465e0,2179,623,2800,2663,621,2040
ca842260ca85d03541f950a7b66c7bc0,a08e01574000495cfa0ea75d098f9453,0,0,806,3518,806,3518
ca842260ca85d03541f950a7b66c7bc0,1d67bae603379c47abd3bbc4a3f2342f,1931,0,2800,3518,869,3518
971da787d8a1c0710cdbb731db57a119,582e73c21bec0dc2699a18514543c042,0,0,1059,3437,1059,3437
8a44b392d674a72aafa0eb9e359b8bec,193dda5a27732661401a148d8747a7cb,0,185,1060,2311,1060,2126
8a44b392d674a72aafa0eb9e359b8bec,61c14e97fa1d0e0a12b49cbc5929297f,1698,0,2800,3518,1102,3518
2341c9830d7f2bfc2ecb4eb304d0d1f6,e4e9ef5e04a17d963468d11f865daacb,0,0,1147,2653,1147,2653
8a44b392d674a72aafa0eb9e359b8bec,df66c9b4817ed3b8061dca73b5d4179e,0,0,1127,3353,1127,3353
8a44b392d674a72aafa0eb9e359b8bec,e66831bbb44bb233879d1f5053406e99,1807,213,2800,2251,993,2038
1e2bb32c082dc5164f9ee8c3f3bba35a,be1fa152bb6a72330e4c1a949f127a69,0,0,1277,3518,1277,3518
1620df7863c0fb954030b9636aa4c73b,aebe85310fef1fbaa71b62a8a4ee7161,0,363,821,2554,821,2191
bf62ab1ca357e8937482146e4e40d3cf,d9ef714d0b535f4694fcef0b377cfde2,1881,731,2800,2695,919,1964
64429a015ab83a75fc104f2816bcc645,ab34c0a3f24e531056d902771ce26fd9,0,205,807,2812,807,2607
9397e145659747d62de945760e4f28fb,4f51e687d455f24ca3514ea77f79f58b,2099,449,2800,2612,701,2163
9397e145659747d62de945760e4f28fb,4578c2fe072526972eb3bfb73f341483,0,0,793,2466,793,2466
9397e145659747d62de945760e4f28fb,b10b77b351b39c3971cc105f212647a1,2087,0,2800,2404,713,2404
bf62ab1ca357e8937482146e4e40d3cf,bae01de442b74f9f888a312e40e7194b,1834,0,2800,2730,966,2730
1620df7863c0fb954030b9636aa4c73b,2d4354c1e330919679894ed661dc6294,1869,0,2800,3508,931,3508
70d395dc9ba1a3a87b321611e3b63212,d27302ceee6f6b587368e14a8a1862f9,0,312,895,2444,895,2132
64429a015ab83a75fc104f2816bcc645,1dc65c8730c2e19def0acc142d614bbb,0,0,905,2812,905,2812
45c76874cc900575673fd8bf5396466c,adc3e1553678d76eb54b7cb3263b0752,967,96,2012,2812,1045,2716
70d395dc9ba1a3a87b321611e3b63212,97471430a2932817e005ea82158591a8,1078,510,2012,2481,934,1971
1e2bb32c082dc5164f9ee8c3f3bba35a,902edd41de63acb922df3db85a81d44e,0,110,1257,2647,1257,2537
45c76874cc900575673fd8bf5396466c,9a7b29e942f19636ffcc7562e9ca91bc,0,249,1109,2812,1109,2563
45c76874cc900575673fd8bf5396466c,0054157b864fdec43a8519c33774ed68,964,0,2012,2812,1048,2812
2341c9830d7f2bfc2ecb4eb304d0d1f6,d882242d2888168ac7079c71ec91fa7e,975,0,2012,2792,1037,2792
1620df7863c0fb954030b9636aa4c73b,e1a4c9cfa9712564d6c32da6b51c492f,0,0,882,3127,882,3127
45c76874cc900575673fd8bf5396466c,73ed34f1fd373ef738250816bc26a862,0,0,1048,2576,1048,2576
1620df7863c0fb954030b9636aa4c73b,f5ded89432dc4781f204a1f09c5f3431,2066,451,2800,2563,734,2112
1e2bb32c082dc5164f9ee8c3f3bba35a,8ac2d01a5ec3236a86bc5a98f0cd2815,1592,22,2800,2714,1208,2692
64429a015ab83a75fc104f2816bcc645,b0771672d7836e7aa3c5e9be57afeea3,1027,0,2012,2667,985,2667
96374e27670209b65cfacc64d9b524e0,31285cf8dc09e789515e45f1d07cc661,0,0,1053,3518,1053,3518
bf62ab1ca357e8937482146e4e40d3cf,d1a8af8e2f97ede7a69d2c59c4197909,0,0,925,3033,925,3033
bf62ab1ca357e8937482146e4e40d3cf,8e5800f8989fa39181ee570e7079c164,0,887,844,2872,844,1985
64429a015ab83a75fc104f2816bcc645,1de23cb35f78ce3455efb3b245d831cf,1013,0,2012,2464,999,2464
2739683e7e95e7ebde6e244d5c00cb93,44065f88ca3c53c86bcf7fed11917574,0,386,748,2339,748,1953
70d395dc9ba1a3a87b321611e3b63212,d7b00bffb99555c95b1fe36cd8077126,1069,0,2012,2477,943,2477
70d395dc9ba1a3a87b321611e3b63212,8c0578852725d147f807c26bd7b30fcb,0,0,876,2812,876,2812
2739683e7e95e7ebde6e244d5c00cb93,18e2847f03fac88675058a9d04bbbf07,2069,0,2800,2685,731,2685
1e2bb32c082dc5164f9ee8c3f3bba35a,f522db59d1cccb84ff3fef3a3731562e,1573,0,2800,3518,1227,3518
ce914038dcc6c92ec5bcd7824aff62e7,f3b2a29f80dbe1c9605b63c488022014,0,199,676,2812,676,2613
2739683e7e95e7ebde6e244d5c00cb93,d9adc5af0e4e28bdeff1ae0c4b47bf99,0,0,913,3518,913,3518
9397e145659747d62de945760e4f28fb,03256a1cd6e85638f299710b7d1ddf2f,0,423,711,2474,711,2051
ce914038dcc6c92ec5bcd7824aff62e7,dfd8a482506584df820d5f6873494c50,1250,0,2012,2812,762,2812
0a2a9501dc0c247951fb036ba1711277,fc496a5c9e3a2411cb62d52cb09aff59,1515,0,2800,3518,1285,3518
96374e27670209b65cfacc64d9b524e0,bcc9d071bba4aaa91941cea07d18fa3c,1652,0,2800,3518,1148,3518
9a60aa042e957dd739d89ca91a11d27a,55d8ecccfe29ef959457c35ce91f2159,1017,293,2012,2441,995,2148
96374e27670209b65cfacc64d9b524e0,a9652ef6b25328cdb054ba8df875b574,0,196,1167,2597,1167,2401
ce914038dcc6c92ec5bcd7824aff62e7,cfb4e50605d7b042c8ea8d07b69ee518,1122,0,2012,2812,890,2812
ce914038dcc6c92ec5bcd7824aff62e7,4766d65354876cb408ba91f60af19363,0,0,963,2812,963,2812
2739683e7e95e7ebde6e244d5c00cb93,e5377b8c617523bc3737675770d25e6b,1923,0,2800,3518,877,3518
9a60aa042e957dd739d89ca91a11d27a,0be6c05a30df20a091da5f9a7ebff636,978,0,2012,2812,1034,2812
0a2a9501dc0c247951fb036ba1711277,3dfd462490fff3b793292b32d46a96fe,0,0,1177,3518,1177,3518
b1937b03825ba7d138019cf92f0f688c,150e2f93e22926e8c974e05e4595d978,0,392,745,2742,745,2350
412dc7da46fd6120bf4054fc4ef53d61,9c0e57b8247f0a320ae8a8a0db03c4d4,0,970,647,2644,647,1674
9a60aa042e957dd739d89ca91a11d27a,6dacd8c0c2d43f906585b7fe0d8c34db,0,0,1003,2606,1003,2606
0a2a9501dc0c247951fb036ba1711277,12e5b9c5253311bad5fb92dcafc726f0,0,281,1136,2764,1136,2483
0a2a9501dc0c247951fb036ba1711277,b3b755a7407dbc5b83af10479a56996d,1658,715,2800,3065,1142,2350
9a60aa042e957dd739d89ca91a11d27a,be8597be7f3022970c6342beab5dea61,0,275,1035,2463,1035,2188
412dc7da46fd6120bf4054fc4ef53d61,830cf9531f7080152486272ccd7860da,2126,0,2800,2954,674,2954
412dc7da46fd6120bf4054fc4ef53d61,d8a5e45e2ad4a191e1642863a98f996b,0,0,695,3163,695,3163
4fe706935ee28ae1c58f679bc5692bbe,26794f40dfe94bc63ca042e2a1354817,0,0,1173,2638,1173,2638
ff4ea14433995d1fe8c310bca0abad92,373aa4134aa7b5cf576724adcc104456,0,779,1089,3518,1089,2739
4fe706935ee28ae1c58f679bc5692bbe,d2288851bbb1b591b09d0d958a76bed3,1691,728,2798,3113,1107,2385
ff4ea14433995d1fe8c310bca0abad92,648bc19ec41a12f2ec92aa5d4127ee10,1759,0,2800,2606,1041,2606
4fe706935ee28ae1c58f679bc5692bbe,c1cadd9afc35c4b194fef80ed5def229,1609,0,2718,2639,1109,2639
ff4ea14433995d1fe8c310bca0abad92,57ce29560c42a37702911b1f142cbfa9,0,0,971,2691,971,2691
96374e27670209b65cfacc64d9b524e0,d1a2210dd0df67308d70ad8c0142cd79,1613,227,2800,2646,1187,2419
412dc7da46fd6120bf4054fc4ef53d61,8bb51f4e15ef688a050f8403d835a766,2087,737,2800,2522,713,1785
23ebec6c12ec08955959417d040b2a14,53591423933c2547f233425e0c5b80f2,0,0,751,2544,751,2544
23ebec6c12ec08955959417d040b2a14,5e69960c93b564d8a1bd90816f7217e5,2073,214,2800,2133,727,1919
4fe706935ee28ae1c58f679bc5692bbe,6f0a37c899dae5794e25da23cc9518f1,0,147,1137,2592,1137,2445
ff4ea14433995d1fe8c310bca0abad92,57f10000bde05d658224178f0ed7b255,1692,448,2800,2575,1108,2127
23ebec6c12ec08955959417d040b2a14,7438d173f1b442a3da207382efe38ac1,1975,0,2800,3423,825,3423
23ebec6c12ec08955959417d040b2a14,2ded5298ac1de96ccb73a82846f1d824,0,49,672,2233,672,2184
eaecec248890b46810e9fe8cb0324184,432a5df2a59761b27a7c245813a44856,0,0,1125,2812,1125,2812
eaecec248890b46810e9fe8cb0324184,08c549caf4a395221b35581c5c4c27d8,0,246,1053,2198,1053,1952
eaecec248890b46810e9fe8cb0324184,fa3437a61c0d66940d48415035ad1487,945,0,2012,2713,1067,2713
eaecec248890b46810e9fe8cb0324184,b88e311247c2ad8ce6a6d503bd888693,969,141,2012,2155,1043,2014
41aca2e15d9225d8682b9c2f981422e5,0b931e9440907150f33cfcbec2168e4c,0,0,1267,3247,1267,3247
41aca2e15d9225d8682b9c2f981422e5,c812c288fd3a4d4c1d63cf34062ffac0,1618,328,2800,2599,1182,2271
41aca2e15d9225d8682b9c2f981422e5,36481e7844cc2566d1c46ffdfb1fec8a,1562,0,2800,2742,1238,2742
41aca2e15d9225d8682b9c2f981422e5,b87f64756807b7aaa5bcc85b3e551f5e,0,542,1172,2804,1172,2262
c97b55b1faa5ea6dba44c4edb450063b,623def4bb96f7ee42d1174ea5e02e885,1999,388,2800,2776,801,2388
c97b55b1faa5ea6dba44c4edb450063b,e71f3024bb95fe3917a15b8ed78d00b3,0,425,1035,2824,1035,2399
c97b55b1faa5ea6dba44c4edb450063b,688da302ff95570a2636663f1c365335,0,0,961,3518,961,3518
c97b55b1faa5ea6dba44c4edb450063b,9aabde1a1142588331570a306cf11a90,1905,0,2800,3518,895,3518
8226c46fa8fb1ea63019c7ce4882e347,58ca515bed46698601941975bc6c33d1,1665,224,2800,3518,1135,3294
8226c46fa8fb1ea63019c7ce4882e347,7e6845b34853ddd8ae8ba443a920d615,0,0,1188,2750,1188,2750
b965d6012f3b2e4f1166b68c611fd68d,708fb1da39767bd045f33549575f6f53,0,0,863,2389,863,2389
8226c46fa8fb1ea63019c7ce4882e347,7a744bf7dfcdc951a0f2ea221d12adde,0,726,1170,2817,1170,2091
8226c46fa8fb1ea63019c7ce4882e347,dfea21e18654552dea95e3bd1c8ad2af,1640,0,2800,3518,1160,3518
dd87d47923f7915055390d138f294a95,473e4b37f8c8c2ddf238da4f7f470d41,0,497,1058,2812,1058,2315
21f9e222b9a53e5e066ed6c614a2cbf0,9770b0ae2eb6597786756b2d92a754ca,0,0,1288,2789,1288,2789
dd87d47923f7915055390d138f294a95,dc87c72f7602294e3d571473adde8586,0,0,1052,2812,1052,2812
b965d6012f3b2e4f1166b68c611fd68d,7deb9132ec7f6e4b80c797d5ce9bf62d,1235,0,2012,2540,777,2540
b965d6012f3b2e4f1166b68c611fd68d,fbfbba06bb46411126687b383cabdb8a,1230,0,2012,2488,782,2488
21f9e222b9a53e5e066ed6c614a2cbf0,6834201bf283779916be9fd9ce20a480,1650,479,2800,3518,1150,3039
f621df146b26e2535a18eb6cf9bd1c36,bf66a7b2c0e906f4b69ec46874833d84,1707,0,2800,2483,1093,2483
dd87d47923f7915055390d138f294a95,6ed22bd104a7e3f39f7be769a069fd04,1058,0,2012,2782,954,2782
21f9e222b9a53e5e066ed6c614a2cbf0,9f72d7140fff7c5e2963bf8e47f6056d,0,0,1114,3518,1114,3518
dd87d47923f7915055390d138f294a95,dc99891f7eddaa4f6e363218b2312565,1076,462,2012,2812,936,2350
4059924bab709637f01f0ca74ab05194,33e9a778631f0fc4112c30f20ce844ac,0,0,1004,2728,1004,2728
6db648c3e684230add2cb3189b3e7f82,9f57b616c50edb4a67ef9711917e86e5,1773,444,2800,2581,1027,2137
6db648c3e684230add2cb3189b3e7f82,dd64701a05729fd607264eb3a6872111,1723,0,2800,3518,1077,3518
b965d6012f3b2e4f1166b68c611fd68d,8ac9fd623490ccd4af6a0ecbd549ed13,0,0,983,2812,983,2812
4059924bab709637f01f0ca74ab05194,c304f75901cd494398fe3f1c3ed56673,1911,267,2800,2600,889,2333
6db648c3e684230add2cb3189b3e7f82,b2871c5e854d0ac640a4fdcb5fcc2e6e,0,0,988,3518,988,3518
4059924bab709637f01f0ca74ab05194,a600ad5db8907b87454231856a4a29e4,0,545,870,2673,870,2128
012e0595adba5173b6e60a97f9e84b6e,7adeb584564fc161d897a3fc719acd17,1879,0,2800,3518,921,3518
f621df146b26e2535a18eb6cf9bd1c36,fb7abbacafcd620af21414388c956aaa,0,141,821,2419,821,2278
012e0595adba5173b6e60a97f9e84b6e,edb7f6e44809405ec40a9c2537da62e6,0,0,877,3518,877,3518
21f9e222b9a53e5e066ed6c614a2cbf0,fa0a4c65b43a6c62b9b08251aaf489ed,1806,0,2800,2832,994,2832
4059924bab709637f01f0ca74ab05194,e0de4f8858f87d81c977aa1298e4b982,1785,0,2800,2897,1015,2897
6d7eff6e29805dec7772f58c13a5314a,6bc4ea72a3c3bc4bdaa1c166c665480c,0,0,962,2656,962,2656
6db648c3e684230add2cb3189b3e7f82,060cb42475c02acae1f736523af0c0c6,0,495,926,2725,926,2230
012e0595adba5173b6e60a97f9e84b6e,f6c7f3c3e03d612002800f20b1282309,0,650,906,2729,906,2079
012e0595adba5173b6e60a97f9e84b6e,202d1c29785f6327985ffda7100e2265,1863,516,2800,2615,937,2099
6d7eff6e29805dec7772f58c13a5314a,795f8f313d36c9d7f70c952a0ee40d03,1871,347,2800,3354,929,3007
f621df146b26e2535a18eb6cf9bd1c36,4757f2c4cf4741d8c67137dd353b869c,1846,476,2800,3518,954,3042
6d7eff6e29805dec7772f58c13a5314a,da121c88152c4a6a0b568330531b8362,0,272,951,2631,951,2359
2aebccc11bdc79fa0b6d334678c52b13,6c9c9dde0fac8f93b016a15dad1a5919,0,520,900,2639,900,2119
f621df146b26e2535a18eb6cf9bd1c36,72c86fce65731ffd9b9618a32bbf2d39,0,0,1097,2762,1097,2762
9fe8e9aef78ad365197d8f6ee0fdb932,31bba5b17375332cd5d174380362aaa6,0,786,803,3580,803,2794
9fe8e9aef78ad365197d8f6ee0fdb932,e793562ebc24362abe53753378f9cf28,1764,834,2657,3147,893,2313
2aebccc11bdc79fa0b6d334678c52b13,cbe32bbc4cffdf28ce12d193e3c2c1d5,1937,692,2800,2686,863,1994
2aebccc11bdc79fa0b6d334678c52b13,a28e33a6dee5fecfcbc70ad5d7f91870,1938,0,2800,2564,862,2564
9fe8e9aef78ad365197d8f6ee0fdb932,2f10240348f045b4d8cebd55931dba4d,0,0,801,3580,801,3580
6d7eff6e29805dec7772f58c13a5314a,06c7ba4ce2ebd96968eb73637b7aab61,1867,0,2800,2883,933,2883
9fe8e9aef78ad365197d8f6ee0fdb932,1bad693bff15cd631e84f1cfc717f3bb,1817,0,2694,2585,877,2585
2aebccc11bdc79fa0b6d334678c52b13,5832a295291d9f2c9cc73c952f1b21f7,0,0,878,2822,878,2822
056f2f3dd2e74055bed1a8087c5a9289,27383f906a996baaea84850dc1f3ed8b,0,940,820,2861,820,1921
ebd43054b1d819e4a3e15b1f5bfc8dfa,37e100c4d0ff8656539afe81f575e0fa,1727,213,2800,2302,1073,2089
ebd43054b1d819e4a3e15b1f5bfc8dfa,0e549350f47b5ca19289c48335e8ebd3,1679,0,2800,3360,1121,3360
ebd43054b1d819e4a3e15b1f5bfc8dfa,af0be3ef8316c4ef71c3c9963f9490cb,0,0,1032,3121,1032,3121
2438c90cce7209733a62c5ffa6f5ef94,62bee7e64437d079c4cccf0b5293240f,0,0,902,3518,902,3518
2438c90cce7209733a62c5ffa6f5ef94,b121886bb82345876549a7e548ee8d7c,0,0,863,2706,863,2706
648705ca619c91fb8e1ad7687263d52f,fcca8b5f2d864d56c3a9dc1701a7e302,0,439,985,2722,985,2283
ebd43054b1d819e4a3e15b1f5bfc8dfa,d2e8fc9197bab88502e2d23bcc5be056,0,591,1001,2640,1001,2049
2438c90cce7209733a62c5ffa6f5ef94,4d63c40fb038d24bb1ff6da3912272c7,1848,0,2800,2940,952,2940
2438c90cce7209733a62c5ffa6f5ef94,39db902f8a8c3bba8778f74e5e2b9d76,1931,245,2800,2395,869,2150
648705ca619c91fb8e1ad7687263d52f,5a052260f5791c41de5ce214b1a7ba75,1913,693,2800,2635,887,1942
056f2f3dd2e74055bed1a8087c5a9289,1f184dd142d35236283d9934438e4ed6,0,0,854,3284,854,3284
d3fc00d91b72b25ef8af36da2506c949,02eb65ae0e26b4c495deec8bbcb2d71c,0,0,889,2812,889,2812
d3fc00d91b72b25ef8af36da2506c949,c764aefc6316fabcf87afd9c9764e1aa,1145,0,2012,2435,867,2435
648705ca619c91fb8e1ad7687263d52f,276f9c827bf890a00f023fc8ad234c49,0,0,962,3367,962,3367
5e8bce79c0306aac99715ecf275b6a1e,a43c2d4b74b159f8a74a9fe5d5e98978,0,0,1007,2750,1007,2750
5e8bce79c0306aac99715ecf275b6a1e,86d5236c27d8765c00aa0c805436406a,0,916,963,3518,963,2602
d3fc00d91b72b25ef8af36da2506c949,24f61cf47ea1aaf9be5de3cdd5162b38,0,0,1001,2812,1001,2812
d3fc00d91b72b25ef8af36da2506c949,7a70ceaafba2da3babecf2c91576304e,1065,0,2012,2812,947,2812
eb85e19d97d0ec54966abc1f0d400515,19cd1db82f9768bdadcda1dd61cc306f,1478,310,2800,3518,1322,3208
056f2f3dd2e74055bed1a8087c5a9289,8fb2f0866c75315b075724bf8b70d6e7,2082,866,2800,2719,718,1853
5e8bce79c0306aac99715ecf275b6a1e,d70a4a8d23252c77e4c60f44d715c094,1702,362,2800,3183,1098,2821
648705ca619c91fb8e1ad7687263d52f,dcadbf1fc5bab070d1a9434a63dc65d7,1847,0,2800,2536,953,2536
211c108af288803130e663fb71699a1d,4550de70df229962c61c00ba13f47c28,0,845,782,2809,782,1964
eb85e19d97d0ec54966abc1f0d400515,84f12d6a5e097565ef3824f7004b88db,0,376,1295,3518,1295,3142
211c108af288803130e663fb71699a1d,f19107a1f2ba1168aff18186f43aa4fd,2014,527,2800,2525,786,1998
056f2f3dd2e74055bed1a8087c5a9289,af7aae1cb06659ee9e6821968a1535e9,1944,0,2800,3157,856,3157
211c108af288803130e663fb71699a1d,46b7f7108f49f987b3faff6b633975e4,2043,0,2800,2561,757,2561
eb85e19d97d0ec54966abc1f0d400515,26adb04c817a2923443f38e4d045e14e,0,0,1339,2727,1339,2727
eb85e19d97d0ec54966abc1f0d400515,4171e1392fc20ca294ea37c3950cea21,1496,0,2800,2675,1304,2675
5935bb8cfd585166aad0aa7c1b4b8206,67339b45e220b2ca01d6e08481498e9e,2138,956,2800,2762,662,1806
95ded00bf60c950893f64b541fa2b6c7,d2f827b6cf318e75667def21a8ef4ea1,1763,149,2800,2486,1037,2337
e7135e805a62c2848ddb0e9b76750905,799579991fd54b368f86ed5a7e7090f9,0,0,848,2774,848,2774
e7135e805a62c2848ddb0e9b76750905,ba3d9f3af65b8b3caf6f610e87564a6d,1088,353,2012,2495,924,2142
5935bb8cfd585166aad0aa7c1b4b8206,7d5e6c5e588fd35ced7c779ebb3086c6,0,655,649,2477,649,1822
5935bb8cfd585166aad0aa7c1b4b8206,27fc760fbe8221c9c3a768f8a06a4d9e,2018,0,2800,3518,782,3518
e7135e805a62c2848ddb0e9b76750905,3dd436b49722e0290c66d211ebf1448f,1126,0,2012,2812,886,2812
a59992e51ed22db1ab62db2ce5acfb3a,9a4d41f9a1eba650ca7e866553c91c04,1855,455,2800,2614,945,2159
5935bb8cfd585166aad0aa7c1b4b8206,70976e215533345718d82752594f1c2a,0,0,682,2398,682,2398
5e8bce79c0306aac99715ecf275b6a1e,4b92d82e0d0811c1b54b63be5c0e1e86,1712,0,2800,3518,1088,3518
95ded00bf60c950893f64b541fa2b6c7,2ed53b1070ca409abf3681f648fe6dc5,1809,0,2800,3322,991,3322
95ded00bf60c950893f64b541fa2b6c7,b60a245e8cb5f0ae117f5bb7d675616b,0,0,1042,2707,1042,2707
a59992e51ed22db1ab62db2ce5acfb3a,75ca1f618c344e3693be86d69608ec5c,0,438,853,2515,853,2077
c840557be967cafed14907df803f49ea,7f50cdd93bc4e9efe2de3dc384db90e9,1482,0,2800,3518,1318,3518
e7135e805a62c2848ddb0e9b76750905,78e105a96e44c29fb8964b0132353dd5,0,412,888,2511,888,2099
c840557be967cafed14907df803f49ea,33c2202ba4f7212241e05598f17f3df3,1761,95,2800,2366,1039,2271
a59992e51ed22db1ab62db2ce5acfb3a,2446f2803a6b8857b0a648887549b9a1,1961,0,2800,3518,839,3518
6f5b2b4ac3e753f425fa9fb4a521d08d,37f179b0a12acdbadcbb4b81e2f34509,1840,222,2800,3518,960,3296
8dd0d4a106961390ee8d732adb8047fd,a408918734b9a3aaad0e8a1a892b2cd0,1763,378,2800,2908,1037,2530
211c108af288803130e663fb71699a1d,0862166d4618930eb232dd5c2db6a42f,0,0,808,2521,808,2521
c840557be967cafed14907df803f49ea,65b298bcdaf774821715899d58552b06,0,466,1142,2786,1142,2320
95ded00bf60c950893f64b541fa2b6c7,72d949a93a238ee44fc9c0b40db5422a,0,608,919,2805,919,2197
01278b9ca2c9a45dac2d38b219c2ad76,a90acdfa1d70aa104ccf93c2ec78ad55,1880,321,2800,2907,920,2586
01278b9ca2c9a45dac2d38b219c2ad76,0606c06af070531311e7febba2bc125a,0,0,875,3478,875,3478
6f5b2b4ac3e753f425fa9fb4a521d08d,ea48fbfce53b34c264ea92a318ba748f,0,0,1019,2937,1019,2937
a59992e51ed22db1ab62db2ce5acfb3a,ae074b91e94b7ecfeddb8c3a76a0857b,0,0,851,3052,851,3052
8dd0d4a106961390ee8d732adb8047fd,58afb5752e90c7ad055ff910d6f262eb,0,296,1105,2751,1105,2455
01278b9ca2c9a45dac2d38b219c2ad76,3b810105f1084dfc702819786b7038f2,0,104,894,2537,894,2433
6f5b2b4ac3e753f425fa9fb4a521d08d,e6842155c3bfd79a86c6f7c201335324,1765,0,2800,3518,1035,3518
6f5b2b4ac3e753f425fa9fb4a521d08d,d9cccca5e3fad376f72cd2abeda14b28,0,375,943,3373,943,2998
60e8da86cd782dbb3c9da6447540c2b4,789b12374e7f429ae1520611aaab0ce3,2204,493,2800,3518,596,3025
8dd0d4a106961390ee8d732adb8047fd,31deec6a497ab093f73bd0cd8a86e7e0,1684,0,2800,3518,1116,3518
c840557be967cafed14907df803f49ea,163be21d6f957232907adf0e80e66996,0,0,1220,3518,1220,3518
31fa226bc9f87e0a2cb2de6dddbc2270,51cc15d7c36b4624a1d6850d619ad818,2059,664,2800,2450,741,1786
31fa226bc9f87e0a2cb2de6dddbc2270,85ef2c875561626155a4d08dce85c8b9,1976,0,2800,2273,824,2273
8dd0d4a106961390ee8d732adb8047fd,a3dd6e160e464471f1d78db0597c5b31,0,0,1053,2909,1053,2909
60e8da86cd782dbb3c9da6447540c2b4,b33ed3e2e74483f8005c44c3122a1dca,0,722,737,2699,737,1977
60e8da86cd782dbb3c9da6447540c2b4,a0879ed8b97f20b817515587037f21c6,2052,0,2800,3518,748,3518
b73415d246723190e27aad91f02c648a,8cca42499c868c53b4d2e503778a2347,0,623,613,2754,613,2131
01278b9ca2c9a45dac2d38b219c2ad76,014504a6a552f98219ed0a66550abc14,1819,0,2800,3518,981,3518
60e8da86cd782dbb3c9da6447540c2b4,71aab8f79c2df8ef63cb813893362397,0,0,795,2565,795,2565
31fa226bc9f87e0a2cb2de6dddbc2270,625aa350502a7038cfe5f9ca5f1a65f4,0,0,870,2195,870,2195
d2e8c572803ba812efa2058470b840e6,b1641fcba5497ef275c49a6c57f7462d,0,0,696,2080,696,2080
31fa226bc9f87e0a2cb2de6dddbc2270,461f9ac171a4d3f2f965d7deeafd5625,0,771,782,2671,782,1900
b73415d246723190e27aad91f02c648a,bfbb034ca02bd13e9fc32dc021c9d6e4,2171,541,2800,3518,629,2977
b73415d246723190e27aad91f02c648a,f5cf5972a723c75548ff65f34a97dd18,1985,0,2800,3216,815,3216
b73415d246723190e27aad91f02c648a,ff8e99e7243d34e5e7edd25e9e79f0f6,0,0,772,3518,772,3518
d2e8c572803ba812efa2058470b840e6,16b8222dd5142e64f8ef0bf0b4701ab0,0,0,774,2812,774,2812
d2e8c572803ba812efa2058470b840e6,0033845456c5f39f776b40e60378d066,1177,0,2012,2605,835,2605
d2e8c572803ba812efa2058470b840e6,00f84abddd28d62dea9d9ceb3e21ad2d,1312,0,2012,2561,700,2561
2e7d7d5f997bb1c77f1be4dffcbfe4c5,d50bc4aaf61bffa49d70d64dd53307b7,1653,0,2800,3438,1147,3438
2e7d7d5f997bb1c77f1be4dffcbfe4c5,ab29c65a90d86048a443ac19b78df4e4,0,471,1051,2585,1051,2114
2e7d7d5f997bb1c77f1be4dffcbfe4c5,73accb5777bad1a0491769035b3ab37f,1759,485,2800,2503,1041,2018
4404314ef0b5b097496acde245a7a87e,19afe74831653afdd1671d55d74905f7,1692,504,2800,3518,1108,3014
2e7d7d5f997bb1c77f1be4dffcbfe4c5,c94c544908e0cbd1578784366d05b1b5,0,0,1080,3518,1080,3518
f4c3e06cb4831015bbfc9ff16f21e3fe,85519c2b8f2c65e6f53b351416bc1386,0,0,1019,2589,1019,2589
4404314ef0b5b097496acde245a7a87e,c87551cb2f0c79b9ea7f83844ec5f16a,0,413,1328,2948,1328,2535
f4c3e06cb4831015bbfc9ff16f21e3fe,7a30ce1b5f8cee8a94fd33ccd1cd8002,1830,0,2800,2739,970,2739
f4c3e06cb4831015bbfc9ff16f21e3fe,ca3a4b15c76623867a2e959544c02b65,1805,459,2800,2681,995,2222
4404314ef0b5b097496acde245a7a87e,b6255639e420398188f7e5ec92a3a8ca,0,0,1445,3518,1445,3518
4404314ef0b5b097496acde245a7a87e,3005c643b079139c26befad7a3922ccb,1567,0,2800,2921,1233,2921
f4c3e06cb4831015bbfc9ff16f21e3fe,6603d721fd28205f53820cbe70e919fd,0,0,1056,2877,1056,2877
02f802e21fa43d524f34fedbea3c5b06,664d72a36c9ed91dcde9d284fd1af593,0,294,924,2789,924,2495
dfbd403956d616b5ec886ecdde424907,f20155737d751e311b8b0e75075b234d,1969,221,2800,2355,831,2134
02f802e21fa43d524f34fedbea3c5b06,380a430ef88ea9c94a8a1f3d01a88644,0,0,1047,3518,1047,3518
dfbd403956d616b5ec886ecdde424907,1ae80a40180525e17f33b95e4bb94d89,0,0,1265,2641,1265,2641
5f97a8ee0bc7b1ffb941035bc5291db8,dab9cb0c72531563a2d5f819cd147717,0,933,745,2971,745,2038
dfbd403956d616b5ec886ecdde424907,717ca1c84001f09a033f15cdd1bdcde9,0,557,1165,3518,1165,2961
dfbd403956d616b5ec886ecdde424907,ff747b2d137baddcca305c1fea79e7ea,1776,0,2800,2464,1024,2464
5f97a8ee0bc7b1ffb941035bc5291db8,16cc590d0a78a8c0bea666934e52e2e7,1955,759,2812,2918,857,2159
02f802e21fa43d524f34fedbea3c5b06,224dff5743f10ed0f21634b08556bb71,1602,0,2800,3518,1198,3518
ea0b2567f5e36739f34c4699b329e131,c89d349b92c949ff95278101d58bcafa,2125,653,2812,2619,687,1966
674a2d980eeb0733dc8bd8266c518c8a,e2d582d81fc177a33fdb407ea614e594,0,13,1459,2597,1459,2584
ce777290f192731820b9cf61963aa4d2,cb85262d64c7c4018e6daf106218ecc6,0,710,779,2437,779,1727
5f97a8ee0bc7b1ffb941035bc5291db8,3920b4311fa5b13f5a2c9185156ae9d5,0,0,858,3580,858,3580
76aaead849bdb1667de0b6f7b987217e,8b9b0b343d20367aa5a92a2f0126bc69,0,468,949,2673,949,2205
5c3b8df1a16496916d916b2bbaf8693d,c36c23eb01650d7ffc96bd0bfe7176cb,0,0,807,2595,807,2595
674a2d980eeb0733dc8bd8266c518c8a,de22a41974a0bceb4c627ce1d654df1f,538,29,2012,2812,1474,2783
ce777290f192731820b9cf61963aa4d2,ef019107c41e1e1bf76d8e5dd1262bd5,2035,587,2800,2452,765,1865
ce777290f192731820b9cf61963aa4d2,6c9cb47d0270dae7c603c99080c6f17f,0,0,753,2885,753,2885
40f18f8ac89ab71b5ea7b37399b2485e,8504e56624c4db7a4be8f367136b94e3,1698,170,2800,2747,1102,2577
5c3b8df1a16496916d916b2bbaf8693d,f06cc9ef0782ca4408d61e2f384ddd68,0,817,773,2706,773,1889
76aaead849bdb1667de0b6f7b987217e,cd578f117699182e3413f18876a59d2c,1932,500,2800,3027,868,2527
ea0b2567f5e36739f34c4699b329e131,898b969e4c701f7ea4396a487b9c2311,0,0,525,2863,525,2863
674a2d980eeb0733dc8bd8266c518c8a,46a09cb786367ce008165d30938a0a6d,394,0,2012,2762,1618,2762
40f18f8ac89ab71b5ea7b37399b2485e,de6622b3d5c5d01f65e594607562a975,1868,0,2800,2857,932,2857
5c3b8df1a16496916d916b2bbaf8693d,046adad2d3333abeafca41dad8276144,2124,674,2800,2512,676,1838
ea0b2567f5e36739f34c4699b329e131,51e4121559ad5bf5d33ca551cccfe529,0,684,638,2630,638,1946
e323339299a4d58a57ae1c536dbb253f,8b6b7feada3a54e20da2e6a1c36224a9,0,0,960,2505,960,2505
5c3b8df1a16496916d916b2bbaf8693d,3cab783b0ea12db4405ca4da01d0f510,1996,0,2800,3120,804,3120
ce777290f192731820b9cf61963aa4d2,14acad71e74049aafe906a0dedd22a09,1942,0,2800,2471,858,2471
40f18f8ac89ab71b5ea7b37399b2485e,2253cb8df683fdb15bcd6c0f3c19b761,0,0,967,3518,967,3518
ea0b2567f5e36739f34c4699b329e131,54f153e4a121f9d9844e584178c23992,2172,0,2812,2831,640,2831
02f802e21fa43d524f34fedbea3c5b06,6aa66b37597c8d6ea4d8cb54363bfef4,1710,310,2800,2656,1090,2346
674a2d980eeb0733dc8bd8266c518c8a,f13791e7322d7bdb732decfb75f165f3,0,0,1695,2812,1695,2812
e323339299a4d58a57ae1c536dbb253f,a838820538765ed9eb56489d7bb470bc,0,712,887,2690,887,1978
5f97a8ee0bc7b1ffb941035bc5291db8,515bd50138d4bafa9c9a6f3c4360f656,1991,0,2812,3086,821,3086
76aaead849bdb1667de0b6f7b987217e,4e7d75e3055ddc702d67cf3b21b5bf64,0,0,933,2664,933,2664
e323339299a4d58a57ae1c536dbb253f,60062b50681cfd1009aff92a26475954,1918,0,2800,2813,882,2813
e323339299a4d58a57ae1c536dbb253f,f6ca9eea100b242f506e105af156ae12,1946,757,2800,2670,854,1913
d8b4eeff74b6fd89486a5eebc623a247,262bff0a20f53bdbd0b9baf7ca1a3990,0,0,1413,2697,1413,2697
76aaead849bdb1667de0b6f7b987217e,e69fa779eff5bf20760d6f460a74d97e,1864,0,2800,2764,936,2764
40f18f8ac89ab71b5ea7b37399b2485e,1c49d789055034b2d72cb03d5c62714d,0,757,1014,3518,1014,2761
d8b4eeff74b6fd89486a5eebc623a247,08e7eac870309da772a367c52b586733,0,711,1437,2983,1437,2272
d8b4eeff74b6fd89486a5eebc623a247,9598961b591e3a44b0d53bfbebc751d7,1450,67,2800,3517,1350,3450
d8b4eeff74b6fd89486a5eebc623a247,72b15c9fce8e3c43180a3fb207429600,1336,0,2800,2807,1464,2807
7be9941a525ec9eb2b3d6bc97bcd820a,a78c573938841bbc010669976633a589,0,709,903,3112,903,2403
7be9941a525ec9eb2b3d6bc97bcd820a,cfc2fbd5a4dd56f8392b65a071c3b4c6,1665,0,2800,3518,1135,3518
051e30dd9b81ea2f3a80b6a314610566,c0aba3dc3ed3d68f43aa70135238eb11,0,841,697,2693,697,1852
7be9941a525ec9eb2b3d6bc97bcd820a,00946f51af23d51b74642c24f131eee5,0,0,1054,2557,1054,2557
051e30dd9b81ea2f3a80b6a314610566,e1b5c9fd358cb5992e2382e7fa0f7025,1747,675,2555,2754,808,2079
051e30dd9b81ea2f3a80b6a314610566,0be121ac511954cc81b44f0b5f4f45ff,1810,0,2694,3580,884,3580
051e30dd9b81ea2f3a80b6a314610566,e9358ac95df952116917f65efd84ba06,0,0,844,3580,844,3580
012d54f2fd7cd14b44cc76e32c322b37,cc59b280b6e8df33c933cce3d0a460fb,1822,453,2800,2655,978,2202
012d54f2fd7cd14b44cc76e32c322b37,d36990548ec0ddd584e7795839208096,1790,0,2800,3414,1010,3414
7be9941a525ec9eb2b3d6bc97bcd820a,ab883157d07486f3fcae62c5b238909c,1920,606,2800,3518,880,2912
7e81a4ea0fdebae15180a165931da37d,f173662f22ef0a74fe130975b201a712,1575,453,2766,2817,1191,2364
012d54f2fd7cd14b44cc76e32c322b37,02bfa44c5d38d04bdb6d6e22b647e6a8,0,485,1003,2640,1003,2155
7e81a4ea0fdebae15180a165931da37d,42165968e015a93de08de28a28ddc182,0,0,1173,2808,1173,2808
5e6b995ee5a5b01d8339b1d0cff6ef36,e6bee4044e7747a5268836c6c254469d,0,0,1074,2706,1074,2706
5e6b995ee5a5b01d8339b1d0cff6ef36,57ecdb274e35154eb77c0ad7cd654973,1680,480,2718,2724,1038,2244
012d54f2fd7cd14b44cc76e32c322b37,fcbed716342994da2c2926f1eda7df4c,0,0,1014,3119,1014,3119
7e81a4ea0fdebae15180a165931da37d,77dfbe9355b564fbc36de1220fc195ff,0,438,1196,2749,1196,2311
7939e205af57d3eadf31b3bb534ac563,9484a88d0c572875f8a8aaa4eaefa4ec,1345,0,2012,2507,667,2507
7e81a4ea0fdebae15180a165931da37d,0fb2a8dfbe5f8e37cc20672122bb2d3f,1507,0,2734,3580,1227,3580
5e6b995ee5a5b01d8339b1d0cff6ef36,bf8f0293166ce7e4c29cfdfdc44aa0d1,0,261,1102,2659,1102,2398
d238cdd6ec2c04cbf3a4b95b115d46f2,595c4cdf75e76acb241f25e3dde88a80,2221,985,2800,2585,579,1600
5e6b995ee5a5b01d8339b1d0cff6ef36,184dec20fa0f3049c04b26e89c372255,1748,0,2750,2728,1002,2728
7939e205af57d3eadf31b3bb534ac563,4d9ad7bd49b989573fcd5f1309b2f626,1431,641,2012,2332,581,1691
d238cdd6ec2c04cbf3a4b95b115d46f2,ed75c494d383eab47664c00b8e012479,2158,0,2800,2282,642,2282
d238cdd6ec2c04cbf3a4b95b115d46f2,7a3e236f0643f796cd9d89c2044d6dd0,0,692,606,2532,606,1840
7939e205af57d3eadf31b3bb534ac563,5288202f6891f4bab4a33e7d303459ae,0,0,754,2812,754,2812
35b04419b5c4f2087864a641a86dfb60,5dff6b3d75c58ee8c85ccd3e8f51ee5b,1927,0,2800,3116,873,3116
7939e205af57d3eadf31b3bb534ac563,c067172b508e164eeaf0141c6d35411c,0,571,547,2345,547,1774
d238cdd6ec2c04cbf3a4b95b115d46f2,23e39bd1e8b55ac4817bb0f8b500f4a7,0,0,676,2203,676,2203
35b04419b5c4f2087864a641a86dfb60,ed212db74530705108098ab93238c5c5,0,715,851,2895,851,2180
35b04419b5c4f2087864a641a86dfb60,dd682c7a65114d9bff3737d1497edaba,2007,542,2800,2670,793,2128
c800df6e5ea9cd5a183ee765983b4a07,3d1e6c90d9a65a1c4c3340bebb9a36df,1951,357,2800,2561,849,2204
c800df6e5ea9cd5a183ee765983b4a07,44d35d157f5796ebc04b5fb51c3c1f12,0,0,973,3518,973,3518
c800df6e5ea9cd5a183ee765983b4a07,33755feadab4a6b5db51edc060585921,0,428,869,3518,869,3090
35b04419b5c4f2087864a641a86dfb60,e4bd1ecbc4882952cb09db8594d78c3d,0,0,952,3079,952,3079
c800df6e5ea9cd5a183ee765983b4a07,542ceb2d258cdcac28e8a4a1469bc59e,1905,0,2800,3518,895,3518
78480822998350f5d116d49ecc50f6a3,0251626a4fc9a399779129e0381638fc,1960,709,2800,2943,840,2234
9dafbb80b8e6c1851ade2534b73684c2,af787bd06aea2af0b7eaeb80374070bf,1712,366,2800,2642,1088,2276
9dafbb80b8e6c1851ade2534b73684c2,9d09864b52b7d9e9af319d838dd92705,0,0,1138,3518,1138,3518
78480822998350f5d116d49ecc50f6a3,f727cb1ce049cd0f565a7bf1e919a5bf,0,0,1025,3518,1025,3518
78480822998350f5d116d49ecc50f6a3,0ac950834b6f143b8fc1b3a1b2102faa,0,494,904,2605,904,2111
94522717c9827bb41fe0814a514ae68b,4e10d0c7ee78dc751db41fe5778ec3f6,0,468,929,3518,929,3050
427cadaef2d9faaeb4223c55f4339043,265337e65413b1e391d8499bbe522679,0,413,980,2337,980,1924
94522717c9827bb41fe0814a514ae68b,2d9d38dd92036611b2012b4f3dd41aa4,0,0,1046,3518,1046,3518
427cadaef2d9faaeb4223c55f4339043,5952703924025bdca4416163ffac5cff,1776,0,2800,2591,1024,2591
9dafbb80b8e6c1851ade2534b73684c2,f23241c5311d8de2fc831a469f91b523,0,524,1061,2969,1061,2445
94522717c9827bb41fe0814a514ae68b,76a00a3b38f9db17333f89eb66db5ea6,1780,0,2800,2753,1020,2753
94522717c9827bb41fe0814a514ae68b,b4659ca39d982567f231131634135791,1874,409,2800,3293,926,2884
e6b3c3202e59c375e53ed5d62fd2cd6e,12c5b513a85a64b6c1a5094801fa3d7c,0,839,782,2970,782,2131
427cadaef2d9faaeb4223c55f4339043,0f6b9ef9956fa92e6cc9540d57f449b5,1759,0,2800,3387,1041,3387
9dafbb80b8e6c1851ade2534b73684c2,10ed94d17481b10556b1d25ae7bba63f,1567,0,2800,3518,1233,3518
f846cb736588e303f440464a5a7b6e19,8bb93d44f4c14454c3b74dea03e4e5ab,0,553,664,2284,664,1731
f846cb736588e303f440464a5a7b6e19,04468a14bae8beea2825728bb3935479,1136,0,2012,2719,876,2719
f846cb736588e303f440464a5a7b6e19,04c220f7a0ba195e529d3190c8ee1aea,1289,439,2012,2160,723,1721
e6b3c3202e59c375e53ed5d62fd2cd6e,6b3b083255bea0f84288b4087a79c30d,2028,0,2800,3311,772,3311
427cadaef2d9faaeb4223c55f4339043,837f183b3e185348609ddf64663f3107,0,0,913,2682,913,2682
e6b3c3202e59c375e53ed5d62fd2cd6e,3112ae9104d122df3e063ef50d819a90,0,0,904,3518,904,3518
e6b3c3202e59c375e53ed5d62fd2cd6e,71780576324d90f6cd8ab224548e8039,1957,360,2800,2615,843,2255
78480822998350f5d116d49ecc50f6a3,9babf3cc8e36e8c1c927453fc277193e,1810,0,2800,3518,990,3518
499d22bd127795de7d507ce0779d6451,9701785e89dc591d72e62d119a06c72d,1861,280,2800,2282,939,2002
034b51841c0d2f2b2693ca3407cd3d71,33ab0ab39966d86fea7e93f56d8bd5d5,1799,0,2800,2969,1001,2969
86dd5db67ccfc1432001c10c605aa114,56aee770e73e20966a5a67f093aff21b,0,430,963,2642,963,2212
86dd5db67ccfc1432001c10c605aa114,f4672688c1e0228eb5960510cd12914f,1823,0,2800,2518,977,2518
499d22bd127795de7d507ce0779d6451,298b678de9a34bdee8ac40e873edf8f3,1759,0,2800,2822,1041,2822
499d22bd127795de7d507ce0779d6451,7ad8e941bc5639dc4e50de13fd4e24de,0,1031,872,3002,872,1971
f846cb736588e303f440464a5a7b6e19,e0dc87211b8f4bfcbd71358dd8f2fbee,0,0,773,2786,773,2786
034b51841c0d2f2b2693ca3407cd3d71,ce07abcf62c4de8a637f2c04a673731a,0,215,948,2369,948,2154
86dd5db67ccfc1432001c10c605aa114,d4816952e514c9fb377e65a834c63d16,0,0,1018,2873,1018,2873
86dd5db67ccfc1432001c10c605aa114,a924a5ee2c6e51fb848df0ae82893a86,1849,400,2800,2811,951,2411
034b51841c0d2f2b2693ca3407cd3d71,3fac499b4b45c16194d552db28962c5f,1854,355,2800,2417,946,2062
2e05f40bf06fed3160816ebb409cf169,c066e09fb30639713082fe64c3f76aad,0,0,713,2500,713,2500
034b51841c0d2f2b2693ca3407cd3d71,ad7cef3cbe28dc6ba3692ddb96ba6f42,0,0,961,3030,961,3030
499d22bd127795de7d507ce0779d6451,c77d52e795a74ffca0b6b1ff5e11a06d,0,0,1033,2940,1033,2940
2e05f40bf06fed3160816ebb409cf169,d91e1fd2ef86ae709bfa22c1b056b6f4,0,288,794,2276,794,1988
2e05f40bf06fed3160816ebb409cf169,1fc880b4a6e5a4cbcaf7941f2d901fa7,1111,300,2012,2475,901,2175
a1dd219b28806fc295fac20ceb147870,e22e4f297b4c82279e7b78a98417a6cd,0,325,1016,2586,1016,2261
2e05f40bf06fed3160816ebb409cf169,318567bd1850d7b999657addd2ce19db,1107,0,2012,2302,905,2302
a1dd219b28806fc295fac20ceb147870,36f2921a2ac19eba7420c591c4c07ae4,0,0,994,3156,994,3156
a1dd219b28806fc295fac20ceb147870,887cdcc99ebed66bd062ada6c8210152,1639,486,2800,2969,1161,2483
fe95eb78663d2ef6d392f1968e3eafad,135fb6c13c624cf3ba9801f9cb0487e5,1848,593,2800,2942,952,2349
fe95eb78663d2ef6d392f1968e3eafad,1869df09b7bb1714e928ef60da6a6ce1,0,0,1038,3518,1038,3518
a1dd219b28806fc295fac20ceb147870,12dc17dfd9d30ea7c0c1ccb33a505085,1671,0,2800,3348,1129,3348
7ca902f0527e761fc2ac5435ed008fd2,14bb52efe5d8734ab2fcd250ffddb3de,0,382,1089,2718,1089,2336
7ca902f0527e761fc2ac5435ed008fd2,461d48a657a9bfe7b6f7633a95865a90,1558,0,2800,3518,1242,3518
7ca902f0527e761fc2ac5435ed008fd2,984d4e548e41911497f8d889e3f23e41,0,0,1231,3518,1231,3518
7ca902f0527e761fc2ac5435ed008fd2,807c754bdbee40c54b7f4452b6410bb5,1631,356,2800,2834,1169,2478
da9a79e0b02f9c635eceded0f7652d92,96a923e8e1928ce87d46afb74d498e6c,1845,727,2800,2662,955,1935
da9a79e0b02f9c635eceded0f7652d92,136df7de5daececd20aed9cb1ee22600,0,0,919,2567,919,2567
da9a79e0b02f9c635eceded0f7652d92,5f208ab8759ca7fc82834635e35e9aa4,0,0,934,2690,934,2690
da9a79e0b02f9c635eceded0f7652d92,443c2ecae5098361dfd574b932007c1c,1994,0,2800,2692,806,2692
75e8e48933289d70b407379a564f8594,c83f780904f25eacb44e9030f32c66e1,1985,484,2800,2499,815,2015
75e8e48933289d70b407379a564f8594,5007c41be146e6c0740a6d9ab152b87d,0,0,1116,3237,1116,3237
b8e9429869be9c69810619f71778abad,e20985fda414bb4780d35b322abc6563,1965,398,2800,2562,835,2164
75e8e48933289d70b407379a564f8594,a397f0323b4e6c1bb0ecf79938f86e94,0,615,869,2655,869,2040
fe95eb78663d2ef6d392f1968e3eafad,bca74cdb1ed6ec507f5bc5affb9e5020,1737,0,2800,3518,1063,3518
b8e9429869be9c69810619f71778abad,b26916263ce8545e14497bb3c08dda83,0,187,888,3518,888,3331
cbefbe019b185313c639fe5f8fac024a,a9b9d703ddc6a9bb7966b95b01c2dccd,914,0,2012,2380,1098,2380
3f63d52243caf37caca6827d5d446b55,0077cf9b17659aacf770131a44deeb21,0,704,814,3518,814,2814
fe95eb78663d2ef6d392f1968e3eafad,a040a84453d9bb8f610207599e34f2b0,0,713,958,3071,958,2358
3f63d52243caf37caca6827d5d446b55,9b86016c01b2566e91962ed6bf78339d,1953,729,2800,2803,847,2074
3f63d52243caf37caca6827d5d446b55,da211004c86dc257a947ae9736639276,1914,0,2800,2500,886,2500
3f63d52243caf37caca6827d5d446b55,e79e420d681f54b8078c4454d046cac7,0,0,928,2445,928,2445
b8e9429869be9c69810619f71778abad,a1516c7161a94bb17b9574a827d91e65,0,0,951,3049,951,3049
4199129f94749397e0d71d2bd5a01d19,34020d5d17d3e2d5a268015f6cd639d8,2146,680,2800,2439,654,1759
cbefbe019b185313c639fe5f8fac024a,1a2a139e1b37fb8c1477c6038119e4db,1083,0,2012,2329,929,2329
cbefbe019b185313c639fe5f8fac024a,6ec73d7e74c73265c4f9ed781ccecd71,0,0,1031,2194,1031,2194
4199129f94749397e0d71d2bd5a01d19,7f702504f424839b37f42cd4f884c0b4,0,982,679,2690,679,1708
75e8e48933289d70b407379a564f8594,893528bc38a0362928a89364f1b692fd,1778,0,2800,3268,1022,3268
b8e9429869be9c69810619f71778abad,1222390d996f39008054994d1b0e9f0e,1835,0,2800,2431,965,2431
8030350f984b884a8c97f05b4f940edc,cb622d757105599029522f3d99266d2e,0,583,912,2545,912,1962
4199129f94749397e0d71d2bd5a01d19,812ac0e47a788ac6d95720067cfd42e9,0,0,817,3131,817,3131
8030350f984b884a8c97f05b4f940edc,bb94f4d481c94c1a17224c57ec926d1c,1894,460,2800,2616,906,2156
cbefbe019b185313c639fe5f8fac024a,f978cb9d32a74171873fb280779aa37f,0,0,1065,2812,1065,2812
014d843f13a9d86fec945664e2541fe6,b01b8a03a187dca67e4b1d5c64a77e5a,0,582,912,2786,912,2204
014d843f13a9d86fec945664e2541fe6,e82b6324ff951df4158627cf430996b7,1834,0,2800,3518,966,3518
014d843f13a9d86fec945664e2541fe6,44b20cab46f81d4836d7bcdfba9f5125,0,0,1000,3518,1000,3518
a45c7a16b5feadd303e5c9c9e7065b66,64d30e06c0f6a5bdf8d4ec8f5f523fda,0,0,894,2382,894,2382
014d843f13a9d86fec945664e2541fe6,a3abc78b80b104b171f2dd76c215f1a5,1961,700,2800,2717,839,2017
2a93fa903db2359f748ad1c994c51e41,2faf71f14f31a6caba9fbdcca3de84fb,0,0,1091,3098,1091,3098
a45c7a16b5feadd303e5c9c9e7065b66,7dc9868ccbb74e3ea75a1e890ba9e751,1034,0,2012,2333,978,2333
c1e98349506a7303cc0fb927d384257d,3fca10c64debea68a8699db7476510b4,1904,215,2800,2404,896,2189
a45c7a16b5feadd303e5c9c9e7065b66,9f483e608a0158458789398b0b96d21f,1035,249,2012,2441,977,2192
c1e98349506a7303cc0fb927d384257d,3a66b5b9373dd7a82c15cf8126fece1d,0,512,831,2733,831,2221
c1e98349506a7303cc0fb927d384257d,c3739746ce4f6a6559a83656490d188c,1851,0,2800,3518,949,3518
2a93fa903db2359f748ad1c994c51e41,405a7677fabe81b5ebebbbc19a2e4ea4,1668,0,2800,3075,1132,3075
a45c7a16b5feadd303e5c9c9e7065b66,0fd79182e3e0967971e7bf80ef904182,0,591,926,2755,926,2164
4199129f94749397e0d71d2bd5a01d19,421aa0c739abd785511a1540f53e20f4,1841,0,2800,3173,959,3173
8030350f984b884a8c97f05b4f940edc,114b17c04d86f6470530b8adc471195b,1920,0,2800,2678,880,2678
c1e98349506a7303cc0fb927d384257d,65dc9408411c230578f7ca20e223496c,0,0,986,2607,986,2607
a8e03a693359ffa3071f758eecadcd16,da30be3e50b5820186b55d2533ca46fb,0,604,776,3518,776,2914
2a93fa903db2359f748ad1c994c51e41,be907311a051a8af3e56d861b87f1cab,0,657,1090,2867,1090,2210
a8e03a693359ffa3071f758eecadcd16,afcf4a3369a5a35a09dda71efff16ddc,2026,0,2800,2614,774,2614
2a93fa903db2359f748ad1c994c51e41,55c252e20c3993a14de005c04fb7ba8f,1627,290,2800,2597,1173,2307
a8e03a693359ffa3071f758eecadcd16,dc40f057db3e6557c5ce1e62ae21a57a,2085,814,2800,3518,715,2704
a8e03a693359ffa3071f758eecadcd16,a6bb433105ba47d9cdc9f368a8c261a9,0,0,785,2450,785,2450
0be3174166cca3b99bd912e6895c3833,45bd087eb1ed996106ad4a289d7108c0,1434,0,2800,2813,1366,2813
0be3174166cca3b99bd912e6895c3833,28039b53dd81e4b9b90c5bcbdb4cfccf,0,462,1298,2699,1298,2237
0be3174166cca3b99bd912e6895c3833,efd92d8c0b3ace5033461336dcc0d727,0,0,1396,2849,1396,2849
0be3174166cca3b99bd912e6895c3833,4628051b0c623afd7524d1c7c8a2bedb,1470,256,2800,2520,1330,2264
5c4006b4d01f5a20d06ea9d640c1737c,af7713d8bc69c119258f1f88877f8563,0,0,1151,2570,1151,2570
5c4006b4d01f5a20d06ea9d640c1737c,c8448472bc076c4f9541f934599d9202,1534,0,2800,3246,1266,3246
5c4006b4d01f5a20d06ea9d640c1737c,b3e35e9c515dac6a04f773937bdad56e,1619,223,2800,2549,1181,2326
5c4006b4d01f5a20d06ea9d640c1737c,0ec84d4cec578c0fca623a46bb8d0eb1,0,0,1135,3216,1135,3216
a778ec34ead2612d12a4a50ec2197889,dab5b95c93bf6374b9afcb1ceec96b29,1965,0,2800,3518,835,3518
a778ec34ead2612d12a4a50ec2197889,d34c8c8f01ccd2503689e907d63514a0,0,494,943,2485,943,1991
5830a1c0cd0380601c4c95359ba94bcc,52706a97099ad113a50a245e0c156e3f,0,0,922,2812,922,2812
a778ec34ead2612d12a4a50ec2197889,5e902a9a5d9ce6cf5a0795044da15ee5,0,0,952,2664,952,2664
a778ec34ead2612d12a4a50ec2197889,6161715c495b0234aaf04fd59798b1a3,2065,702,2800,2580,735,1878
5830a1c0cd0380601c4c95359ba94bcc,a47e585886d9b3990fc9b9164fa52870,1035,323,2012,2812,977,2489
5830a1c0cd0380601c4c95359ba94bcc,05744b989947174852e3d557b8d305c5,0,0,943,2349,943,2349
8030350f984b884a8c97f05b4f940edc,18f54e4fd7f06591ba38d827302b67a6,0,0,952,2708,952,2708
ea5fe86a323324a9cd6556851417c89d,0860906217802c468d86595af3304b1d,2040,664,2800,2943,760,2279
ea5fe86a323324a9cd6556851417c89d,e931225bb84322380d07395afe0ee052,0,506,784,2775,784,2269
ff5bf77c804db0ac2c1f3ab8ac5d89da,fc264c6e60b9eff671d4523b2fff1770,0,0,920,2621,920,2621
ff5bf77c804db0ac2c1f3ab8ac5d89da,111adf109c0afca1b348d050c64acba5,1073,0,2012,2812,939,2812
ea5fe86a323324a9cd6556851417c89d,c8caf28453fc2ef092d1d0fa88769134,0,0,777,3518,777,3518
ea5fe86a323324a9cd6556851417c89d,e98ff79e033c7d2c45d66ec439d4561f,2020,0,2800,3518,780,3518
ff5bf77c804db0ac2c1f3ab8ac5d89da,b6965f7d7fb2db9e0ddd9a7e32512201,1213,0,2012,2055,799,2055
5830a1c0cd0380601c4c95359ba94bcc,2f8cb3ff0ddd029f233daa420b4fcace,910,0,2012,2812,1102,2812
ff5bf77c804db0ac2c1f3ab8ac5d89da,c5b237cb23c24ca3a771951b42dac307,0,0,909,2261,909,2261
7836f3171fe66b7618ed61e294624379,ad5db065b8b8b26e0cd35e44f06d5800,0,802,813,2635,813,1833
7836f3171fe66b7618ed61e294624379,4e8e77f8793189e5db8ab4a9e9b1c370,2051,720,2800,2410,749,1690
8732fc825ed551dcd328f94bc257c804,f01d45913aea29cc00c946ee082c8b79,0,0,747,2593,747,2593
7836f3171fe66b7618ed61e294624379,d10d75dc79a7d0f3a565614a5de395a2,2047,0,2800,3518,753,3518
8732fc825ed551dcd328f94bc257c804,8651147eddc2aa262eb4bcb3f5e9804b,0,438,755,2759,755,2321
7836f3171fe66b7618ed61e294624379,3a776f67c10ad029eb671cf52f07a813,0,0,709,2642,709,2642
8732fc825ed551dcd328f94bc257c804,d934770cef010ffcde5e9b5f93b097cd,2113,0,2800,2421,687,2421
551da3e44c3f44b974027fc799ef0b39,412f2623bf93508afc104e0ccf0ca726,1992,0,2800,2546,808,2546
551da3e44c3f44b974027fc799ef0b39,a5b2803249c1a6846d6113609316eb80,0,0,849,3085,849,3085
7a5f1bdbc453ed015320d759f261b9fb,42e72b77c68e1ad8cb5c0144c89c5f9e,0,0,1731,2812,1731,2812
8732fc825ed551dcd328f94bc257c804,49c2494bcda643e1deb1305f21462c1c,2108,632,2800,2439,692,1807
551da3e44c3f44b974027fc799ef0b39,70e9e892bb90a75b45d943b87c41f0b4,2018,626,2800,2534,782,1908
551da3e44c3f44b974027fc799ef0b39,c775c7c70cdded743f8148b0c2989be9,0,354,759,2746,759,2392
7a5f1bdbc453ed015320d759f261b9fb,f0cee897bee288f273df58df15ea170d,348,198,2012,2812,1664,2614
7a5f1bdbc453ed015320d759f261b9fb,ecba372f6c9f315a03b9c69319597c04,225,0,2012,2812,1787,2812
50aba5db2fe27c3109ef1fac4b031a6f,85e9d1d49ceacb743995ecac3c6cb2e6,2010,421,2800,2457,790,2036
50aba5db2fe27c3109ef1fac4b031a6f,b4e80c110166b0df10dd0114f6029f78,0,0,907,2761,907,2761
50aba5db2fe27c3109ef1fac4b031a6f,ae60d34befb21e2fe30b87459ff92d36,0,216,893,2494,893,2278
d351e207f42d755e41be5c15c5eb372b,50ba5bca589244636d0d23c58b8be300,1481,35,2800,3518,1319,3483
d351e207f42d755e41be5c15c5eb372b,3bd7136b77a4fa57cc02ce51f645eead,0,175,1389,3123,1389,2948
a41d837f4ed2f62cd073926d8f3e14ec,f5305db4a6a73977a4e57f4d6cf9411c,1643,522,2800,3518,1157,2996
a41d837f4ed2f62cd073926d8f3e14ec,b0e51fb874633b2aae685f9b9e943707,0,277,1270,2872,1270,2595
50aba5db2fe27c3109ef1fac4b031a6f,7de144affb1912cff53d2d831a32d261,1967,0,2800,3082,833,3082
d351e207f42d755e41be5c15c5eb372b,d9faffa106ac0c105bddb74e40f44052,1606,0,2800,3211,1194,3211
a41d837f4ed2f62cd073926d8f3e14ec,f4c1ecd29f854b7e12556d2a4ed37fda,1622,0,2800,2772,1178,2772
6f1577f25673d0f7ff5b9845eba0d333,2787cea350f8ba9a8714d02a568bb811,0,864,761,3518,761,2654
6f1577f25673d0f7ff5b9845eba0d333,c3cd22dc630f4243521945b87c7a6a7d,1983,551,2800,2494,817,1943
4d446c553898b5916769221f0de851b4,5f558557194dc8e29853ea375550222a,1282,0,2012,2812,730,2812
d351e207f42d755e41be5c15c5eb372b,923ad23cbfbfbc5b6cf2f303afe9a869,0,0,1533,3417,1533,3417
6f1577f25673d0f7ff5b9845eba0d333,5b1d44473fa1ab6ab5d285fde8f5007c,1964,0,2800,3518,836,3518
6f1577f25673d0f7ff5b9845eba0d333,62017b5c40942c35934f8d080970f807,0,0,874,3120,874,3120
4d446c553898b5916769221f0de851b4,622536070a17acb8597af0ea02f15a5c,0,0,724,2812,724,2812
a86a5d437c967a5e7e6db216c893bb82,0e649048e7d05332dd2952dbbcaa9643,0,744,678,2632,678,1888
a86a5d437c967a5e7e6db216c893bb82,fe6ee736dc555b11d022dfe23eea3c17,0,0,758,2812,758,2812
a86a5d437c967a5e7e6db216c893bb82,c0eb9fbae645fb250e9658a30767375b,1167,245,2012,2200,845,1955
d6d54a1cd784395c90cc08be862037a7,a2c41be3d25e63142edd391f64f2a9a7,0,236,769,2602,769,2366
a86a5d437c967a5e7e6db216c893bb82,e8c916e54df7b0eb55fdc1a691cee409,1191,0,2012,2812,821,2812
a41d837f4ed2f62cd073926d8f3e14ec,b4f021016e791412e35f9645b315d24a,0,0,1363,2876,1363,2876
d4d0d944cb75e47258c454995f774dc5,f29198e990c6cd08c2e5b9cf4c09a484,1724,366,2800,2542,1076,2176
d4d0d944cb75e47258c454995f774dc5,6cc6c7dd00e1da1213ed95967fa95b6f,0,733,1248,2939,1248,2206
36a9da43789531eccb345dd1eaa75ea4,fe53855f0fa2cfedea20b73009d3623a,2011,376,2800,3518,789,3142
d6d54a1cd784395c90cc08be862037a7,cc776ff8f9b8d35beb99b35902743769,1997,474,2800,2846,803,2372
36a9da43789531eccb345dd1eaa75ea4,f9c9981cfedd48b45799b44b0fed40e9,0,0,858,2722,858,2722
d6d54a1cd784395c90cc08be862037a7,10187b068e59c1f466bc1aa11aa05b53,0,0,919,3518,919,3518
c38f7f72e375edbd288ae100764baeb3,a7ccbd0378eed3f3624e06a1e88b1ec6,1959,359,2800,2459,841,2100
4d446c553898b5916769221f0de851b4,2973d4657a78ce4b541a9f82f5356842,0,490,540,2280,540,1790
d4d0d944cb75e47258c454995f774dc5,d35647d6502c749107c5a62bf9044194,0,0,1232,2820,1232,2820
d6d54a1cd784395c90cc08be862037a7,ac15ed633801a9a3df752b1e2635916d,1892,0,2800,3518,908,3518
d4d0d944cb75e47258c454995f774dc5,a1ce29ff1358e7c8e70d94b5eca089fb,1600,0,2800,2632,1200,2632
c38f7f72e375edbd288ae100764baeb3,363c845c1798ce97ef392338dc5a0e4b,1904,0,2800,2880,896,2880
4d446c553898b5916769221f0de851b4,92354934323eaca37a3eff1b184bfbdb,1502,616,2012,2302,510,1686
36a9da43789531eccb345dd1eaa75ea4,5438dfc5aba5518801a4dd6af2493468,0,0,904,3518,904,3518
8e000cdaf05ffc48a187332d8f78463b,b986c4454e9222a58bb675e0f796b603,0,636,845,3518,845,2882
c38f7f72e375edbd288ae100764baeb3,9b02648262402328fc7e5bbaf4723a89,0,415,681,2491,681,2076
7a5f1bdbc453ed015320d759f261b9fb,b8b54615a0bb4aec611159ad9e3698c5,0,117,1672,2812,1672,2695
8e000cdaf05ffc48a187332d8f78463b,a42e546bf8510cfd085449bdee625de3,0,0,989,3518,989,3518
8e000cdaf05ffc48a187332d8f78463b,2af20d99c9e4b1417199cb224c4fdaa4,2038,669,2800,2520,762,1851
c38f7f72e375edbd288ae100764baeb3,7cbfcf34be7198528dde3e9d159df4a0,0,0,874,3034,874,3034
36a9da43789531eccb345dd1eaa75ea4,17c1654f8313cce892000579e00372e3,1977,0,2800,3518,823,3518
4fbc4832ee6c5257f66b31fc98e60e71,479630d811a99b02da08cd078060f49f,1580,449,2800,2740,1220,2291
4fbc4832ee6c5257f66b31fc98e60e71,c948f95852574751c684120ab64a5af7,0,668,1234,2970,1234,2302
4fbc4832ee6c5257f66b31fc98e60e71,88cb5d78a7d337d3d8a9fee6f9a9c228,0,0,1253,3005,1253,3005
ee3d4d9270a1ecbdfebf1cdff860a7dd,df31e83fab477a6190e8c83092a58a06,0,174,1187,2812,1187,2638
ee3d4d9270a1ecbdfebf1cdff860a7dd,fe427fb99ac5cca289fc6d1ac2ed6b0f,877,0,2012,2812,1135,2812
ee3d4d9270a1ecbdfebf1cdff860a7dd,9dfaebb973bccfb2e80051f76c9b79c6,0,0,1359,2812,1359,2812
ee3d4d9270a1ecbdfebf1cdff860a7dd,9df51428bb4ab141114185bccbbe5577,813,0,2012,2812,1199,2812
11a16838fed9274fffe074333cd61264,12fcf7d55f2b52086c8ecb5fc8006db3,0,758,925,2773,925,2015
11a16838fed9274fffe074333cd61264,fe0955112028c4c7f8b135be3389c9e2,1830,726,2800,2653,970,1927
832b88cae0834e29b23c984f2a49d6b0,a5a0bfb7df5e0693857bf0166b025787,1918,0,2800,3361,882,3361
4fbc4832ee6c5257f66b31fc98e60e71,eb7aeeca66a697279659a460a0637144,1455,0,2800,2885,1345,2885
11a16838fed9274fffe074333cd61264,49c68d88136b2cb54031d93c3ad141d5,1879,0,2800,3518,921,3518
11a16838fed9274fffe074333cd61264,1bf3336865229b5b85439dc942721a64,0,0,934,2656,934,2656
8e000cdaf05ffc48a187332d8f78463b,721f9857381b119b143440607c1e8273,2035,0,2800,2316,765,2316
832b88cae0834e29b23c984f2a49d6b0,3a8e268d2b635c769d0c7b3e87ae4331,0,0,1011,3518,1011,3518
832b88cae0834e29b23c984f2a49d6b0,cba10c3aa47cf949cc6ea8bb4a3df03d,0,866,1066,3150,1066,2284
af58b3dd35f66e22938758ca2f6d1b76,0439739166db11abd39ad540f7f66023,1890,0,2800,2191,910,2191
af58b3dd35f66e22938758ca2f6d1b76,b8ecfbd33fdb0f4e3a61282a45104246,0,244,884,2639,884,2395
af58b3dd35f66e22938758ca2f6d1b76,e63dccc41ffd809932860a919e8388a7,1936,543,2800,3341,864,2798
87862a7699979b0ae66bbbcbba48f328,8596d8605153ebe09e24a21e8a1bf714,0,419,1167,2499,1167,2080
87862a7699979b0ae66bbbcbba48f328,04d68a4dd17d21a67e6a1c355c67938e,942,0,2012,2297,1070,2297
af58b3dd35f66e22938758ca2f6d1b76,87cf21e751258c4addd4547383b61997,0,0,888,2152,888,2152
87862a7699979b0ae66bbbcbba48f328,e4f8debe785046dbc5767ead004c78e2,828,10,2012,2260,1184,2250
aa77c26c541b854aba1d5e695256ff4d,781c4a963e57cd1fec7475eabb9f2fde,1679,641,2800,2685,1121,2044
aa77c26c541b854aba1d5e695256ff4d,c6bbb4b708751986df9eba94f91c4b16,1718,0,2800,2604,1082,2604
aa77c26c541b854aba1d5e695256ff4d,be14b94bc1ccf2160ee18f5a7322f10c,0,469,1145,2630,1145,2161
aa77c26c541b854aba1d5e695256ff4d,1d232eb6e444e27abc79985c33f61da4,0,0,1153,2592,1153,2592
12a799b4e7c53981303ec1809d787adb,c82d92c587d89cf0075f270a8e243011,1960,0,2800,2657,840,2657
12a799b4e7c53981303ec1809d787adb,001194df7506fcdd2253071de38d0707,1900,644,2800,2599,900,1955
832b88cae0834e29b23c984f2a49d6b0,eee90b5f5640035adc9e48f86f2b790d,1890,275,2800,2529,910,2254
87862a7699979b0ae66bbbcbba48f328,4e16d74d7a643560246000c07b08b3c0,0,0,1081,2347,1081,2347
12a799b4e7c53981303ec1809d787adb,ea64212546494f530d29fcc38143d251,0,0,1123,2591,1123,2591
94c7a2f97e6d766951ad84fe61120758,48231d358cfc012f1213e822c2ae3606,1946,0,2800,2465,854,2465
94c7a2f97e6d766951ad84fe61120758,a8d2202a0d74236907de0b51f8c8f547,0,0,868,3518,868,3518
94c7a2f97e6d766951ad84fe61120758,0b7eff5fd6544f98eb3228a0551c6b4b,0,599,811,2422,811,1823
12a799b4e7c53981303ec1809d787adb,3d786e2a0218672793aac691648c5f3d,0,558,1106,2611,1106,2053
56f102c45b0362dd28b8788d60ed6477,26712495ac8d5f953154731556453697,0,0,887,2812,887,2812
56f102c45b0362dd28b8788d60ed6477,325969bb286b244a89b3e6b3ab7d2312,1061,0,2012,2812,951,2812
56f102c45b0362dd28b8788d60ed6477,2fce2e44a44245a9b377dd9c2044d9bd,0,0,950,2480,950,2480
56f102c45b0362dd28b8788d60ed6477,2263bc54b064fc9793792f65c23eb594,1099,0,2012,2812,913,2812
790fba52e9664022548134bc1a43eccf,077d693bab223930e04b6ade5b99c486,973,205,2012,2482,1039,2277
790fba52e9664022548134bc1a43eccf,29251404c24fa5b1083c4029bbf3b4b4,942,0,2012,2470,1070,2470
790fba52e9664022548134bc1a43eccf,5e8ef9f4bea7f8e770a044dc1c309b13,0,148,1009,2415,1009,2267
d3aaf5a9f11d6dc1120f6ffa539838cb,ddf1cf04063d902ce5d481e65ab11ce8,0,0,1025,3134,1025,3134
b2cb2efca8093c64964b5dc86f2d1e0b,8f2815595396b0b13a94d8c9564b4ee9,0,0,809,3121,809,3121
94c7a2f97e6d766951ad84fe61120758,03dcc9b624d283ca0bcbb19c57648055,1798,538,2800,2456,1002,1918
d3aaf5a9f11d6dc1120f6ffa539838cb,61c4b488126c44adba5cf87b38f3db32,1660,0,2800,2689,1140,2689
d3aaf5a9f11d6dc1120f6ffa539838cb,748502cdb0d39e1f9d0f55c9f8473a83,0,885,1012,3008,1012,2123
b2cb2efca8093c64964b5dc86f2d1e0b,1de8b06fee5b1711621d099429b3a959,2070,211,2800,2240,730,2029
d3aaf5a9f11d6dc1120f6ffa539838cb,d5465b85b33223b429cf9ee89b391dd2,1658,0,2800,3380,1142,3380
ea6597fccabf93ffe6484fd9c93a75c7,1df6a5ac8c35527cf0d532cbf6430f9f,1318,184,2012,2001,694,1817
ea6597fccabf93ffe6484fd9c93a75c7,116f2dc5fdd82ef980c90e270941a770,0,222,755,2199,755,1977
b2cb2efca8093c64964b5dc86f2d1e0b,aa8ffe73a9f6686d1ae5fe5a96896459,0,261,818,2422,818,2161
ea6597fccabf93ffe6484fd9c93a75c7,00c814300a205bb4e29fb4f7670386bf,1233,0,2012,2812,779,2812
0ae82360b078b1c7ca36e5d12a57180e,587cfd57ab066178cf59b2b03c5d5c6c,1775,355,2800,3518,1025,3163
73b28aa5318d8c79e5d1ec9704facdfc,643b0066b8d1120154ba1299941a3615,2131,0,2800,3031,669,3031
0ae82360b078b1c7ca36e5d12a57180e,4472acbc78ac42a0f1c28e7029956052,0,599,1047,3518,1047,2919
615242ea26bb1db9db5d74acd048d3cd,3c827b5a6c188b1eee6ef74641b9c152,817,170,2012,2812,1195,2642
21e66db034528ff4be8cae59d94c51ee,f5b99926214ad8ad552b6f94334f18e0,1810,686,2800,2700,990,2014
ee4ebd1cab6bab79c06c03b176b52ad4,ad1f232f16f323d012feb921fa13931c,0,399,759,2566,759,2167
615242ea26bb1db9db5d74acd048d3cd,80782a78ce39bae561649b1d95df085b,0,0,1280,2812,1280,2812
73b28aa5318d8c79e5d1ec9704facdfc,7012e99a1bc3c171666c5330bde8ab59,0,0,702,3292,702,3292
615242ea26bb1db9db5d74acd048d3cd,ad1966572be8828018237cd3ff44ae65,0,0,1252,2812,1252,2812
73b28aa5318d8c79e5d1ec9704facdfc,764852c87717237eab11dca1b7cb3513,2224,0,2800,2499,576,2499
73b28aa5318d8c79e5d1ec9704facdfc,9a1ec748b72026e4c67955040369cb8d,0,569,710,2545,710,1976
615242ea26bb1db9db5d74acd048d3cd,cdba6be02344fd0fadcadbcbedbae2b8,866,0,2012,2812,1146,2812
790fba52e9664022548134bc1a43eccf,407c83ac88b665bdfbed863d6d85035c,0,0,1018,2812,1018,2812
755d5d31a6675739b15fcdd0543a1b9f,7984fd2354bfa3e080387f59d696d710,0,0,2012,2812,2012,2812
21e66db034528ff4be8cae59d94c51ee,ffafc313bb5bbb46c1a4ab4a1e7e77ff,0,0,997,3518,997,3518
21e66db034528ff4be8cae59d94c51ee,dba3923fc2b350029fdf20bc15330755,1820,0,2800,2603,980,2603
ea6597fccabf93ffe6484fd9c93a75c7,42a44c0989d4ade73cecb7dedfe408aa,0,0,806,2616,806,2616
ee4ebd1cab6bab79c06c03b176b52ad4,1199db92d3a8a74716abd55b4b82800e,2056,284,2800,2297,744,2013
ee4ebd1cab6bab79c06c03b176b52ad4,191736df900ffd871eef48069bb7bf82,1973,0,2800,2482,827,2482
b2cb2efca8093c64964b5dc86f2d1e0b,eae3efb118d11b6453492c0ed4c53d6e,1903,0,2800,3263,897,3263
0ae82360b078b1c7ca36e5d12a57180e,15220c5956d299ad20e155171f4bde56,1745,0,2800,3161,1055,3161
21e66db034528ff4be8cae59d94c51ee,767b8fbdf789c688c5be0cdf10a26a6e,0,497,995,2633,995,2136
755d5d31a6675739b15fcdd0543a1b9f,e4e6498d468fc581651df5d00ef94286,0,0,1990,2812,1990,2812
3e7669bb0a00f2dbdb9d7918b7d628b0,d846a3c4b127ff5e29c4c7790fc29305,0,415,963,2755,963,2340
ee4ebd1cab6bab79c06c03b176b52ad4,d1ff331160a9d9d0e0374249cd6f5f4a,0,0,833,2357,833,2357
0ae82360b078b1c7ca36e5d12a57180e,5dd85df9291d672be2fdce1d069bc593,0,0,1038,3116,1038,3116
755d5d31a6675739b15fcdd0543a1b9f,1639f1f952017e9313c160b291cb7cc4,38,0,2012,2812,1974,2812
755d5d31a6675739b15fcdd0543a1b9f,da0f415407ce26fa977c6a9d8a4c28bb,0,0,2012,2812,2012,2812
3e7669bb0a00f2dbdb9d7918b7d628b0,c1891e7f858e5ba5282eb0ed009dd467,1803,257,2800,2744,997,2487
cc86d1aaa4eccdd19290eda11c6752b4,3b95bda18918892c9a44422bd01b9ffa,2041,0,2800,2298,759,2298
cc86d1aaa4eccdd19290eda11c6752b4,2bc80ebd58505c88bf1fc81b72c4fa42,0,967,733,2657,733,1690
cc86d1aaa4eccdd19290eda11c6752b4,baebd41037a14dee4a2f864330be4328,2202,839,2800,2567,598,1728
cc86d1aaa4eccdd19290eda11c6752b4,a27a99cc98f650adce680fc55f9a57a3,0,0,848,2691,848,2691
3e7669bb0a00f2dbdb9d7918b7d628b0,857d2e75987b96355219b1b97f7c73cb,0,0,1128,3518,1128,3518
3e7669bb0a00f2dbdb9d7918b7d628b0,8a5855931224b0e10b586656e5290d1e,1758,0,2800,3518,1042,3518
3fedb90f113861bd34c5021ba8fa14a3,ffa1ac90f806f55325e01327401a600f,1430,328,2800,3518,1370,3190
3fedb90f113861bd34c5021ba8fa14a3,cbbfd8e6339a45ff039ba0619dc46b83,1512,0,2800,3518,1288,3518
3fedb90f113861bd34c5021ba8fa14a3,623c9f53027a2bd7cc79a77a2137d282,0,344,1376,2830,1376,2486
3fedb90f113861bd34c5021ba8fa14a3,d8a3258053dcef635f07c3b0efb4fc10,0,0,1324,2607,1324,2607
1b1224c52aef151d763675e20fdb94ce,1edd9de10f7c446b6f9597c1312217e3,1829,816,2748,3580,919,2764
1b1224c52aef151d763675e20fdb94ce,50be34d21cab1ac4f864dde5ad422972,0,399,660,3580,660,3181
1b1224c52aef151d763675e20fdb94ce,9194436684f1a6a1542a523eedb0e0b8,1706,0,2687,2859,981,2859
9048afe3f0517f70e2aefa13f3eb365c,0775147f75a05c8291691745d39cad4f,989,0,2012,2812,1023,2812
cbfcadbeb1f5894568b14eedb63c2b15,0dbaeabcfe1381ddb805fc15c07a5599,0,281,762,2812,762,2531
9048afe3f0517f70e2aefa13f3eb365c,df542a4ef123877ab12bf956ce10c9c5,1051,262,2012,2812,961,2550
1b1224c52aef151d763675e20fdb94ce,e72a31ee8db7b2e6e51bf40bd9d92d2d,0,0,885,3580,885,3580
9048afe3f0517f70e2aefa13f3eb365c,4437d3c5cabf719fabb50d0d040380e9,0,0,1018,2812,1018,2812
9048afe3f0517f70e2aefa13f3eb365c,4e625bbb6f6ae8f20e9c1092bbc3791c,0,106,1079,2333,1079,2227
cbfcadbeb1f5894568b14eedb63c2b15,c90fc2c23e887d0b69d9fe8b1320661f,1197,0,2012,2329,815,2329
cbfcadbeb1f5894568b14eedb63c2b15,60b2514dabb12b21fdefb4aba77f4182,0,0,861,2546,861,2546
cbfcadbeb1f5894568b14eedb63c2b15,885a84a7311169b339bc2b51e82b9149,1182,0,2012,2121,830,2121
6201598a8e7bbf7919be57009c1c7e85,1f1ba21176da2107ff0371fd63eedee6,0,0,849,2812,849,2812
6201598a8e7bbf7919be57009c1c7e85,d6533faccc0c9ed5b3a7e433de84de66,1240,380,2012,2502,772,2122
6201598a8e7bbf7919be57009c1c7e85,7d632e668e90aa0f4aeb36b4deb9f923,1109,0,2012,2655,903,2655
6201598a8e7bbf7919be57009c1c7e85,ebf68823decfad3b11fa542a2720e6d7,0,265,779,2455,779,2190
63c2488ef26bb779937c5e6dcdbdd0e5,9b3c4e121ded47b39610c734bb109eba,0,884,645,2875,645,1991
63c2488ef26bb779937c5e6dcdbdd0e5,ee5c783be447b56165aa0e6a90de88f1,2091,701,2800,2813,709,2112
63c2488ef26bb779937c5e6dcdbdd0e5,8c4db9874a11afee21bcbc32e42a7291,0,0,642,2471,642,2471
eba1e3ad235efbefcd1284fd5cab3895,47b7e7e5dc8e865511610b1225ce4f05,0,0,1159,3580,1159,3580
eba1e3ad235efbefcd1284fd5cab3895,19acc4b912b5637af651392bc1fe6b6e,0,263,1168,2602,1168,2339
eba1e3ad235efbefcd1284fd5cab3895,13904c61cc7e21ba53be8fd13dfffa82,1616,0,2812,3278,1196,3278
63c2488ef26bb779937c5e6dcdbdd0e5,07851b3daac825b88f76566f18ef45be,2087,0,2800,2680,713,2680
eba1e3ad235efbefcd1284fd5cab3895,2adba7934d0118b1f0600e93259db922,1805,240,2812,2551,1007,2311
ea281d3d34c58665a9c6076d7ced11a1,b65118678465f0e6edd20acf017df9c5,0,454,811,2691,811,2237
ea281d3d34c58665a9c6076d7ced11a1,3ceca32c62a7f2bed2a49c5800963820,1889,354,2800,2736,911,2382
99c02209a6f6150e1ee609664abb8ad8,e73245e7605d24175e29fbcf550f9a13,0,0,1074,2949,1074,2949
ea281d3d34c58665a9c6076d7ced11a1,6e473e0ef406629c5d4c54badd2de64d,0,0,883,2736,883,2736
99c02209a6f6150e1ee609664abb8ad8,5a0a161fe10921ccc5172cd29b41a3b0,1760,0,2800,3384,1040,3384
ea281d3d34c58665a9c6076d7ced11a1,91f30bdf49d5a3e21b6da56e91cde7d9,1882,0,2800,2650,918,2650
992692182ae00e93a515f9d8191cd1d6,6ab29e08637a7d4ce9279fcc6285e0dd,1806,390,2800,2698,994,2308
99c02209a6f6150e1ee609664abb8ad8,7985d1d0f5d7e8966f778770677545f8,0,309,887,2569,887,2260
992692182ae00e93a515f9d8191cd1d6,1632085d7c7162125586c80950302adb,0,0,1394,3283,1394,3283
99c02209a6f6150e1ee609664abb8ad8,0b56ee7e67db406047be1e6fcf38dea6,1867,489,2800,2803,933,2314
77f02b8ac7b5f59fbe119984229e7d5b,dfdd825addb0e961edd300f2df9d6d32,1941,398,2800,2416,859,2018
77f02b8ac7b5f59fbe119984229e7d5b,ce71d3a2518fbd74b3bcd81ba7bcd968,2041,0,2800,2422,759,2422
992692182ae00e93a515f9d8191cd1d6,5a8426f1a8b87bd05cee0aa32170f156,0,128,1051,2800,1051,2672
77f02b8ac7b5f59fbe119984229e7d5b,629c12626dca053a01b285b5356c06a6,0,635,821,3064,821,2429
77f02b8ac7b5f59fbe119984229e7d5b,aa75d87a4525331259823cff336d73d0,0,0,826,2472,826,2472
992692182ae00e93a515f9d8191cd1d6,69b14f5044131406bbefacdf1b439a34,892,0,2800,3518,1908,3518
882d6a7db05470e51f85f3c77b217945,a0645ef8030c568f36e4a0430299de5b,1880,0,2800,2578,920,2578
882d6a7db05470e51f85f3c77b217945,112fb1aef428dd7b3f698278956fc015,0,479,870,2671,870,2192
882d6a7db05470e51f85f3c77b217945,fb413cf6ef972090326d9886fa500aa2,1893,448,2800,2641,907,2193
882d6a7db05470e51f85f3c77b217945,fdd63bcd012c3fa12fdd48d52d1dc831,0,0,882,2833,882,2833
af245a314a18dd715e0d40a2c3cafce9,694869d5f2e65df6cf5c3d2054ef61c2,0,791,766,2713,766,1922
fd9d323893bb06b03d0563ac02b9f8d3,ac3be8a0979496d8094339b9815601bd,2156,631,2686,2056,530,1425
2078a9aa298d78bc710441899883bb86,d590f7d1cd57ab842a5bef5241cac7b7,0,493,928,3518,928,3025
af245a314a18dd715e0d40a2c3cafce9,3c6bd84e7e50c804c09f90bcb807ccf7,2063,616,2800,2436,737,1820
08ff6ccb8d89375cae5032f2ed646293,3e9aa6e1d5e0366f7195846f22063a12,2047,359,2800,2688,753,2329
2078a9aa298d78bc710441899883bb86,cff199588870ff525fae37b52ff8db5c,1795,0,2800,2743,1005,2743
af245a314a18dd715e0d40a2c3cafce9,cb17de05a7c863e5bd0ce93698b3a083,0,0,866,2585,866,2585
fd9d323893bb06b03d0563ac02b9f8d3,027244994968b700470e5945b7a801f9,1917,0,2654,2625,737,2625
08ff6ccb8d89375cae5032f2ed646293,6e0d14e97c27e95600f7d798150adbb9,2027,0,2800,2769,773,2769
2078a9aa298d78bc710441899883bb86,d76b87c0f10d686ac89ee873c606fdf5,1887,331,2800,2476,913,2145
af245a314a18dd715e0d40a2c3cafce9,88424c601070681c2534283367a382fc,1957,0,2800,2364,843,2364
2078a9aa298d78bc710441899883bb86,333c3fdb0ea842b3c4e4d799b5ea44e5,0,0,1034,2700,1034,2700
fd9d323893bb06b03d0563ac02b9f8d3,0e9d5ff30842d90f7233b78f1f7c2d46,0,1029,626,2512,626,1483
c4e6f81d57735d9d42720d531d433ccf,c77c357c36056bcc925cc444a3fb3210,1094,377,2012,2376,918,1999
c4e6f81d57735d9d42720d531d433ccf,0023a34e6da7f2e0ce21c6edaaa6b044,0,193,819,2330,819,2137
1bf6abaebaf701e81e25130a3b79f27f,fefeda1bb36f8915eef53b86eeb660de,0,792,834,3518,834,2726
1bf6abaebaf701e81e25130a3b79f27f,df105a568385da6db5f8960705d39455,1953,700,2800,2599,847,1899
c4e6f81d57735d9d42720d531d433ccf,e5c469d7f88561fee6f465cfe8f987bd,959,0,2012,2462,1053,2462
f0a33cfd66730ad5f983b4f6003ca2ea,45ae607118361d377943cc6b85c1cbba,1966,682,2800,2476,834,1794
c4e6f81d57735d9d42720d531d433ccf,7b479ef394cc30a9e457b93b9855865d,0,0,903,2535,903,2535
f0a33cfd66730ad5f983b4f6003ca2ea,54ff2a82809a9279a57f36e9ae92f555,2008,0,2800,2332,792,2332
f0a33cfd66730ad5f983b4f6003ca2ea,de8a46e38ff9ade6df89e4679d719908,0,634,831,2468,831,1834
d0322ac75743dc7de6f530b9780d9008,c2b86815a712d3ed5496aa1f310b91f8,1784,519,2800,3518,1016,2999
d0322ac75743dc7de6f530b9780d9008,ff6fa387828da461149039277ce62fe6,0,0,1216,2892,1216,2892
ea0b5e3d2a1cc02476a94c841a272d7a,0397ba6ec759c836c0fde966b5b9c369,0,0,1154,2820,1154,2820
1bf6abaebaf701e81e25130a3b79f27f,f3a036c28664f5b6a5207f42631d9108,2068,0,2800,2331,732,2331
f0a33cfd66730ad5f983b4f6003ca2ea,127497d156603f24604349ddb2b5230e,0,0,876,3052,876,3052
ea0b5e3d2a1cc02476a94c841a272d7a,15206c1ba3b120b11296ea2967afd6c0,1657,564,2800,3518,1143,2954
d0322ac75743dc7de6f530b9780d9008,df3378c776a89a1166bb0bd57e0812a3,0,468,1130,3518,1130,3050
d0322ac75743dc7de6f530b9780d9008,5dfdcfa1adb580a876cae7ff55f02571,1657,0,2800,3104,1143,3104
ea0b5e3d2a1cc02476a94c841a272d7a,65fad026dd4d0e34daace1341b004b45,0,487,1141,2880,1141,2393
1bf6abaebaf701e81e25130a3b79f27f,21d4d75b2b20d7cd3a01a6326ecff723,0,0,799,2328,799,2328
08ff6ccb8d89375cae5032f2ed646293,7b1c9fd1bc403790393c7fa411afeaeb,0,0,1006,3280,1006,3280
08ff6ccb8d89375cae5032f2ed646293,5bf4494b13cf74a3debe9442cb69f399,0,777,836,3518,836,2741
f8d38d9afea14bde199da32f806821bd,82932409c3bf79a3bfb885e67f6de2d9,0,0,1202,2812,1202,2812
f8d38d9afea14bde199da32f806821bd,838f48509a407ef32ce4983e077b571b,0,343,1111,2812,1111,2469
b8006c686d748aa6bab4c97d1faa03b5,703ee88b995be33dc088197ea2166ccd,1909,229,2800,2486,891,2257
b8006c686d748aa6bab4c97d1faa03b5,5097be6a000327733d2cdd9d345d2204,0,333,850,2602,850,2269
f8d38d9afea14bde199da32f806821bd,65a7fe9f9625017979d4dcb6f0ecca7d,915,0,2012,2812,1097,2812
ea0b5e3d2a1cc02476a94c841a272d7a,c8f6d4876fa771042d6ad4be5197f01e,1624,0,2800,3518,1176,3518
f8d38d9afea14bde199da32f806821bd,5e8bcc6b13122a2673969f5742bca966,867,0,2012,2812,1145,2812
b8006c686d748aa6bab4c97d1faa03b5,12b2d19f6c17c09534c99fe766e4582f,0,0,862,2635,862,2635
b8006c686d748aa6bab4c97d1faa03b5,2e35528e6d9f412109ae4398b33e1ab9,1821,0,2800,2661,979,2661
3677d505944a9ac35a6384757fd73ee5,49396614740f60b2034ad2caa3c5114c,1198,238,2012,2535,814,2297
cf4926c1de89c03143a8fde61e6becf3,da2e1843b6881225b9070d1cedae3e7e,1772,0,2800,3518,1028,3518
cf4926c1de89c03143a8fde61e6becf3,e154c810aafe907aa845dccd85364816,0,0,1003,3518,1003,3518
3677d505944a9ac35a6384757fd73ee5,53ab18ab1fd70a35db1329d41e67e984,0,0,804,2812,804,2812
fd9d323893bb06b03d0563ac02b9f8d3,c56fb8a8c48f14b2a07b76a46289f74b,0,0,1149,2925,1149,2925
cf4926c1de89c03143a8fde61e6becf3,de21f8c30915c02f301b371a90153c04,1839,645,2800,2761,961,2116
cf4926c1de89c03143a8fde61e6becf3,48d8f9f724eef587eb2c7515a3f7cb1f,0,128,1040,2525,1040,2397
7c58ce09d3202019476b81fc3317feab,2e5a4895282dd4e3c3c0d8c49e4f2c71,0,399,1208,2645,1208,2246
7c58ce09d3202019476b81fc3317feab,42e6dd590423046cd5b7a4df322b26c4,1453,0,2800,2726,1347,2726
7c58ce09d3202019476b81fc3317feab,b830c9365cefb187a47036c271b7638b,1525,219,2800,2359,1275,2140
3677d505944a9ac35a6384757fd73ee5,170520fc38910c9e59c44336a9975e26,1205,0,2012,2812,807,2812
3677d505944a9ac35a6384757fd73ee5,dde7283c2b66d692693964b329f61b68,0,0,777,2310,777,2310
5b6cf29d2f12713851ddd4f2022045a6,9120dff5b869e53cd8f85d474d0f6df3,1127,0,2012,2732,885,2732
7c58ce09d3202019476b81fc3317feab,3a125c2f52da72786d3ff993047ee3a9,0,0,1358,2531,1358,2531
36bf1a5691e3ee25cda557a183ec33c8,3f3041a277d25ae59f3cd2f4ba5e4beb,0,0,858,2787,858,2787
cf50aa762cbd494798e440c052755aff,37d60bb851895982b9cc99d7a64a0507,0,452,937,2467,937,2015
5b6cf29d2f12713851ddd4f2022045a6,85236c343ee705f1e470d9e0a12df1cb,983,0,2012,2698,1029,2698
0b8215ca0dadb2fe7f5d82d7ccf90bfc,85d9a435622c77153442cb1c3a9fc222,0,943,745,2704,745,1761
36bf1a5691e3ee25cda557a183ec33c8,1628b8995de4a6be7aeb3b27c25ab2fd,1899,369,2800,2330,901,1961
0b8215ca0dadb2fe7f5d82d7ccf90bfc,e3fb6cb3fdf4389ec8ce12933b6b6172,2100,745,2800,2608,700,1863
5b6cf29d2f12713851ddd4f2022045a6,1abaf45a4630daf42f93e566f1483812,0,50,852,2711,852,2661
9c738093f752981afb40cad378ad6ded,44a9f36aa7f887ff19e2e266eef45773,0,704,856,2828,856,2124
36bf1a5691e3ee25cda557a183ec33c8,70a73a783da8de3d7321f13ac551d955,1931,0,2800,3518,869,3518
5b6cf29d2f12713851ddd4f2022045a6,f6bed2c7f4c032f452d75d0736800d4c,0,0,1006,2791,1006,2791
cf50aa762cbd494798e440c052755aff,38388f85db6987b7cf747a292e5f8f8e,0,0,957,2649,957,2649
36bf1a5691e3ee25cda557a183ec33c8,a3ac438246edcc14ec2794f46fce4e7b,0,546,947,2635,947,2089
0b8215ca0dadb2fe7f5d82d7ccf90bfc,20107a98da5769232f1b7e504e13bf4d,2003,0,2800,3035,797,3035
cf50aa762cbd494798e440c052755aff,8068253913f36403dffbdd2be48876ae,1816,440,2800,2488,984,2048
c4f09e0176ac7e89c3b99a1b4074476a,3d313d7a87589de587e1e473194a5909,1682,0,2800,2765,1118,2765
c4f09e0176ac7e89c3b99a1b4074476a,ce5a80c545b9c8815af0bcce274fcba7,1765,177,2800,2336,1035,2159
9c738093f752981afb40cad378ad6ded,558d3fb789e3d8fa34f8932d97d9c39e,1884,362,2800,2475,916,2113
0b8215ca0dadb2fe7f5d82d7ccf90bfc,8495b1df8b245a1429f859886ee23f7a,0,0,901,2835,901,2835
cf50aa762cbd494798e440c052755aff,380b307b8b64de950b2c18cd488f6f5e,1836,0,2800,2720,964,2720
9c738093f752981afb40cad378ad6ded,84af32031f2e5b4f442a05433b45e934,0,0,885,2451,885,2451
c4f09e0176ac7e89c3b99a1b4074476a,bef1f041c672fea28ddb7cbdc0234cf1,0,0,977,2554,977,2554
c4f09e0176ac7e89c3b99a1b4074476a,16b458e61609a4d941d83927f36a301a,0,0,1059,2830,1059,2830
ac4aadacbdccf3cf3d735e43211f05ef,bd88813b5b8b9c4c90264e0871d2411a,0,0,1181,2500,1181,2500
ac4aadacbdccf3cf3d735e43211f05ef,095f4d699f5928b20c6f262c08ecd2a9,753,0,2012,2514,1259,2514
89f941e4e7467e6201e4fde205865b79,8c3b69ea8e79fafd879560f56414a157,1907,0,2800,3059,893,3059
ac4aadacbdccf3cf3d735e43211f05ef,97937437e3d566a4d57c703849ec634b,756,120,2012,2540,1256,2420
ac4aadacbdccf3cf3d735e43211f05ef,c9c6bdef164389faa442935fce5708cf,0,133,1304,2539,1304,2406
9c738093f752981afb40cad378ad6ded,d514ee5a85fe91ab40b1570068929752,1875,0,2800,3518,925,3518
89f941e4e7467e6201e4fde205865b79,97e20d2786605ff431a1b0f902a689fe,2074,494,2800,2518,726,2024
45215105d967cc5bffa178203d89f674,78de676add5b36dc200ea86e99ee673f,0,868,1005,2896,1005,2028
45215105d967cc5bffa178203d89f674,5f9daf693c9032ecc79cca284ef65066,2053,401,2800,2452,747,2051
45215105d967cc5bffa178203d89f674,e96f81acfc17e50f4bb64a6e5713b701,0,0,1053,2267,1053,2267
8471a60de0c7d30f1140d1c7613ec2f8,f94b1ab90b0076f105bbcdf5d3c000dc,1621,394,2800,2348,1179,1954
be8e01a4a58b545c26ff31142900344f,225341de2d836efdd8671aeb0052af3d,0,135,1575,2945,1575,2810
45215105d967cc5bffa178203d89f674,d580c2f89c5e0d0e6080b558fb26d1ef,1925,0,2800,2329,875,2329
76c60021bdad852f982497bb6dfa6cf2,293f56aa2f38c52c70ed4a92e2f01b46,0,497,989,2497,989,2000
be8e01a4a58b545c26ff31142900344f,64fdffc6c5c03cbc1ab2f8a14c12f7e0,1185,0,2800,3118,1615,3118
76c60021bdad852f982497bb6dfa6cf2,672403a328673f3449232545b85aaec8,1865,0,2800,2586,935,2586
be8e01a4a58b545c26ff31142900344f,87f17a52d44c2c903c13f301abc14190,1321,0,2800,2844,1479,2844
89f941e4e7467e6201e4fde205865b79,dc5728812d22c7b00ab8773f09706f47,0,311,868,2391,868,2080
89f941e4e7467e6201e4fde205865b79,ecf0cebb15c4a25d8921c80f0ccd4abe,0,0,837,2342,837,2342
76c60021bdad852f982497bb6dfa6cf2,002460132586dc0c7b88a59dce6e77bd,0,0,963,3518,963,3518
be8e01a4a58b545c26ff31142900344f,5474044e93aa9b65f65450f26e63068e,0,0,1516,3392,1516,3392
76c60021bdad852f982497bb6dfa6cf2,c38ef7cba9e82cd0ccec2e7d80001ea4,1913,563,2800,2553,887,1990
70ea0d343edce93e2457df7a0e3cc9e2,e3f95499ec618d888560207486e99b09,0,0,1094,2578,1094,2578
70ea0d343edce93e2457df7a0e3cc9e2,8de5e42a89256331487fc225bcf18ab0,0,430,1185,3250,1185,2820
55d2737c1c1193afbd4913eec53e150f,b7f15acc2c351cad69d5ee3253696860,0,0,794,2250,794,2250
70ea0d343edce93e2457df7a0e3cc9e2,52b403c5c51efa04629aebd1629bd1a5,1664,151,2800,2807,1136,2656
55d2737c1c1193afbd4913eec53e150f,ad163f4477e959c2679854e3d739e8d1,0,606,697,2519,697,1913
8471a60de0c7d30f1140d1c7613ec2f8,c1b3e64226941d17a9ac52c460fad74c,0,0,1146,2637,1146,2637
55d2737c1c1193afbd4913eec53e150f,624ea6c758d317ce501ffccb464cb48e,1987,0,2800,2229,813,2229
70ea0d343edce93e2457df7a0e3cc9e2,074775a9e94c93ed3ee32a82d2864c68,1675,0,2800,2842,1125,2842
56e54f64f6aca6f887cc52cc240dea6a,e588b03cdbee40c562cf426c8d9ee494,1919,461,2800,2575,881,2114
55d2737c1c1193afbd4913eec53e150f,0bdde1dbb5337ab37f4b53f825cb88b0,2103,748,2800,2566,697,1818
8471a60de0c7d30f1140d1c7613ec2f8,e62efc57f11ff99bca21767fa6dc165b,1634,0,2800,3518,1166,3518
8471a60de0c7d30f1140d1c7613ec2f8,c0b731c737db3f71c32915d759bcc67f,0,0,1080,2851,1080,2851
56e54f64f6aca6f887cc52cc240dea6a,6e80409abe3d741ea202eb010f8bdbcc,1912,0,2800,3518,888,3518
56e54f64f6aca6f887cc52cc240dea6a,a8f4c712717ecf44064c37cc841154f1,0,0,878,3518,878,3518
38a8fad1d92b5537bfdef99bee420478,29b9d23286ff15e64cb4a544a4d2360e,2188,716,2800,3518,612,2802
90bc5662aa41f8228f1dd2157b9dc6f7,d84d8ec69047a31c27c59c26114144ae,1169,29,2012,2337,843,2308
56e54f64f6aca6f887cc52cc240dea6a,7e4cb36605cfe77511eddcdb78312a42,0,536,872,2639,872,2103
38a8fad1d92b5537bfdef99bee420478,4a1daed64ebcb36487c8c1a3ce362ea7,0,449,623,3518,623,3069
38a8fad1d92b5537bfdef99bee420478,a97d2ce6faca57b8ed3358e355e12359,0,0,810,2925,810,2925
90bc5662aa41f8228f1dd2157b9dc6f7,55e10b43fb4bac0269dce24e62213035,0,0,903,2424,903,2424
65b8c8d3af382a51b3c8465be1f6f06e,636cb56c0cc5ff8fb28c0d507f25f5e0,1247,182,2012,2274,765,2092
65b8c8d3af382a51b3c8465be1f6f06e,d43f6852f99857f4efcd0c67cdbd66ae,0,80,877,2195,877,2115
38a8fad1d92b5537bfdef99bee420478,183ba67b3ea6120cf9cc37868daca264,1952,0,2800,2474,848,2474
65b8c8d3af382a51b3c8465be1f6f06e,1e7ad5577c2f5e49294f9c3660968910,0,0,912,2162,912,2162
7ecaf59d591676b5c3026a9a67ef8317,80fd362614e173fb7725aeadc9aa6c6d,0,0,921,3326,921,3326
65b8c8d3af382a51b3c8465be1f6f06e,49bab528aee3d1f01700fd8a66931931,1171,0,2012,2493,841,2493
2be532248a3948bb1e497f0ea9e56242,7a62150354e7b7e71ed0eb4d5a54f561,1697,366,2800,2631,1103,2265
90bc5662aa41f8228f1dd2157b9dc6f7,55da29720bda5a9c3e6aea4992c30046,0,0,799,2343,799,2343
90bc5662aa41f8228f1dd2157b9dc6f7,eda4cb49b9bfece8abbbc54f225d6642,1057,0,2012,2812,955,2812
af53566aab6bb78c95c00b62f7fce0bb,bebdc06e7e7a3495e23c255a40e0ed24,1815,603,2800,2822,985,2219
7ecaf59d591676b5c3026a9a67ef8317,04f24e4cbc1ec6c9c7c0298da43f6139,0,547,892,2572,892,2025
af53566aab6bb78c95c00b62f7fce0bb,100a6c1b2f11cf244a6358730f2e6e1b,0,491,970,2839,970,2348
7ecaf59d591676b5c3026a9a67ef8317,fe882fd71ad5359e232b20c935fcef91,1933,308,2800,2328,867,2020
af53566aab6bb78c95c00b62f7fce0bb,90a6bfba4d7a2aacbc5c479d77be8520,1745,0,2800,3517,1055,3517
7ecaf59d591676b5c3026a9a67ef8317,407b2e25004166a9d86944abc968b911,1864,0,2800,3466,936,3466
2be532248a3948bb1e497f0ea9e56242,558e0799602e34088d7d3bc8d0322ea7,0,106,991,2692,991,2586
af53566aab6bb78c95c00b62f7fce0bb,7f86d0d2bf13151d5716688c17b4c85e,0,0,1034,2957,1034,2957
2be532248a3948bb1e497f0ea9e56242,7c8287024dc17f0fb9bc0b1b19896864,1669,0,2800,3040,1131,3040
5bd722f9244cfb65c64b22c336f370bc,1a1a3dd259ee729469e01513019d3606,1495,346,2800,2780,1305,2434
2be532248a3948bb1e497f0ea9e56242,c98cf374890b655b3ecd61e7ea9e29e1,0,0,847,2800,847,2800
5bd722f9244cfb65c64b22c336f370bc,866f1ce16011318f5ff1db67283b5e6b,0,397,1403,3518,1403,3121
db0d3de4ed094413ab97bff890662cdb,51563336dfb6be8e25382a5d7c3a6049,1811,967,2670,3115,859,2148
c1d7b1c12d52b4c007c78b0dbfcb87e2,5054046e40bc6da524e7e8beaa6f115f,1877,313,2800,2674,923,2361
c1d7b1c12d52b4c007c78b0dbfcb87e2,f07d83d35251e476c820b807ceab125c,0,502,899,2934,899,2432
f98b548053a918dfca95173787662de5,08070df192cbd86be21758412f77875c,1960,248,2800,2556,840,2308
db0d3de4ed094413ab97bff890662cdb,61e4b43bfef87a2c6902bddfbdf305fe,0,853,765,3119,765,2266
5bd722f9244cfb65c64b22c336f370bc,52a2916c08efaae38f5677a9d9ee7bc4,0,0,1364,2633,1364,2633
5bd722f9244cfb65c64b22c336f370bc,51b2e7a76d19a80f969413aeb8203b17,1452,0,2800,2815,1348,2815
db0d3de4ed094413ab97bff890662cdb,7876d260633d7ffb7de5be1cb610afcc,1763,0,2686,2971,923,2971
c1d7b1c12d52b4c007c78b0dbfcb87e2,3b1cb3438aedecff3189454d324951a5,0,0,947,2801,947,2801
ae081683cffc8740c3498c3817809ad7,109589fcf9eb620fd6d5169cc836f108,0,65,1054,2460,1054,2395
ae081683cffc8740c3498c3817809ad7,5fca5d480e52d8f7e85636cc5ca42bb4,827,0,2012,2389,1185,2389
db0d3de4ed094413ab97bff890662cdb,e03e98428c7b69ce208693dc94a31cd4,0,0,877,2848,877,2848
ae081683cffc8740c3498c3817809ad7,e3436b642a5be013b33d08114825853b,0,0,1194,2768,1194,2768
039e97685515e64f223c950f17baec23,72f876c92e1746fd9067dc4e74ff66f5,2041,0,2800,3451,759,3451
c1d7b1c12d52b4c007c78b0dbfcb87e2,f5423eafd23bac6bf7452214fe3c5c07,1903,0,2800,2560,897,2560
039e97685515e64f223c950f17baec23,aee6e5eaa67871a161074a305ace3c42,0,0,733,2628,733,2628
00fe39c6d1283a7bec1c3335f54e53d9,f736e554fb2a3e37e4ef313ba00431c9,1783,314,2800,3518,1017,3204
039e97685515e64f223c950f17baec23,32dd49d31140938a74252f6bf4f21fb4,2229,0,2800,2359,571,2359
00fe39c6d1283a7bec1c3335f54e53d9,2dcd99652a23beafbf51ac2436a13f8b,0,514,1057,2780,1057,2266
039e97685515e64f223c950f17baec23,adcd1a927d548d9018d018937b7c96cb,0,0,732,3518,732,3518
e86bacd42403db326e105726a41c7fcf,b51e9f4976fee989146159e571ecf45e,1784,0,2800,2394,1016,2394
e86bacd42403db326e105726a41c7fcf,63482a8fc0aae5c2286a863c70e7fbc4,0,549,1161,2908,1161,2359
664d36bde537b8cb900aaf5d26a10d79,4afe21c7cb2bf4e877a94765c6eba158,1999,0,2800,3001,801,3001
ae081683cffc8740c3498c3817809ad7,db66a4426f2dfc41f96d3a3557aa738f,792,0,2012,2803,1220,2803
e86bacd42403db326e105726a41c7fcf,4c783d7319184fd2a3b70348b73a6f46,1577,0,2800,3518,1223,3518
e86bacd42403db326e105726a41c7fcf,bc656518b3cd5115f42a33d88bc8e04e,0,0,1254,2998,1254,2998
741038cb89466ea9f025c89646982062,cc3f2f3915b102e8a1fd2a2889ebb189,0,0,667,2812,667,2812
741038cb89466ea9f025c89646982062,3dea9d37fdc178d580c9bd3edd5d0906,0,447,538,2342,538,1895
741038cb89466ea9f025c89646982062,0ac2a6d5e9badd998e1d94eb4c6c42d1,1525,267,2012,2408,487,2141
664d36bde537b8cb900aaf5d26a10d79,9318e1d45cfe7fef442ee299a685f853,0,388,822,2282,822,1894
edc4825b4402b236eaf629800a55a102,1c136bd505710162d2f48e827c0a78df,1821,0,2800,2540,979,2540
00fe39c6d1283a7bec1c3335f54e53d9,18592072127489c28e8602cec386c367,0,0,1250,3518,1250,3518
00fe39c6d1283a7bec1c3335f54e53d9,9ba03f419fc29686014be75565900c55,1758,0,2800,2980,1042,2980
edc4825b4402b236eaf629800a55a102,ff7fe1eed46e83a6fe2bd12fce3f6851,0,208,1035,2825,1035,2617
e30924fc9a7ddc8fc288ad0dfe85fca3,22b2093c7e4187ac348217514910c863,1296,493,2012,2409,716,1916
edc4825b4402b236eaf629800a55a102,b2f66effccc68215e43b3db0ea224523,1778,377,2800,3301,1022,2924
edc4825b4402b236eaf629800a55a102,efa14b1df31636822e9d1f1bb250990f,0,0,985,2585,985,2585
e30924fc9a7ddc8fc288ad0dfe85fca3,2619bc3399bd7e8e13f9cdbc31950b62,1211,0,2012,2532,801,2532
e30924fc9a7ddc8fc288ad0dfe85fca3,b7015837cd56ea893f22ecadb3d518eb,0,510,718,2372,718,1862
159640b38e1341c5b536f200175d8cd7,0611f88d8790bca54984672a346d6fb2,0,476,842,2536,842,2060
159640b38e1341c5b536f200175d8cd7,5e462fb8c2ca62b05ab7f318e7db15c9,1957,696,2800,2731,843,2035
741038cb89466ea9f025c89646982062,1c0037d27730074619f4f5c4b1f011ba,1285,0,2012,2330,727,2330
e30924fc9a7ddc8fc288ad0dfe85fca3,87e85382d11c0ce06629f156ee567dc2,0,0,838,2663,838,2663
b2de1bf8d49ecabeef05b60b2c4a8a0b,088ea051f787f41359334a0dc5298e58,1429,0,2800,3518,1371,3518
159640b38e1341c5b536f200175d8cd7,49c828375414418a236e244734131ba2,0,0,907,2972,907,2972
159640b38e1341c5b536f200175d8cd7,10fdde0859739136de772434bc29e015,1983,0,2800,2692,817,2692
664d36bde537b8cb900aaf5d26a10d79,3415e656d0ad146559fae1a6be26ed51,0,0,819,2462,819,2462
664d36bde537b8cb900aaf5d26a10d79,65255ee500f5f3da8fccb15b90e69cda,2084,500,2800,2467,716,1967
b2de1bf8d49ecabeef05b60b2c4a8a0b,f9086d9fda559a2d283d251d220cef84,0,47,988,2833,988,2786
f98b548053a918dfca95173787662de5,69741da7b555423b82448e5f519c291b,1895,0,2800,3518,905,3518
d8146cb4396d7a3e07e1907222ad7088,843440335a00387518088dba05eff012,1501,517,2800,3518,1299,3001
d8146cb4396d7a3e07e1907222ad7088,6284b4b4e86682335d47f6a49aeaef65,0,0,1328,3518,1328,3518
f98b548053a918dfca95173787662de5,07ed7dcf148867f2c03c86fe156d6e88,0,0,790,2524,790,2524
f98b548053a918dfca95173787662de5,26e86a815bafe8b6c13c1f97b38eb6eb,0,0,928,3518,928,3518
b2de1bf8d49ecabeef05b60b2c4a8a0b,326ce13c04d13d0a2e68680e9098880f,0,0,1082,3518,1082,3518
d8146cb4396d7a3e07e1907222ad7088,b5069cb96bd2e2460696402f1d5e6982,0,398,1357,2841,1357,2443
b2de1bf8d49ecabeef05b60b2c4a8a0b,74cebb212f9dd18c3e6f2d36ea2b6347,1851,691,2800,2880,949,2189
d8146cb4396d7a3e07e1907222ad7088,fa030d3c47ecc437115e87c8ee0fa6b7,1596,0,2800,3518,1204,3518
a825069594c123441dd60e2c923c0232,540606acdcae8f0fccac35c400ed2517,1997,0,2800,2682,803,2682
ff84823721d5396ddf0558a3c95e659d,3ffd0ddb655a71ee916a2b7001e6e5b1,0,664,1173,3518,1173,2854
8e2c14f3e66006854cf234053b589f7b,3ec0796cfd138e7bdbd63674674abdbc,0,434,915,2688,915,2254
ff84823721d5396ddf0558a3c95e659d,f90d9c5b3c032980a35d7bface8e8fd4,1606,0,2800,3518,1194,3518
8e2c14f3e66006854cf234053b589f7b,68e2bda1b80af75b9ea3ccabe95d706a,1680,0,2800,2976,1120,2976
a825069594c123441dd60e2c923c0232,1fd29211cc196169812f1b009ed04afb,1944,602,2800,2573,856,1971
ff84823721d5396ddf0558a3c95e659d,2167f4da549862d60f43782cd38fb8ae,1653,0,2800,3199,1147,3199
a825069594c123441dd60e2c923c0232,8803bab464611c756f02e2549cc345eb,0,0,792,2668,792,2668
8e2c14f3e66006854cf234053b589f7b,1dc52a8c8ea17f983ac3333738fbe5d2,0,0,1060,3101,1060,3101
a825069594c123441dd60e2c923c0232,b9363d770f72f650745f0bc23d0ad610,0,588,823,2765,823,2177
ff84823721d5396ddf0558a3c95e659d,97461d54a78925e4aecd283067b5925e,0,0,1135,3518,1135,3518
8e2c14f3e66006854cf234053b589f7b,7211be0498e8c40960461f2d524816de,1842,471,2800,2671,958,2200
62d3de922e860fa5bba67883926864a5,6f0c77d7149a680a0a8ea790b6acb4f8,0,604,832,2619,832,2015
62d3de922e860fa5bba67883926864a5,163a193319afa5e3bf8fb33a44f1f795,0,0,872,2800,872,2800
89f61a8f95b494e9816d3184b350429f,e373268178ecc0a5b08745546d866780,1571,736,2800,3518,1229,2782
89f61a8f95b494e9816d3184b350429f,b34d0bee8827947c358070d11cab99d6,1626,0,2800,2697,1174,2697
89f61a8f95b494e9816d3184b350429f,70f20c4d95f9c37192129319d0782caa,0,0,1170,2466,1170,2466
89f61a8f95b494e9816d3184b350429f,8cb6abe5bbdc7ad16124df27ef483615,0,890,1144,3031,1144,2141
a7b5624e5caf330baf3cf528283b6528,fb0dc4772ce35b86ebf09db3510df6b4,2032,386,2800,2270,768,1884
c947855a412fcf0fc4e5d31fd49dc38b,7b632a046d09c0e33c8e065cd65c6b71,0,241,781,2812,781,2571
62d3de922e860fa5bba67883926864a5,283a13f9619b6177a7c389ca6685d715,1996,0,2800,2894,804,2894
c947855a412fcf0fc4e5d31fd49dc38b,c2a17760669a893b3e28ac5eac266cf7,1202,0,2012,2296,810,2296
a349d2d02bd900f51fffbd6eaff751e1,d8900b1070de1e4683d003b500d9f8d9,867,0,2012,2723,1145,2723
c947855a412fcf0fc4e5d31fd49dc38b,e5a6d0b284154d01a6adc7830d584445,0,0,1046,2812,1046,2812
c947855a412fcf0fc4e5d31fd49dc38b,862e22b040bf23946e96da765f9871c1,1012,0,2012,2812,1000,2812
a7b5624e5caf330baf3cf528283b6528,9406f8350285b957fde7727d330ec5e7,0,686,875,2712,875,2026
9d70ad38ca008d58d84e003725b16613,75dcd6a9f8c829362d2643dbf2b47824,2044,755,2800,2763,756,2008
a7b5624e5caf330baf3cf528283b6528,7dbe61d952524becdb278bcfe743bec5,1854,0,2800,3518,946,3518
a349d2d02bd900f51fffbd6eaff751e1,0720b1b9e6d0a6d5d859f94f675c2a83,0,211,1138,2812,1138,2601
a349d2d02bd900f51fffbd6eaff751e1,1fb68f123f7af59501a29abd168af3c3,0,0,1137,2812,1137,2812
62d3de922e860fa5bba67883926864a5,c6d548ad2a3585ab49bcbb43f2ca9233,1993,403,2800,2405,807,2002
a7b5624e5caf330baf3cf528283b6528,0823c65e5d1540145a3d452b1dd9d83e,0,0,1003,3518,1003,3518
9d70ad38ca008d58d84e003725b16613,d9c7146b217239d0b833e7204c29d66c,2015,0,2800,2470,785,2470
cd6f446d930c0e96662fb1548cc6658c,fcf5a763a965835db5b94a7592a91180,1586,251,2800,3518,1214,3267
cd6f446d930c0e96662fb1548cc6658c,9b3b64839ddd33b03998db74394674d4,0,465,1206,2876,1206,2411
cd6f446d930c0e96662fb1548cc6658c,ec73c54bd1ee56d7108e2bb411e058ba,1369,0,2800,2864,1431,2864
9d70ad38ca008d58d84e003725b16613,dd6097bc67909e242f1258c3af5b87e3,0,898,788,2821,788,1923
a349d2d02bd900f51fffbd6eaff751e1,18781ed7706f80bc388151979db29025,919,140,2012,2812,1093,2672
5e8ef0211319a28e44a14e617f2f6440,c5177617592a7d0095ba6cf4dd69f85d,1941,0,2800,2900,859,2900
9d70ad38ca008d58d84e003725b16613,e279946a8619274142b9cc8863825345,0,0,882,3518,882,3518
5e8ef0211319a28e44a14e617f2f6440,68dac627b848f54094a344eb471c2865,2016,652,2800,3518,784,2866
cd6f446d930c0e96662fb1548cc6658c,85dc02792389efc2aa68d6f4125893d8,0,0,1405,2667,1405,2667
d90ff5299dccc0956e48d70541372015,630a4bcc3a445fb1b7f3d1bc09880387,2121,547,2800,2407,679,1860
d90ff5299dccc0956e48d70541372015,382bd2c70ecb5068363c2bfdfdf30a4f,2019,0,2800,2545,781,2545
d90ff5299dccc0956e48d70541372015,194521137dd91892e77381371ad90f24,0,617,656,2682,656,2065
d6480d39796febacb60b1b973179c151,897144766e6bd145b358797f251d727e,0,0,1114,3518,1114,3518
c90a23546f3286172f48179db107b06a,ebe48e2fa433c65a7f4c086cde8e3013,0,763,691,2792,691,2029
d6480d39796febacb60b1b973179c151,aab77dee2fc003e33f203ee5519d293e,0,352,1011,2649,1011,2297
5e8ef0211319a28e44a14e617f2f6440,82a55b8923d93ccdaac339900893d6a9,0,0,1117,3518,1117,3518
d90ff5299dccc0956e48d70541372015,ef70516a9ebb8ecc79157f68c667f718,0,0,748,2408,748,2408
5e8ef0211319a28e44a14e617f2f6440,339644ced3ff158b9e601582a010d595,0,685,970,3419,970,2734
c90a23546f3286172f48179db107b06a,ea5264c88c6643c5f9c31777477dd26a,1940,0,2800,3518,860,3518
d6480d39796febacb60b1b973179c151,8e1309e73a22c768fe45c88aa3fd6fd4,1830,269,2800,3310,970,3041
c90a23546f3286172f48179db107b06a,9358f7b44031a2284ed8c0aa662692c8,0,0,810,3289,810,3289
5d857f468c6c05b998b901a57487b29f,5f67dd116b09ee956569040da43a5180,1750,437,2800,3518,1050,3081
5d857f468c6c05b998b901a57487b29f,b48618b5cb107fa4246aa9c904554e4b,0,374,1153,3518,1153,3144
a203d40059299dc4ef59ff47680a4ddc,a4c7e78df96297f26a210cb0a49b3f80,0,588,1127,3518,1127,2930
5d857f468c6c05b998b901a57487b29f,f060e376477eb5dbbd9de2f594f18b23,0,0,1122,3518,1122,3518
5d857f468c6c05b998b901a57487b29f,eea3cdbee3141cf1ef08b1ef159ababb,1679,0,2800,3462,1121,3462
b2fc60fa2496075784def4bd923cfe0f,07539d4e2f1611e5136b19ed2aafda61,1077,188,2012,2338,935,2150
a203d40059299dc4ef59ff47680a4ddc,dba34fe8cb1a32449568d8da90f786cb,0,0,1012,2656,1012,2656
d6480d39796febacb60b1b973179c151,7bf9158992e0ed19faa35b7c05e65a90,1749,0,2800,3518,1051,3518
a203d40059299dc4ef59ff47680a4ddc,64922492a0138b2123a69acc7b0e443b,1843,0,2800,2643,957,2643
b2fc60fa2496075784def4bd923cfe0f,7493a3dc3b0f8951a8f14c32c5a5ee9b,1025,0,2012,2511,987,2511
b2fc60fa2496075784def4bd923cfe0f,cc25937e0c7d313f392ae32c3c6012d5,0,0,986,2812,986,2812
bc219e543ad14e4b8f7ce422165e6499,60e07edc6ed5627d54a5ad4f48cb1604,0,0,763,2227,763,2227
bc219e543ad14e4b8f7ce422165e6499,c3fa3739d6e811c169f98b86ed6d8456,2058,459,2800,2421,742,1962
a203d40059299dc4ef59ff47680a4ddc,2da1d8e03f2f4f1e5627419e75e7e685,1925,259,2800,3341,875,3082
bc219e543ad14e4b8f7ce422165e6499,3acacf5bd516f896f3f39bcac360cc5b,0,553,705,2613,705,2060
218398b63aecbf1cd0aa8301df151f54,8049065e7fb984bc430d25c7844451d8,0,0,856,2331,856,2331
b2fc60fa2496075784def4bd923cfe0f,29bbe2a1a184247ee3326c4b08681a7f,0,166,930,2252,930,2086
218398b63aecbf1cd0aa8301df151f54,c8b30ba7e2b26ca04a82c2a3119dc2df,1927,0,2800,2691,873,2691
c90a23546f3286172f48179db107b06a,b2ff054048b31dd46e6ba0e057d5b3f8,2115,599,2800,2570,685,1971
218398b63aecbf1cd0aa8301df151f54,3a5a2c951e0adf9a7fb36fc98f13ff3e,0,485,871,2458,871,1973
218398b63aecbf1cd0aa8301df151f54,7e182f9fed137f1e0c9de5f403fb5eb9,1930,702,2800,2989,870,2287
bc219e543ad14e4b8f7ce422165e6499,82f90e82563eb7924ef447df3e380611,1989,0,2800,3518,811,3518
ca675640cf4911e739accf86ff6acf97,e00be07326d9f4cbd80d055f57a80c79,0,0,1085,3518,1085,3518
ca675640cf4911e739accf86ff6acf97,78db05f0ab316688a4950daf5b0be5e3,0,288,1042,2460,1042,2172
d5870d37d89d64a5f8b5dbef6c245cef,8b1cc45fb789e66ade890880ae927864,1999,288,2800,2423,801,2135
d5870d37d89d64a5f8b5dbef6c245cef,492257dea04a81b500ce1a39741f4717,1839,0,2800,2598,961,2598
d5870d37d89d64a5f8b5dbef6c245cef,efc0113d1b24cc44f9e0c44bb7175394,0,492,866,2723,866,2231
ca675640cf4911e739accf86ff6acf97,b5e0e140061277a2a8f70127ed182e76,1807,496,2800,2721,993,2225
d415d39327b7fe16b7d63e0f2840f547,d0b93f31d006e8996b33ccb21b2004e6,1104,0,2012,2460,908,2460
d5870d37d89d64a5f8b5dbef6c245cef,1374645a9c8f26d9599bc26d66fd73b4,0,0,928,3518,928,3518
d415d39327b7fe16b7d63e0f2840f547,ba775e5f1427792ae0299ff9921af91c,1277,0,2012,2349,735,2349
501d5892b9d11d7617c175e414d2237a,1b8dd8067466e77f525b73411ed02235,1919,0,2800,2525,881,2525
ca675640cf4911e739accf86ff6acf97,3acdf929ba58ff218406636f5869b053,1733,0,2800,3518,1067,3518
501d5892b9d11d7617c175e414d2237a,4ca002ab0182d41d5125742fee4df949,2007,0,2800,2475,793,2475
501d5892b9d11d7617c175e414d2237a,79ef4005e107a67f9fbedd8a0788312a,0,723,862,2803,862,2080
501d5892b9d11d7617c175e414d2237a,043f8a50170c20d0aaab3810b3941252,0,0,1413,2882,1413,2882
04fb5102b72c3409cfc3b59c7295b425,9bce9606e27529e021cb8847b0486e86,1667,0,2800,2686,1133,2686
94558a465834484919389cc8cea40ef0,fabc21b31c91a6f8b0900a6767d46515,1929,0,2800,2087,871,2087
d415d39327b7fe16b7d63e0f2840f547,e371aca9cbb13737e175bbe1730f6680,0,0,867,2812,867,2812
d415d39327b7fe16b7d63e0f2840f547,6cf8981d66c767abacd40338f2aa91ff,0,0,898,2550,898,2550
04fb5102b72c3409cfc3b59c7295b425,6c4f9c1cb13795c64ada9f1900ee91e0,0,600,1072,2586,1072,1986
04fb5102b72c3409cfc3b59c7295b425,71a48f6b52758e1f921bf91af9dc36ee,0,0,1175,2721,1175,2721
04fb5102b72c3409cfc3b59c7295b425,8ffe962380eb7e9d9e4e765054d70375,1829,349,2800,2430,971,2081
615af8cb8833091f99d866a774b52375,b2a30106b8065dde19d22ac012bdd985,0,0,819,2572,819,2572
9acdd0f05640ff2e4e04d1d8d7869737,c75be3bee32820979fd4d33ef2f0d06d,345,0,2012,2812,1667,2812
615af8cb8833091f99d866a774b52375,9720bda38972af1ce9740ce6c954fa2b,1256,115,2012,2150,756,2035
94558a465834484919389cc8cea40ef0,b5afd0e7eda07b33e4ae37f1a8251c06,0,0,1039,3355,1039,3355
615af8cb8833091f99d866a774b52375,863ce94f9adeef3fec55c0bfd182a8cd,0,202,797,2329,797,2127
9acdd0f05640ff2e4e04d1d8d7869737,d177d06dcfbaf07091e74df19699c25b,0,0,1652,2812,1652,2812
615af8cb8833091f99d866a774b52375,9cddabf02b9eb19d5b730bd0e3db9a7d,1255,0,2012,2139,757,2139
94558a465834484919389cc8cea40ef0,4402f38e880c5d0272cad908125987e9,1892,709,2800,2630,908,1921
9acdd0f05640ff2e4e04d1d8d7869737,c584eed9d453973c9562e41df4ca6c10,0,0,1834,2812,1834,2812
9acdd0f05640ff2e4e04d1d8d7869737,1be8c5ce03cf7a44c5eb0484bde15ce3,373,0,2012,2812,1639,2812
61b2ab1d25c1955b270b55971022231a,a8fdc2e0e8b3e150d7b359635cdf9042,0,150,763,2440,763,2290
61b2ab1d25c1955b270b55971022231a,1a6fc2d6c56e6b1b45d348df8c63c511,1926,0,2800,2794,874,2794
94558a465834484919389cc8cea40ef0,1ddb3b37690c98df094920a905b880ac,0,0,946,2727,946,2727
b5da3d74d3abbace98010590fcdcea9d,d2dd0edb8b0bd28592ce38992ee3d23e,1598,733,2800,3252,1202,2519
61b2ab1d25c1955b270b55971022231a,e0f23bcf8a746448d3357d77218431e9,2069,868,2800,3518,731,2650
b5da3d74d3abbace98010590fcdcea9d,d1cecc5d566a191f064b15cd92ff5e1e,1472,0,2800,3518,1328,3518
b5da3d74d3abbace98010590fcdcea9d,b0e1489c12fc64c71bad5d663f786a8c,0,588,1126,2935,1126,2347
b5da3d74d3abbace98010590fcdcea9d,ae8a242d813012186b0bd0dee3776f2e,0,0,1242,3518,1242,3518
feda66d831bb76c4e9068cdb58312ec9,ab65ac4def4d89325c3ddfeac37df244,0,0,1179,2583,1179,2583
61b2ab1d25c1955b270b55971022231a,d52c776c2f85d5511eb537433fdda19e,0,0,889,3049,889,3049
feda66d831bb76c4e9068cdb58312ec9,cb4c7e0f303a15691db84319f4350463,0,0,1229,2695,1229,2695
feda66d831bb76c4e9068cdb58312ec9,2eaec17cdee3cdb02fa33f81f72e49b8,626,0,2012,2812,1386,2812
ac22279f7c9d97f5812e900165bd1c88,3ef88b51948494c86b491d1ca21ebd31,1905,31,2800,3342,895,3311
03d48cd37adb95a10be406dce2ff5870,550e46e8848101630055d504b197ef00,0,390,854,2521,854,2131
ac22279f7c9d97f5812e900165bd1c88,8e2467c0b183d64e89b2b9ef0d9b3f77,0,294,830,3518,830,3224
ac22279f7c9d97f5812e900165bd1c88,b34f00cc188bf141c6fc63f039e767d6,1865,0,2800,3518,935,3518
feda66d831bb76c4e9068cdb58312ec9,406d5415af601b22385143083e056d39,767,8,2012,2812,1245,2804
03d48cd37adb95a10be406dce2ff5870,0bc2e6d7578bd5818775bb37fed530f6,1876,0,2670,3580,794,3580
03d48cd37adb95a10be406dce2ff5870,c8660c36a7c521dfd493e2d835bbda12,1829,369,2638,2969,809,2600
a70f70e38a631bfe5573db523e874153,c597b51731e4761efe13a8b7d8f13dd6,0,313,863,2504,863,2191
666cbcdf2a9285cc08de105fa3cc674e,63529bd2ee08690639c7c16aad512f96,0,695,487,2324,487,1629
03d48cd37adb95a10be406dce2ff5870,45daa21bfb00d4be698557f232c4c388,0,0,831,3580,831,3580
ac22279f7c9d97f5812e900165bd1c88,55479b73796650e84037e7ce87d283aa,0,0,924,3518,924,3518
a70f70e38a631bfe5573db523e874153,829663f498f00cb81411effbbb4e73d4,0,0,889,3518,889,3518
a70f70e38a631bfe5573db523e874153,d6e17674e47e3f10ac534873c23f6f56,1782,0,2800,3518,1018,3518
666cbcdf2a9285cc08de105fa3cc674e,e1bd1275bc683e3d19ccb5bee1f60fe8,0,0,708,2812,708,2812
666cbcdf2a9285cc08de105fa3cc674e,a6fede86f148bc7ddc414aab17d274c6,1304,0,2012,2812,708,2812
a70f70e38a631bfe5573db523e874153,9d45d4a596d9aad8e6c85ba26e9e8e39,1760,506,2800,2733,1040,2227
666cbcdf2a9285cc08de105fa3cc674e,302b7afcdb4305de515b73fe11012cc9,1535,491,2012,2175,477,1684
2bcf0f39dedf7ad64032b0252bef2245,e075e756c13bf6c837ba982a53c82be7,1131,0,2012,2812,881,2812
40ecd5d8f7e9f7fd4a82606bf8c3e938,3c57085013b1286a69aa3f727335fae5,0,824,704,2788,704,1964
2bcf0f39dedf7ad64032b0252bef2245,f2cea97e63d597e45354bd6d825dc403,1213,143,2012,2198,799,2055
2bcf0f39dedf7ad64032b0252bef2245,45e18f2faf6944c2e203367291ed729b,0,0,882,2812,882,2812
500164e98f15c1e2a3101ef427fe0bdf,2c284da8d61810a98434606ff53f30af,0,0,756,2212,756,2212
40ecd5d8f7e9f7fd4a82606bf8c3e938,9645f095cea288553e67fd7816c9379a,2035,642,2800,2811,765,2169
2bcf0f39dedf7ad64032b0252bef2245,ff18c86822d255f285acc22a747a223a,0,267,891,2421,891,2154
500164e98f15c1e2a3101ef427fe0bdf,2149ff33c1eafe3c54076292da5f3b2c,1227,0,2012,2202,785,2202
40ecd5d8f7e9f7fd4a82606bf8c3e938,1f423aca02fe7cf0c1a4739f32ef5ad6,0,0,978,3518,978,3518
40ecd5d8f7e9f7fd4a82606bf8c3e938,06cc99a00e1b1b7a3af374ddf8f9f07f,1846,0,2800,3207,954,3207
b9a26e6808491c4163f538b00dd7d1c1,b1c449843baccb59c57cd43f08f2879d,1867,0,2800,2657,933,2657
500164e98f15c1e2a3101ef427fe0bdf,036bb050106fefeb23f7841792be7278,0,0,697,2090,697,2090
b9a26e6808491c4163f538b00dd7d1c1,90b14209c68810c016f2e0df704cb0db,0,64,746,2515,746,2451
841ce713d5f348645f808b379367cffb,b2bef156e3b2c8cfdd0c1d024a30648a,0,307,1106,2463,1106,2156
b9a26e6808491c4163f538b00dd7d1c1,928a3edda4fa06dcf7770cea09628948,0,0,845,2901,845,2901
841ce713d5f348645f808b379367cffb,19bc0d55a639f85fa44cfe2042f641a3,1643,0,2800,3067,1157,3067
b1ebcc7f0311c8faf79e4b56e7cc54af,4aabaadd1fb42861ffa03e925774a44d,0,628,767,2751,767,2123
841ce713d5f348645f808b379367cffb,ea4574919f812a411dd7e86d44fe8417,0,0,1232,2883,1232,2883
b1ebcc7f0311c8faf79e4b56e7cc54af,db8de652e6f61b8b96ef3fa2ad2e8485,1909,729,2800,3518,891,2789
b1ebcc7f0311c8faf79e4b56e7cc54af,9217f36779467c1503643b4201bd3944,0,0,858,2677,858,2677
841ce713d5f348645f808b379367cffb,f53a6ca0d41237067adbde80897a17b5,1740,66,2800,2220,1060,2154
b9a26e6808491c4163f538b00dd7d1c1,664c8c619f11bf54c1ed063b507e938b,1888,691,2800,2608,912,1917
500164e98f15c1e2a3101ef427fe0bdf,5caa7375cf3b5055c2e4dd59b67aef4a,1176,0,2012,2349,836,2349
c519974ec0f6a536640dc0a96742d3ad,978cf66906fa549a263a45a8c091cc3f,1277,0,2012,2003,735,2003
f29ebec7968ba96466fa664f28b06bd0,5f6f5f888aa27f5b6092f54012339dfb,667,61,2012,2450,1345,2389
c519974ec0f6a536640dc0a96742d3ad,13cdbde6af493f2b1feb72febacd7f8f,0,382,812,2812,812,2430
c519974ec0f6a536640dc0a96742d3ad,4e76b762ca3c17099a70aa067fba43e0,0,0,889,2812,889,2812
c519974ec0f6a536640dc0a96742d3ad,6f2a72a3ac4d840604ef4ce5ff1aa24d,1191,0,2012,2756,821,2756
f29ebec7968ba96466fa664f28b06bd0,962246163c02c05f85d0aeb1a1d2db61,0,0,1335,2812,1335,2812
f29ebec7968ba96466fa664f28b06bd0,25bd407a475d32a0f524ec76c714ffd6,0,151,1354,2593,1354,2442
f29ebec7968ba96466fa664f28b06bd0,224a206935d9bfce31fe7b072b91fe1f,722,0,2012,2812,1290,2812
8652f3445605e0323d60a4c702cb55a0,6d7e5a7987feabf9b4d53e86b25b7b09,0,0,1067,3518,1067,3518
8caa19db09f6f7dc307c198f15d8456e,8a4020e48a0b4a0e31f03a4844644e0b,1948,454,2800,2676,852,2222
8caa19db09f6f7dc307c198f15d8456e,101f22ad0e1c89c462fbfd21aebc6c5a,0,662,858,2724,858,2062
b62ea31b6bee85de337f98de47e81c9d,b016a29756ecaef85f03fe572b9e8cd5,0,312,1149,2812,1149,2500
c731169675259101e314d73d9e982444,5990d54f07a3d63a2a23f5d3a24a027b,1775,0,2800,3453,1025,3453
b62ea31b6bee85de337f98de47e81c9d,da40a6904ede4869d799383dc04d7246,721,67,2012,2812,1291,2745
8caa19db09f6f7dc307c198f15d8456e,a140bbecbcf3861c90e0db5440c420b0,1832,0,2800,3228,968,3228
c731169675259101e314d73d9e982444,5e13057da76d03f16a4a2e9e26a7dd66,0,697,1014,2889,1014,2192
8652f3445605e0323d60a4c702cb55a0,cfd6b382d5d8e0780b2586185ce454b5,1726,453,2800,3368,1074,2915
b1ebcc7f0311c8faf79e4b56e7cc54af,4c144966cb69884388723c700ae4bd64,1922,0,2800,2604,878,2604
b62ea31b6bee85de337f98de47e81c9d,5990758bbd543ec0f9daa4c2a8b26e2f,0,0,1129,2812,1129,2812
b62ea31b6bee85de337f98de47e81c9d,080cb4294712f164c060aa5765497f56,833,0,2012,2812,1179,2812
5214f4386efcea56014510f1068da2a0,d94c2fd1064df39dc192b032ea4680b7,0,17,1573,2878,1573,2861
10d79dcaa7dbd365a86ae11c18db75a2,31e49aaa5d27f59f6c9b61c38c50a08f,0,0,1018,2353,1018,2353
c731169675259101e314d73d9e982444,f769732dc985d5197ae27f0066461dd8,1714,449,2800,3518,1086,3069
10d79dcaa7dbd365a86ae11c18db75a2,45bdf43087cf24235091c15267f8e609,1843,192,2800,2851,957,2659
5214f4386efcea56014510f1068da2a0,e37792d195d7dc26d0163ee9a8295b1a,1043,0,2800,3186,1757,3186
c731169675259101e314d73d9e982444,a8472717fea3274901241416ac02349e,0,0,973,3518,973,3518
10d79dcaa7dbd365a86ae11c18db75a2,1e414f1c22a56191e2b9d6bb047f99a3,1749,0,2800,2522,1051,2522
99c80da6a0a4eaf011e3c132396af996,4aa18cdad9ceaa85da66f9910754fa1d,0,0,803,2487,803,2487
8652f3445605e0323d60a4c702cb55a0,1d6eb50d71f48fece132d6ede39eef81,0,382,999,2564,999,2182
5214f4386efcea56014510f1068da2a0,847d82f41872e77590bb7cde05a60fcd,1108,46,2800,3518,1692,3472
99c80da6a0a4eaf011e3c132396af996,561019121242a589c3cba7e98613747f,0,791,786,3518,786,2727
fe834e2260485c6cbed4cade46f02795,eb64ab293f964ef9e695a5e39c5694cd,1038,0,2012,2357,974,2357
8c22bcca544675e31056b1b42eae6fc8,424bb8b66e15073c4dfe5a9237c4e468,2003,529,2800,2578,797,2049
5214f4386efcea56014510f1068da2a0,a174d89b693a312179e17b6a35339e87,0,0,1627,3518,1627,3518
eadd4f1eb52554824bb189886128f562,986930ce4059ba9d5576c092d237205f,1834,0,2800,2723,966,2723
10d79dcaa7dbd365a86ae11c18db75a2,dded23ef24ef4299e584f6852db2fc6e,0,331,966,2843,966,2512
8c22bcca544675e31056b1b42eae6fc8,cb8a1511a7304eb3a4f612cc9fcb35e2,0,0,1064,3212,1064,3212
eadd4f1eb52554824bb189886128f562,bb153b8036e8257690c67884ba19e7b5,0,0,1075,2502,1075,2502
8c22bcca544675e31056b1b42eae6fc8,2e3ebac56550309c30e95dfc4200b4a5,0,603,872,2589,872,1986
f7622d8e8b9860d13a68525a2c03b60d,de3bf301ea80e641bc5fdd74ac892258,2133,512,2800,2634,667,2122
eadd4f1eb52554824bb189886128f562,4d73cad9e362997fd78729f93d1d38f4,1865,675,2800,2584,935,1909
f7622d8e8b9860d13a68525a2c03b60d,a481b4cacde131bc9ce6281873ba4ae8,1939,0,2800,2508,861,2508
a397d0ea5505295b7fae292d3ca5c5ab,b840eeae0d7c71bc69cb62f465e6862b,0,526,846,3518,846,2992
8652f3445605e0323d60a4c702cb55a0,001fb1c119340b6ae228f4ff68f9ac15,1690,0,2800,3274,1110,3274
f7622d8e8b9860d13a68525a2c03b60d,f2181cd034ec5e1eab719ca491cd8371,0,658,719,2903,719,2245
a397d0ea5505295b7fae292d3ca5c5ab,dffe5a1bccf57b78fb75d1dcde6d91ee,1962,0,2800,2556,838,2556
eadd4f1eb52554824bb189886128f562,fbbc99fe19bbe55601f5c54aa4564e3f,0,516,1012,2506,1012,1990
a397d0ea5505295b7fae292d3ca5c5ab,a850fcbb4e7c8d05aad2e9db8e38e31a,1890,441,2800,2572,910,2131
99c80da6a0a4eaf011e3c132396af996,43b5293dc7c84bd3e87a8e5574bad6ea,2085,514,2800,2299,715,1785
fe834e2260485c6cbed4cade46f02795,eeec1e77a46d3988b4b5f019a02f95a7,0,0,1113,2454,1113,2454
f7622d8e8b9860d13a68525a2c03b60d,a4801e5625c654ccec11179d68162b90,0,0,834,2674,834,2674
fe834e2260485c6cbed4cade46f02795,420bacd988d34949be7833547dbbbfdc,0,253,1069,2596,1069,2343
20bd4110f46e0a2579a554743f51f173,9e71300fa8274ba95ca959fd721316ef,0,842,606,2858,606,2016
a397d0ea5505295b7fae292d3ca5c5ab,285a6980d2a751cc10a89ccadadc63c0,0,0,822,3518,822,3518
20bd4110f46e0a2579a554743f51f173,5aeab21edc0439e116d876e4647a840c,1987,0,2800,3518,813,3518
20bd4110f46e0a2579a554743f51f173,a2801db53a5c67cda048dc177655f580,0,0,802,3518,802,3518
20bd4110f46e0a2579a554743f51f173,7d642cca9647103a993d4b3f9e6be393,2170,508,2800,2428,630,1920
50129a8ff292505f9adb03115da9b4fa,c30ef31f5f04e849c23701945b63c4b2,1862,0,2800,3420,938,3420
50129a8ff292505f9adb03115da9b4fa,ca5fbd82d9df5ad07f7c0b6db99772ff,0,0,763,2810,763,2810
50129a8ff292505f9adb03115da9b4fa,2de1a85db7f788f9f88d69cecf29c82e,1956,231,2800,2357,844,2126
99c80da6a0a4eaf011e3c132396af996,af9db9bf2c660828941d252fbc78258e,2045,0,2800,3038,755,3038
8caa19db09f6f7dc307c198f15d8456e,c3627781844c7bccc707be656e6bcc07,0,0,915,3057,915,3057
45e992b35b6d677d9ce696f1769367ec,d20460a1d8ba6372d20867ccc089d5af,1738,0,2800,3518,1062,3518
da43e50df38c96d992f6479af26c1188,e0f294362846b8403b753f6d4431f878,0,466,757,3517,757,3051
50129a8ff292505f9adb03115da9b4fa,94f799a26f0b522453876f4ddbad03ca,0,0,820,2590,820,2590
da43e50df38c96d992f6479af26c1188,7cc585bcc8cacedd09604fef4991494d,0,0,888,3427,888,3427
02e1775e7ecc149f6ccdf18d71eb53e0,15a93ea3720017c79e7c65691a9f4b6d,0,630,942,2821,942,2191
45e992b35b6d677d9ce696f1769367ec,d61b39c7b9c411ee0b8a2b45d3ad5d08,0,0,1126,3006,1126,3006
02e1775e7ecc149f6ccdf18d71eb53e0,da9a2205fed8e930719f15b94cc1f76f,1875,368,2800,2444,925,2076
45e992b35b6d677d9ce696f1769367ec,c6a0c8e26585a5a07e5f9538adc46ebe,0,574,973,3518,973,2944
45e992b35b6d677d9ce696f1769367ec,26b447a9cadbf99a1e11f7456fb63efb,1873,486,2800,2640,927,2154
a08e21dadbb80f74884fc0bc1a0e4fc6,254aa4835fbfe20a5be12c529c8d1d27,2021,0,2800,3518,779,3518
da43e50df38c96d992f6479af26c1188,18c840605f251528589fb6d41a131863,1928,456,2800,2513,872,2057
a08e21dadbb80f74884fc0bc1a0e4fc6,ff334c56dd492efc0651196adb76a38f,2084,344,2800,2377,716,2033
02e1775e7ecc149f6ccdf18d71eb53e0,d81c908999eb30e5105abb4639090cc7,0,0,838,2895,838,2895
0ac8b6988e7443dc5e45d601a2f813f1,e80f98bcc0164a845afb3a752987e45f,0,564,983,2739,983,2175
0ac8b6988e7443dc5e45d601a2f813f1,f3711f016588cb28c893cc65cf1efcdf,1781,0,2800,3518,1019,3518
da43e50df38c96d992f6479af26c1188,49afc5441ae6831f99440ff9cd70b7f9,1794,0,2800,2275,1006,2275
f97518e26ac88ddd97195cd846989ff5,1d9399b114a083f9fb612a71dc35d6b8,0,336,1009,2666,1009,2330
f97518e26ac88ddd97195cd846989ff5,a48ef47476f78a75e67c6766d4cfff36,1067,233,2012,2557,945,2324
0ac8b6988e7443dc5e45d601a2f813f1,b5dd38ab5b600ce41e1afafe67f56b3c,1925,792,2800,2920,875,2128
0ac8b6988e7443dc5e45d601a2f813f1,49cb7bf14bb9809bb7ce7826d4a226b5,0,0,950,3518,950,3518
a08e21dadbb80f74884fc0bc1a0e4fc6,9602a695d01896095bd034837baf13eb,0,880,798,2929,798,2049
d4ec96eb2128aed8164f3228f943cdb9,5444b61ead16e906d362bf57fd92ba93,2152,673,2800,2336,648,1663
d4ec96eb2128aed8164f3228f943cdb9,a0645f1484877e10a378ac08b3cbab5f,0,0,702,2343,702,2343
4b96489938b00561d05e826818177d93,f59f4d72068cc6643649af127add3cbe,1999,0,2800,2944,801,2944
a08e21dadbb80f74884fc0bc1a0e4fc6,e7d321411d5dba0d2ff5219e6912f570,0,0,875,3096,875,3096
fcb5624cfda4302409f9119e70d4d0bf,09f781a53f770444d4efb1fb3d3a9856,0,481,1009,2726,1009,2245
fcb5624cfda4302409f9119e70d4d0bf,570ea898f480d215614125df5ee26398,0,0,1054,2934,1054,2934
4b96489938b00561d05e826818177d93,6804855555f8f31baa103a705725b3a4,0,684,708,2686,708,2002
02e1775e7ecc149f6ccdf18d71eb53e0,cdc4e2dcd689d61ddcbf15696a85c3bf,1893,0,2800,3518,907,3518
d4ec96eb2128aed8164f3228f943cdb9,2b0018a6a825025bcd559a3ea4a12b1d,0,762,670,2371,670,1609
fcb5624cfda4302409f9119e70d4d0bf,72be54f971a88339db7af0beb1be657c,1677,113,2800,2609,1123,2496
4b96489938b00561d05e826818177d93,caf683924fb250187774f61b1615b620,0,0,883,3104,883,3104
d4ec96eb2128aed8164f3228f943cdb9,6e189bfe899f3a7dbd8455df0823d0b3,2094,0,2800,2562,706,2562
f97518e26ac88ddd97195cd846989ff5,95f2fb9009d28266ca7e77eb2f50344b,1030,0,2012,2812,982,2812
efedb7b0555ccfcf576d26ada43c20bc,858cdbbb64e0ce1e5b29b3baa67ba329,1789,151,2800,2419,1011,2268
fe834e2260485c6cbed4cade46f02795,51c5f16e9cdbd0953aaf1dbd706cc0e9,1036,0,2012,2289,976,2289
efedb7b0555ccfcf576d26ada43c20bc,563da91801fb12a15b4f9e1bb96fb19f,1916,0,2800,2337,884,2337
efedb7b0555ccfcf576d26ada43c20bc,27b3ee3400648e28f802f23bcec56717,0,204,857,2349,857,2145
c29fef34f4e5bfc19c9bc03a9b8f9c9e,5f6fa085427b864113f409c121c5ce66,1990,724,2800,3518,810,2794
c29fef34f4e5bfc19c9bc03a9b8f9c9e,e41be985ad2408b77b6dfeca2ac65022,0,302,801,2499,801,2197
c29fef34f4e5bfc19c9bc03a9b8f9c9e,634fee7a1c977856329dc85f6f6b455a,1948,0,2800,3454,852,3454
4b96489938b00561d05e826818177d93,22179c3c3c64a4753ff99f476bff95a2,2145,483,2800,2463,655,1980
f97518e26ac88ddd97195cd846989ff5,a395b6d36b803ef6866f7aecb66f85e2,0,0,967,2812,967,2812
c29fef34f4e5bfc19c9bc03a9b8f9c9e,c6f89cf5aaddd63a6d5d248f331d2a09,0,0,749,3518,749,3518
efedb7b0555ccfcf576d26ada43c20bc,3dfdaec49056391792f115d6c4b4f567,0,0,837,2324,837,2324
32d513f354899dcc3721acb65cc552be,2c2eac9a7f47554e08e53829a20b0be3,0,664,598,3518,598,2854
116986e0abf216d03412d73d74bfe180,339f478e8fa30bbaa3ed1614994f76bb,0,531,848,2735,848,2204
116986e0abf216d03412d73d74bfe180,27813a0dacb669e5a530b83c60f5b17b,1941,552,2800,3518,859,2966
8c22bcca544675e31056b1b42eae6fc8,463b8658014084c18b0785b98ce1ce41,1961,0,2800,2887,839,2887
32d513f354899dcc3721acb65cc552be,cbcaabb2fd5e93c2529b02ea412d1e01,1972,0,2800,2913,828,2913
32d513f354899dcc3721acb65cc552be,9a8a6e1eb0896e030f1e0d2bee73c27f,0,0,814,3518,814,3518
fd4a104a04d515610c7b838d630864ac,efc7a698df1d71c2771244e7517622b3,1645,339,2800,2635,1155,2296
4c63eb0489d9f95ec55fabc8e9e3577d,10731901b2dce8c220d7b729055c22bf,0,0,915,2812,915,2812
4c63eb0489d9f95ec55fabc8e9e3577d,28f263d6781b34be59d96159bf7b8204,0,130,851,2812,851,2682
32d513f354899dcc3721acb65cc552be,aeda04d1de286614e0e4b02a55af68bb,2120,727,2800,2505,680,1778
116986e0abf216d03412d73d74bfe180,d462f61fbfa5a527682c109e7aa1df28,1928,0,2800,3518,872,3518
9e85244dd642522aa2e737a53b625888,5c9f31e9ab47e2efb432f74c49eec986,0,0,990,2382,990,2382
4c63eb0489d9f95ec55fabc8e9e3577d,31650df5451bd210c86dd25e583807f5,1126,0,2012,2812,886,2812
2a5e87c16ec1acd270523b3d58a3b7b5,5db84f666975892164c27fd0dbb72474,0,128,781,2497,781,2369
116986e0abf216d03412d73d74bfe180,f16b15a1d5894073cc53a72ba7b21199,0,0,806,3518,806,3518
9e85244dd642522aa2e737a53b625888,80c384ae2ac8168634f16b288771778c,1093,215,2012,2294,919,2079
4c63eb0489d9f95ec55fabc8e9e3577d,b2b4de4730bf66974747f61837578b1b,927,0,2012,2812,1085,2812
2a5e87c16ec1acd270523b3d58a3b7b5,3cecbcaec42eedb43d44a94ddd568b61,1091,0,2012,2696,921,2696
2a5e87c16ec1acd270523b3d58a3b7b5,fd7e315dffcec6a37d11ca730eafd9e2,0,0,903,2812,903,2812
2a5e87c16ec1acd270523b3d58a3b7b5,b8a525b1763811c728679d00f8d2de13,1205,42,2012,2601,807,2559
d4eae45ee8c6f0c16e8e1295119492ed,2f12b809c059ec503a2e5164dd32e80d,0,617,844,2441,844,1824
fd4a104a04d515610c7b838d630864ac,2b9c29fb2fb40712d2d7d8768a36cf0c,1557,0,2800,2978,1243,2978
9e85244dd642522aa2e737a53b625888,a73255c9ed345be09bf50c3e73bfc7bf,0,0,1001,2812,1001,2812
b1547727448666cfa7e4ff36752b23a5,cd605d5014bb17fae91d43c8be1e465f,1796,0,2800,2900,1004,2900
fd4a104a04d515610c7b838d630864ac,d82fe60daaa7938bdb542e2d81110416,0,417,1191,2637,1191,2220
d4eae45ee8c6f0c16e8e1295119492ed,6e9435128aefbd0e341204758b48bd5c,0,0,884,2459,884,2459
d4eae45ee8c6f0c16e8e1295119492ed,dcddd9b978cf7d52f26d30deb7fc1d7c,2027,697,2800,2545,773,1848
b1547727448666cfa7e4ff36752b23a5,cc4346a34705049939bcb22c2d62c737,1728,625,2800,3518,1072,2893
27309578d34f14fcf971cbbf1fd2e166,074582e428b302863937289bbcd0c40d,0,0,787,2508,787,2508
27309578d34f14fcf971cbbf1fd2e166,44b9bf289b8911077139c08f32019723,0,399,663,2474,663,2075
76bc758d99f6f0b3df5d7fcc7d87d342,876ada1c50d57e34cf53890c336330fe,2151,772,2800,2666,649,1894
9e85244dd642522aa2e737a53b625888,bcf471f756c22053320d99d3350b5687,1021,0,2012,2812,991,2812
27309578d34f14fcf971cbbf1fd2e166,19ce9e3e9b0dd2c1a79ae6a9a3ac3a1e,2124,297,2800,2526,676,2229
76bc758d99f6f0b3df5d7fcc7d87d342,b8fb4a9317975721fd5111ce49fcca81,0,847,656,2857,656,2010
4d0b1fc5515ae4cf3a4d3f4a5d369448,d0010743abe0477576569257613b6757,0,318,835,2565,835,2247
112accee625e15fe60e48dd52afdbbcb,e2dfa8e5c2b50091ffbdb20dff13cd01,0,0,1178,2812,1178,2812
76bc758d99f6f0b3df5d7fcc7d87d342,dbc910a39a5a97b4114a900a24c85fba,0,0,755,3518,755,3518
4d0b1fc5515ae4cf3a4d3f4a5d369448,003691be91c73cc472827c30d8358a46,1980,0,2800,3518,820,3518
112accee625e15fe60e48dd52afdbbcb,cb76373af323acba87a742770fc4827d,721,205,2012,2438,1291,2233
112accee625e15fe60e48dd52afdbbcb,855cb8cc8506fc3be0123848dbea94b0,0,0,1296,2812,1296,2812
4d0b1fc5515ae4cf3a4d3f4a5d369448,55fb67faab5c7b061446156726bf87a3,0,0,849,2525,849,2525
76bc758d99f6f0b3df5d7fcc7d87d342,d13dace223c347001e5d191e663a1ab9,2008,0,2800,2968,792,2968
d4eae45ee8c6f0c16e8e1295119492ed,489501f94f3d06f0de7d66289106a797,1990,0,2800,3007,810,3007
b24cfc1f9da1544b8c0b0d6821047f21,43832d851662d7c238bddb2e2c9961a1,1824,0,2800,2809,976,2809
27309578d34f14fcf971cbbf1fd2e166,254a612d9afa0e0057785931d9e21e4e,1800,0,2800,2617,1000,2617
fcb5624cfda4302409f9119e70d4d0bf,ae69900ea8cee8c2194172503cf57285,1619,0,2800,2907,1181,2907
b24cfc1f9da1544b8c0b0d6821047f21,d50d4b84e1ebdf1f17d480475b298a9b,0,730,951,2785,951,2055
fbd1e94c3b69e9ebd6e768abd9db798a,532227ae347e0c45d782f91df9e45897,2035,199,2800,2647,765,2448
fbd1e94c3b69e9ebd6e768abd9db798a,6e249e53808a388cadb9d6909a8bd087,1856,0,2800,2983,944,2983
112accee625e15fe60e48dd52afdbbcb,20ac518bf6370bc7c2b1adcf7377def8,684,0,2012,2795,1328,2795
b24cfc1f9da1544b8c0b0d6821047f21,a7b65cc664290ef4f3cb962761a76211,0,0,1252,2768,1252,2768
b1547727448666cfa7e4ff36752b23a5,11d9b8ef7f01397dda15eb3609c616a7,0,360,974,2660,974,2300
4d0b1fc5515ae4cf3a4d3f4a5d369448,1dd5de83cbd3a6d7a9dcdbe3ecfc3d44,2085,414,2800,2465,715,2051
4858bdc35de6bf7ba950d23239993c1b,c2e9e3dd846649e5f222c04f61bebb54,1642,461,2800,3518,1158,3057
4858bdc35de6bf7ba950d23239993c1b,83cf01625e090cfe21a2464a6a94ebdf,0,383,1019,2785,1019,2402
8aed79849a698f4fe8cc447d03d79d7a,20c54f5fe6528b93c9a1eeda9f26f181,0,488,834,2546,834,2058
8aed79849a698f4fe8cc447d03d79d7a,2d1bfaed67721df558e07777c4635ea6,2065,340,2800,2242,735,1902
8aed79849a698f4fe8cc447d03d79d7a,71fe5dc1dd8fe1275e51a371d4596f8b,2027,0,2800,3146,773,3146
8aed79849a698f4fe8cc447d03d79d7a,5a558dfef375b691c39aff3f947e9e97,0,0,874,2719,874,2719
4858bdc35de6bf7ba950d23239993c1b,bf48a4ef8cc6f5b461b4ff6ddfe88e37,1811,0,2800,3518,989,3518
3929d99b98a4c6f81d62813528e3c55b,770dcb3ed632959c459f51a11ffd21d2,1900,0,2800,2561,900,2561
51f614382e91ce3e6edafaf314174968,6a3aae46f82d6777eb5655f3683f7418,0,0,1082,3518,1082,3518
51f614382e91ce3e6edafaf314174968,cfd888f6127255db9305da6cb762bcee,0,440,793,3518,793,3078
3929d99b98a4c6f81d62813528e3c55b,a0a834a786cbb71355ad147d26556981,1734,0,2800,3518,1066,3518
3929d99b98a4c6f81d62813528e3c55b,c188b543736a2b32ace4c1227c2fa128,0,688,812,2956,812,2268
b1547727448666cfa7e4ff36752b23a5,8e68b970bcf8ec15c3a58cc308fc78f4,0,0,974,3518,974,3518
14995f5b736c94f453a4e229bb94f9d2,92678f125a919e92bffd24e3279729b8,2037,661,2800,2652,763,1991
4a2959431297c8c642d336969be55383,8789b4549913abb97a6b4513785f9612,0,0,1312,3117,1312,3117
a175b4a213db760d1ed214248fb5a84c,7aa0855c72516bd67701a068e85f6177,0,0,790,2682,790,2682
a175b4a213db760d1ed214248fb5a84c,979ecff1bf95e343be41319557b67a6b,0,508,845,2502,845,1994
51f614382e91ce3e6edafaf314174968,9549c81e35ffe115e7757601d5bd20b6,1998,211,2800,2888,802,2677
51f614382e91ce3e6edafaf314174968,189ac2d15c6853c28cde351e90de2690,1829,0,2800,3518,971,3518
d539fcf54d3a20362f11a47d5b2e0cd0,c8ea81f44f3b81ff5ea3c33bca2db296,0,0,1055,2812,1055,2812
4a2959431297c8c642d336969be55383,6f8c0d2f0108e1b6fb448736c60eef49,1390,0,2800,2507,1410,2507
4858bdc35de6bf7ba950d23239993c1b,af08f1df83824337729ba21f8edac891,0,0,970,2730,970,2730
14995f5b736c94f453a4e229bb94f9d2,401bcec63d7b6e77a0428b75b0e21612,0,0,808,3518,808,3518
14995f5b736c94f453a4e229bb94f9d2,c34e63e4f8053355f8257ef4c48ba551,2021,0,2800,3518,779,3518
4a2959431297c8c642d336969be55383,0f3e89585e30dd709fbf9cc53458383b,1383,0,2800,3363,1417,3363
a175b4a213db760d1ed214248fb5a84c,edb98b865150c744764fc819bbd371b3,2027,0,2800,2639,773,2639
a175b4a213db760d1ed214248fb5a84c,4eb714f2465f16636225ad68afd46765,2073,546,2800,2333,727,1787
b24cfc1f9da1544b8c0b0d6821047f21,6eda4151aea6cd1d1b75431733bcc2fb,1798,607,2800,2785,1002,2178
3929d99b98a4c6f81d62813528e3c55b,b784223233b004b96e48abef55a01629,0,0,981,3518,981,3518
14995f5b736c94f453a4e229bb94f9d2,aac7d628cd94f7ffb1405b891c7ad47f,0,659,769,2636,769,1977
fbd1e94c3b69e9ebd6e768abd9db798a,01acc66739b4f7ea44a1d50db915a900,0,0,1249,3518,1249,3518
4a2959431297c8c642d336969be55383,0c80e8c6df8c2a35863e6a87cd2e3c56,0,0,1274,3518,1274,3518
d539fcf54d3a20362f11a47d5b2e0cd0,e1f7f81388214e360ac989ff48e340d3,0,55,890,2276,890,2221
d539fcf54d3a20362f11a47d5b2e0cd0,6fa1786279e64980d80a34a88722836c,903,0,2012,2812,1109,2812
07d6c93ac36decfbfbeaf1e9bff1cc9f,9f9ffcf9477644890f7228399dbb4b36,0,0,857,2562,857,2562
d539fcf54d3a20362f11a47d5b2e0cd0,59770d169a397c02181f2bf9566d7447,1071,389,2012,2688,941,2299
fbd1e94c3b69e9ebd6e768abd9db798a,49afb96011260a2da84fa34ffe71f256,0,323,867,2750,867,2427
07d6c93ac36decfbfbeaf1e9bff1cc9f,bfe060b78782aee3a9b2bf65e6217bbb,1193,0,2012,2299,819,2299
07d6c93ac36decfbfbeaf1e9bff1cc9f,977fcb7a31938463a13f9f5527a4f979,0,0,895,2812,895,2812
07d6c93ac36decfbfbeaf1e9bff1cc9f,335197c5a5d0d634b597f54f68768f9b,1112,0,2012,2812,900,2812
36a2ba530766080e3fe109f953ab728a,8016531d1234959287bb21b0bc59c3b4,911,0,2012,2812,1101,2812
36a2ba530766080e3fe109f953ab728a,08bd61dc46eefdfa6881d019e7103ff1,0,0,1105,2812,1105,2812
fd4a104a04d515610c7b838d630864ac,d2159d9235be253599737f0bb9f91a89,0,0,1367,2956,1367,2956
b7c945cdde52ceaeeac14a5997b3130a,1722096fa86180c4bafb55418856da4f,0,326,931,2466,931,2140
b7c945cdde52ceaeeac14a5997b3130a,3d2e8f3e486ca117934ff995af98e384,1773,0,2800,2611,1027,2611
b7c945cdde52ceaeeac14a5997b3130a,d69b1360862662215d95e105ba98b9e8,1804,153,2800,2282,996,2129
36a2ba530766080e3fe109f953ab728a,e2aca61cf3e17f8dc6776c9a7c028564,900,0,2012,2615,1112,2615
d4be0037864622b69d48eff4c93e12e1,7e2671dc73097aa46c7e8b443a67cf1c,0,0,777,3518,777,3518
9e9a862e4bd4eac2a5293ed43a363e07,cae55c01fc9cb83abd8212e1a29b8137,0,446,1103,2351,1103,1905
d4be0037864622b69d48eff4c93e12e1,32e6ac1045ed2226c38a5127e96be021,2173,371,2800,2203,627,1832
d4be0037864622b69d48eff4c93e12e1,29a1a7290abefc45e263c02f7eb3bb91,0,158,736,2183,736,2025
d4be0037864622b69d48eff4c93e12e1,34995a9221e6683ca77197e6c0a84703,2066,0,2800,3508,734,3508
36a2ba530766080e3fe109f953ab728a,bce2b7c45b1f6b1c22813a2e5ecea319,0,0,1139,2812,1139,2812
9e9a862e4bd4eac2a5293ed43a363e07,e310037d01879b710fa9e6b9210ab09d,0,0,942,2154,942,2154
9e9a862e4bd4eac2a5293ed43a363e07,48b6ca446c391123972652fb58360c03,971,466,2012,2300,1041,1834
d2629a64130ff3a4bf7df99096c216b3,1cfce5e421e470ee769d7bb32aa29764,0,322,1110,2333,1110,2011
fbfb4853334d90ff774ef326b8ac107b,5173f7390a4426b1d2ff13dc1db4111a,0,240,1076,2812,1076,2572
fbfb4853334d90ff774ef326b8ac107b,c351143f961c6f715f5cea7e5dfe1367,1868,353,2812,2781,944,2428
9e9a862e4bd4eac2a5293ed43a363e07,ff194b96084e3398669bb8fd720b4d4c,1023,0,2012,2098,989,2098
d2629a64130ff3a4bf7df99096c216b3,eb6650699967a3a3838b3beba3db917d,0,0,1123,2812,1123,2812
d2629a64130ff3a4bf7df99096c216b3,516783095ad3c9d109c9da98c792cfbf,969,42,2012,2085,1043,2043
33b8f87d3dde7de79f1d6253d33bb235,3631f3970d8dd637e1cf582f2060fdce,0,503,1095,2812,1095,2309
1e0bbc607c15c59cb3a5d711ac2ef287,39edb585cfd3637151155255016d00b8,0,351,890,2432,890,2081
33b8f87d3dde7de79f1d6253d33bb235,492ba7e6e329e51db043c86ce302b8a8,902,0,2012,2812,1110,2812
b7c945cdde52ceaeeac14a5997b3130a,1be96d904e48022b2cb455e3b587e180,0,0,1034,2971,1034,2971
33b8f87d3dde7de79f1d6253d33bb235,6f5fb90cdd2b85c40db91f18a18edc78,941,0,2012,2812,1071,2812
1e0bbc607c15c59cb3a5d711ac2ef287,12013116642c31efff553d58e7550071,0,0,848,2544,848,2544
d2629a64130ff3a4bf7df99096c216b3,d2708b0531b9238fbc4613be52394235,923,0,2012,2812,1089,2812
1e0bbc607c15c59cb3a5d711ac2ef287,e400b0e9d231a6e74657d36214f39149,1892,0,2800,2873,908,2873
fbfb4853334d90ff774ef326b8ac107b,ff6716b4004598670fa72d8cefea454c,0,0,1108,2715,1108,2715
115666dcca5a3ecb52368efc61da2578,4470a859b45232ce2d0865e358d3aa72,1875,357,2800,3518,925,3161
115666dcca5a3ecb52368efc61da2578,162908641d0d783855f67d93c64ec900,0,0,1048,3518,1048,3518
33b8f87d3dde7de79f1d6253d33bb235,82447e23ecca920582902149e966b3b6,0,0,1067,2793,1067,2793
1e0bbc607c15c59cb3a5d711ac2ef287,be7bc459c25244c32f0f7f1818ea2f85,1860,429,2800,2437,940,2008
115666dcca5a3ecb52368efc61da2578,f2ff7a9e07ffbc48080ecbaa2bf37472,1800,0,2800,3518,1000,3518
07a0dbae70b94afb01313eeeeaaef9ac,6d90008f318d777c48972e3c72c83f9c,0,461,700,2354,700,1893
115666dcca5a3ecb52368efc61da2578,e9136e59d32433a6803d72c8c97fe513,0,507,956,3224,956,2717
07a0dbae70b94afb01313eeeeaaef9ac,e75b13e70765be690aebbd6ea87db9db,0,0,781,3518,781,3518
fbfb4853334d90ff774ef326b8ac107b,10775ec898f32eddf7bcd081b707ad38,1780,0,2812,2694,1032,2694
07a0dbae70b94afb01313eeeeaaef9ac,726355704c0328a581f9182fee4d198f,2198,0,2800,2019,602,2019
c79e16f69c355bad0291d281d674f53b,cf3691202e3861785bf6ff11c39a58e7,0,0,1170,3518,1170,3518
c79e16f69c355bad0291d281d674f53b,f90ec8e52522a65d1c0c9f999837cc6c,1799,622,2800,2943,1001,2321
c6ad103e6dbcb8e0fefb5ea08bf426cc,f0f93e6c2adad0c4c102e73281fdece4,1607,523,2800,3518,1193,2995
07a0dbae70b94afb01313eeeeaaef9ac,21a78229489f5b35b0b037f678a5cac4,2030,0,2800,2757,770,2757
c79e16f69c355bad0291d281d674f53b,8303a5a2d4a14f880d758dee719f82a7,0,70,1220,3518,1220,3448
c79e16f69c355bad0291d281d674f53b,064f024583e9c1a7f0152f50aac1d16d,1670,0,2800,3252,1130,3252
e6c91b9046c174a1f8b64c898d0d4c6a,25fb04f88e0b84d6577942784a69f8ce,997,114,2012,2812,1015,2698
c6ad103e6dbcb8e0fefb5ea08bf426cc,ff343353cb7d8e629e228620ca3fa99b,0,389,1080,2890,1080,2501
e6c91b9046c174a1f8b64c898d0d4c6a,c47e7e8a9c79c55c5dda647734270c57,855,0,2012,2749,1157,2749
07f640ff68bb70dba6b7e6dc4fa7f635,46a6711a539aa806eaa1986f5b0d1139,1761,759,2800,2725,1039,1966
e6c91b9046c174a1f8b64c898d0d4c6a,dc657f115ee077ac995502836cadd970,0,352,983,2812,983,2460
f944ab6f92567589e4f14e0becc090de,9f1c3ab699b6ba01daf17cce1bac7085,1100,136,2012,2812,912,2676
f944ab6f92567589e4f14e0becc090de,8ce72142b17bcb9b03bee2e12d02aff7,0,168,915,2466,915,2298
c6ad103e6dbcb8e0fefb5ea08bf426cc,648114ac50282aa154a44f8e068256e4,0,0,1272,3518,1272,3518
e6c91b9046c174a1f8b64c898d0d4c6a,22e147770f67474152fe513ba1a32cb5,0,0,1155,2812,1155,2812
07f640ff68bb70dba6b7e6dc4fa7f635,6a68f463f7ac3e553240ada4f61c80e0,0,63,988,2776,988,2713
9d53e2b08d3010df56de71a8052f5880,65c83f245c1ec8d14d2715693b77f49f,0,567,796,2617,796,2050
9d53e2b08d3010df56de71a8052f5880,0d4df6c31baaef81ffee29198b2e9443,1917,867,2800,3518,883,2651
c6ad103e6dbcb8e0fefb5ea08bf426cc,4aca9b583cd5e42f12c71ecb0d184673,1490,0,2800,3518,1310,3518
f944ab6f92567589e4f14e0becc090de,1f360ecea80d93d9f6dcc502c7159c35,0,0,998,2812,998,2812
9d53e2b08d3010df56de71a8052f5880,56a291bdfa56326747b4285c93f229e0,0,0,812,2879,812,2879
6ec9e5612f4f982ee843befc2851e01b,540ba208837aa7decea12f1bf2bc2094,0,321,1147,3518,1147,3197
f258d7e7d02b51b23f92cf40ef387e89,46b2f5f885b3164cfeffa5d5a4d8cf87,0,27,447,2511,447,2484
62dcc88ccbaaf23644de7c452527e278,d4004706d6bd1a5de64147bccbe986b9,1849,528,2800,2803,951,2275
6ec9e5612f4f982ee843befc2851e01b,a773dc4ef5898154fb996f1ae3f6c831,1589,209,2800,3367,1211,3158
32cf66cd5b976900e8055b79548fcc8d,d6fb3becb2057b4652720ee1dd80dcb2,0,255,865,2328,865,2073
6ec9e5612f4f982ee843befc2851e01b,02e8a3a33d01acd45a9cf13790ea0324,1541,0,2800,3172,1259,3172
62dcc88ccbaaf23644de7c452527e278,a6c6d8fcc4d4b83b5c053056ddb7eb4b,0,490,857,2641,857,2151
62dcc88ccbaaf23644de7c452527e278,e15c0798f4440a4d4a329e4457424283,0,0,979,3518,979,3518
f258d7e7d02b51b23f92cf40ef387e89,a3df0185f51cf27b2d6eba8770fd95e0,2060,0,2800,3518,740,3518
07f640ff68bb70dba6b7e6dc4fa7f635,ebc664d8b0341987ac0b18f493665eee,0,0,1107,3165,1107,3165
32cf66cd5b976900e8055b79548fcc8d,d2ce714bc7d2fa12728b4d79845833be,1211,525,2012,2812,801,2287
62dcc88ccbaaf23644de7c452527e278,4ef798281e4ee103aa5916dc589f094a,1770,0,2800,3518,1030,3518
32cf66cd5b976900e8055b79548fcc8d,407fd9d97ea9f1ebbd7c132c9fbdb582,0,0,928,2812,928,2812
6ec9e5612f4f982ee843befc2851e01b,04e591f40cb5a7bf619229b417c5d48e,0,0,1112,3057,1112,3057
96d4f67c2b8fa359525b5c6ad8f998d9,c9fc108d1db61a88af934a3d90f86440,1961,0,2800,3373,839,3373
96d4f67c2b8fa359525b5c6ad8f998d9,ee9acdabf292e686f896bfdf118b6522,2007,423,2800,3518,793,3095
f258d7e7d02b51b23f92cf40ef387e89,12a41b0786bf6ac87ac3ef97d615ec5c,2388,565,2800,2396,412,1831
32cf66cd5b976900e8055b79548fcc8d,9f969870c512e9d471ea63440ad3d490,1206,0,2012,2812,806,2812
0f19f51df3ae39481f0a88d5b17b8499,da174e3318b9d7d86c4e0ed3ab723b16,1110,0,2012,2631,902,2631
0f19f51df3ae39481f0a88d5b17b8499,e9be8d6c4eddbf89b04085d81658f98f,0,0,982,2812,982,2812
f258d7e7d02b51b23f92cf40ef387e89,38b45525fb869d95a6dd81c586b033cf,0,0,647,2501,647,2501
9d53e2b08d3010df56de71a8052f5880,955183a52337702613f34131db604d74,1865,0,2800,3518,935,3518
0f19f51df3ae39481f0a88d5b17b8499,629f8173902e51a0064971bcc01e5e64,0,314,896,2564,896,2250
7aa3de66d3dac4c76ddc3b840c686e47,4a23b9e2d73620bd7ce38a9934eaf55a,1244,533,2012,2812,768,2279
f944ab6f92567589e4f14e0becc090de,0bd5534714176bb9d00b237b3a271477,1024,0,2012,2357,988,2357
7aa3de66d3dac4c76ddc3b840c686e47,dc9ad4d1fe1a57c504e07b265a8b199c,0,76,754,2812,754,2736
07f640ff68bb70dba6b7e6dc4fa7f635,10b65369bf78e3f63b8e56b84fd6b319,1785,0,2800,2521,1015,2521
7aa3de66d3dac4c76ddc3b840c686e47,c0ca78767203fb062ba9439c1aecbcff,0,0,924,2812,924,2812
96d4f67c2b8fa359525b5c6ad8f998d9,3bfda3d1c555682192672ff411328482,0,444,792,2759,792,2315
1ef505057667f1a9ade4e2b9ec1f569b,da041a66ae260f0985d8c2520b05a6f6,1827,644,2800,2771,973,2127
1ef505057667f1a9ade4e2b9ec1f569b,5567a61e98d6c322c66e3211f1638421,0,0,929,3518,929,3518
7aa3de66d3dac4c76ddc3b840c686e47,24d569354e96f8ddefac46aa3146c4b3,1116,0,2012,2812,896,2812
96d4f67c2b8fa359525b5c6ad8f998d9,24d9ffdcb9ed1b96903959e3fed4d1cb,0,0,805,3028,805,3028
0f19f51df3ae39481f0a88d5b17b8499,aef8595fed1885ce9cb1644ba5d88f6f,1139,0,2012,2325,873,2325
1ef505057667f1a9ade4e2b9ec1f569b,a84f9d28fb3135f093c6fedb5ad0261f,1880,0,2800,2590,920,2590
1ef505057667f1a9ade4e2b9ec1f569b,ecdab768d89b41bc5d0b23716c12d0cb,0,289,923,2591,923,2302
f710718fa6636f993b98ceb56f089be3,ea89301ed3f36f2aae2998132961746e,0,346,1094,2682,1094,2336
f710718fa6636f993b98ceb56f089be3,ee719198e7a8704a16ca9652df41b5ef,0,0,1234,3351,1234,3351
f710718fa6636f993b98ceb56f089be3,113e4b9c479501049cd8bec959b0567d,1570,0,2800,2794,1230,2794
f710718fa6636f993b98ceb56f089be3,245dd077b32135f1c52ed622e92a4fed,1641,311,2800,2647,1159,2336
c64cc1b76066976b7f3f2c72782e5bbd,6dedb5db011b578cec3d0ca56bb7b4ce,0,452,810,2490,810,2038
a1b69e0eefcdf6652f293182a40b8c50,8cb07981d1c5495dc0b2df7aa9eff1cd,0,497,1193,3518,1193,3021
93d1f2ae391fb98c7839ad4c3f977a7f,e59669d66a8a6a086cb4e09f28f024ad,1716,0,2800,2813,1084,2813
c64cc1b76066976b7f3f2c72782e5bbd,7e89ae9ea23b2ecb83f66663bb849182,2001,0,2800,2702,799,2702
b57bf86c4723f38810154f04b04f0ab2,0929fe2853c9cae1c8ca154e307d72eb,0,0,920,2522,920,2522
a1b69e0eefcdf6652f293182a40b8c50,0dfb9762e49fdb4c798ce1aa897ad6d6,1544,212,2800,3518,1256,3306
a1b69e0eefcdf6652f293182a40b8c50,714afe271d3eb2b98ca29d2452f0bca7,1447,0,2800,3518,1353,3518
a1b69e0eefcdf6652f293182a40b8c50,76341ceabcbfac30a407fbb49c178892,0,0,1281,3219,1281,3219
6016e38afd06c2f1d7a269d996ef4c73,2d11abb004d3b89c0b16f595e024b70f,1822,529,2800,2662,978,2133
c64cc1b76066976b7f3f2c72782e5bbd,efc48c5f5d73331ef2454f415758f751,0,0,798,2570,798,2570
c64cc1b76066976b7f3f2c72782e5bbd,06a8b1a588b13f5b4d4e221ea516fba5,1976,302,2800,2315,824,2013
6016e38afd06c2f1d7a269d996ef4c73,745050e5cc7ec4bf2e259e9d08cf19c0,1801,0,2800,3126,999,3126
b57bf86c4723f38810154f04b04f0ab2,e0ffff40005a6b958af835c0c0089d4f,0,416,857,2389,857,1973
6016e38afd06c2f1d7a269d996ef4c73,2c1d545379206f3dd01cea9ff33d3181,0,0,1032,3011,1032,3011
93d1f2ae391fb98c7839ad4c3f977a7f,bfcdda1b090a1cb76d3086e55f12f59a,0,0,1124,2739,1124,2739
af098253465f771297464d2106959798,a1220c7e3889fa35f99e803c313bfc08,0,115,1209,2812,1209,2697
6016e38afd06c2f1d7a269d996ef4c73,e83500a7a97e03364633be5b45f5d9a7,0,870,863,3057,863,2187
b57bf86c4723f38810154f04b04f0ab2,0d1132fd643b882b355fb0dfa57afa39,1814,0,2800,3092,986,3092
af098253465f771297464d2106959798,bed07d0a971ee8225e982dcfc16e58e4,916,0,2012,2812,1096,2812
93d1f2ae391fb98c7839ad4c3f977a7f,aacc0499b422c95e833786717a0c9249,0,475,1036,2481,1036,2006
af098253465f771297464d2106959798,436496f41afa3a64788adfd04c0ecdc4,861,164,2012,2812,1151,2648
af8a0671156d0e595ce3200e73c0baf6,9cd8ea86e259941d66bb902f7915a4be,0,655,883,3518,883,2863
af8a0671156d0e595ce3200e73c0baf6,b761d87bd405a7f71681d1f5bbf7e6ee,1822,0,2800,2588,978,2588
b57bf86c4723f38810154f04b04f0ab2,425edeacb5880e91299d97d5bfffb218,1804,409,2800,2445,996,2036
8c2aca576f75222aefb98d06ae4c0f4d,2b76a18e45c8e62db919403c6c526ec4,1973,0,2800,2420,827,2420
af8a0671156d0e595ce3200e73c0baf6,cb61a1734de64d2865aa60a28f860a21,1897,398,2800,2497,903,2099
93d1f2ae391fb98c7839ad4c3f977a7f,b9a206ef163702a8ba9730080ac40cf3,1740,174,2800,2665,1060,2491
af098253465f771297464d2106959798,3b376a343a6032c3450154820517e90d,0,0,1146,2635,1146,2635
8c2aca576f75222aefb98d06ae4c0f4d,ae91ec081b5d07903626282bd08f1735,0,550,734,2695,734,2145
af8a0671156d0e595ce3200e73c0baf6,782c470ddbbe3a8b22771c2002a95383,0,0,1038,2558,1038,2558
8c2aca576f75222aefb98d06ae4c0f4d,6bd773092b4ec86af52476bc1734569e,0,0,1028,3403,1028,3403
7c953a2551795a92466b8db4aea28c21,e6e2521e4b153b3a87174c4e78e26008,1896,544,2800,2648,904,2104
7c953a2551795a92466b8db4aea28c21,2d92d65e2eaa1d22459826ecf0d55ab5,0,351,932,2561,932,2210
7c953a2551795a92466b8db4aea28c21,24128a16dac3b1d4297d0acd022b545c,0,0,964,3518,964,3518
04afe127c8d6daf4d27d227c64fa8aea,16a89ed8971351261a7797b46c36ffc5,1895,107,2800,2498,905,2391
7c953a2551795a92466b8db4aea28c21,b808e13e3054df3870d1350a76b2adaf,1952,0,2800,3514,848,3514
91b66468964210fc9cbf9b3a047b2e63,d2a47e043329577aac7a20375d5bb162,0,679,889,2510,889,1831
04afe127c8d6daf4d27d227c64fa8aea,e8a024b2a99a8b12b25a1e436556d0d2,0,0,980,3426,980,3426
4c4170e60d8bf4b63eb77834e3d5fd21,5bea543cc29b624b7fcf7c8381d5f2f1,0,0,797,3518,797,3518
4c4170e60d8bf4b63eb77834e3d5fd21,7ebea3ff3361f0bad8cbcef4eb202b5e,2041,0,2800,3518,759,3518
8c2aca576f75222aefb98d06ae4c0f4d,85b980b0ee480186d1aa66527ba20349,1995,0,2800,3518,805,3518
91b66468964210fc9cbf9b3a047b2e63,87730b009d4f6eebe236175ccf162b5b,0,0,806,2166,806,2166
91b66468964210fc9cbf9b3a047b2e63,d784a864d9f3a084d622e82c60c20d61,2048,0,2800,2326,752,2326
04afe127c8d6daf4d27d227c64fa8aea,900f7c090a34727065f7623e9694cf1c,1919,0,2800,2654,881,2654
91b66468964210fc9cbf9b3a047b2e63,065f0f8c817dec68a30e2eaae66953b3,2025,794,2800,2571,775,1777
9edc8880c94b3586464d3a29c1f8ce8c,8ebf590abda0f24a3ff60cf178d949a4,1992,487,2800,2596,808,2109
9edc8880c94b3586464d3a29c1f8ce8c,ceeb4dc907b028202e428ce16e37146c,0,1135,744,3100,744,1965
04afe127c8d6daf4d27d227c64fa8aea,8f5dc20318bcfa01a511c12bc019fd66,0,154,1014,2514,1014,2360
eb449faa841e4c28bed79bc713a51642,e20a3557a9768fec51c0268cade3562a,2019,482,2800,2332,781,1850
9edc8880c94b3586464d3a29c1f8ce8c,9d2ccfb4a470f251b3f3dc8e6102ac35,1910,0,2800,3518,890,3518
eb449faa841e4c28bed79bc713a51642,5191578646bca999bc5187f52a8f6142,0,879,828,2786,828,1907
eb449faa841e4c28bed79bc713a51642,46a660f69dbe4062fd3f5708b11f829c,1899,0,2800,3400,901,3400
eb449faa841e4c28bed79bc713a51642,e381f6d688d1d856546c74db9c99fed6,0,0,942,3518,942,3518
9edc8880c94b3586464d3a29c1f8ce8c,f8864ff1091f41dac45c35cd0cf99e64,0,0,880,2405,880,2405
4c4170e60d8bf4b63eb77834e3d5fd21,977f36f56ee27ebbd470cc4aa5173757,0,490,773,3518,773,3028
3b1f717a403bdeade32fdd32bc751925,5f10b6ac1fa2cf062ec3b5074ab01a12,1745,0,2800,3518,1055,3518
4c4170e60d8bf4b63eb77834e3d5fd21,c62a3390d2d2765fd8eebe6c72379616,2001,719,2800,2668,799,1949
3b1f717a403bdeade32fdd32bc751925,0388803a5091a34583b147e7bc81a314,1854,367,2800,2640,946,2273
3b1f717a403bdeade32fdd32bc751925,20421576b741e18b08896f90736c9f1b,0,709,1006,3047,1006,2338
d621535f5a7b402fc469f5f4ccc7e627,19c79de47a57b1f78657581cfa75a5fe,0,409,712,2474,712,2065
d621535f5a7b402fc469f5f4ccc7e627,77e8a0979ed1abb7d1febe8d4bc40052,2180,0,2800,3518,620,3518
c3c0a901ca8edd8f87f4a0ecc3d2cca6,686bb979adc67a0c946842558d2af25b,0,519,909,2880,909,2361
2d99df726c5710ce121ac616310c3016,60c2a048790e2ecb5ababe1bd269b64b,0,407,718,2812,718,2405
d621535f5a7b402fc469f5f4ccc7e627,36c07c445caf138849e6a3a958585657,0,0,765,3518,765,3518
2d99df726c5710ce121ac616310c3016,319dff24b7ae6f446d5c827f046db70a,1230,0,2012,2812,782,2812
c3c0a901ca8edd8f87f4a0ecc3d2cca6,3d086d99dfafbb52a8785c25426a82d5,1870,239,2800,2299,930,2060
c3c0a901ca8edd8f87f4a0ecc3d2cca6,76b909c5601fe92762a1d85395a9c54b,1693,0,2800,3518,1107,3518
d621535f5a7b402fc469f5f4ccc7e627,6d934f761f1f170c2ef878400f722b0c,2195,418,2800,2276,605,1858
2d99df726c5710ce121ac616310c3016,bd9853a494afd36d0d272183f8454079,1294,0,2012,2812,718,2812
ab9e7b68bb3a8bd4e88e3ed59800f5a9,53df7f1a145769c897f754709b853a81,0,562,953,2808,953,2246
c3c0a901ca8edd8f87f4a0ecc3d2cca6,d22bccb2cd637ba16a4a60db50cb2293,0,0,968,2831,968,2831
3b1f717a403bdeade32fdd32bc751925,387bf09783d0d7bba4f1b148dd5afebf,0,0,1086,3284,1086,3284
a26e5721238bd3d2f45a3e2c7be3232c,889d1ceda33eb2e16529d877f8f08ec9,0,660,794,2521,794,1861
e381c1f6e5d1858780588cc254e5687f,0d8963e97b74a1e9b2b23c2e07bf94d8,0,448,1043,2441,1043,1993
2d99df726c5710ce121ac616310c3016,91519a745d64ea03f2e41d00f47b167e,0,0,862,2812,862,2812
ab9e7b68bb3a8bd4e88e3ed59800f5a9,dc69ba06ea53a73232dad954cbd00910,1815,723,2800,2886,985,2163
f835161458fa1ff5535b925a26eaad55,c09db8206b7399d68e2e5a3e599fd237,0,0,934,2549,934,2549
ab9e7b68bb3a8bd4e88e3ed59800f5a9,2db2a78c76190248a694e617178abe7d,0,0,1095,2897,1095,2897
e381c1f6e5d1858780588cc254e5687f,71097a37b8a96e1e54b9674aa6b3b0d7,1748,764,2800,2872,1052,2108
c652f5cf75180d8c757421e925165bdc,429e5faa7b84c51088f9605c481c74d9,1913,727,2800,2721,887,1994
f835161458fa1ff5535b925a26eaad55,1027035c3d31554b99f53865f3a51a50,1082,0,2012,2266,930,2266
a26e5721238bd3d2f45a3e2c7be3232c,546c505fdc0f1f0c7bb652c900d9d154,0,0,902,2868,902,2868
ab9e7b68bb3a8bd4e88e3ed59800f5a9,28bdc419767c72d718241b8a1c91bb19,1647,0,2800,2891,1153,2891
f835161458fa1ff5535b925a26eaad55,828015ded55dfe77fc84419908be0e7b,1208,0,2012,2602,804,2602
a26e5721238bd3d2f45a3e2c7be3232c,516b2d0ceaea60d3614a9bd7419af035,1928,736,2800,2636,872,1900
07e863058f675de91b9aa8c2e5307c4d,46f2bfc43251f196a4af0d57ed97daba,1648,0,2800,2620,1152,2620
07e863058f675de91b9aa8c2e5307c4d,6f4fc1ba53aed1ae7a6b6d80f0e8ff64,1654,213,2800,2425,1146,2212
c652f5cf75180d8c757421e925165bdc,d3c642505403a2eef674522df89d9438,0,593,982,2712,982,2119
e381c1f6e5d1858780588cc254e5687f,91f74ef1396bbe162b06072b62d0ba14,1842,0,2800,2703,958,2703
f835161458fa1ff5535b925a26eaad55,3d16da0351cc69f905bf4331bf8a2dca,0,569,948,2812,948,2243
07e863058f675de91b9aa8c2e5307c4d,f7e74860d70d4bfb077be7f8fdc4483f,0,0,1147,2531,1147,2531
07e863058f675de91b9aa8c2e5307c4d,7be0713cb907d2636e40608f523a8c2b,0,387,1122,3518,1122,3131
a26e5721238bd3d2f45a3e2c7be3232c,7ee3f7597f66e9a18cc0831da2aac042,1889,0,2800,2995,911,2995
2b637772e6384192de64648bdb934de3,bbba7950a9fd6ed605d984f7149d32b8,0,194,958,3224,958,3030
343cd7efff647b3076af83421c2f9671,1c8ba56e2d451710782e2caf33edfbe3,0,640,981,3518,981,2878
343cd7efff647b3076af83421c2f9671,a304a3669dcd4bbdd8c0fc9dd535c8c9,1975,426,2800,2606,825,2180
2b637772e6384192de64648bdb934de3,40dd7ea4ab836f74f4588e66b303257d,0,0,909,3518,909,3518
0910d9262da2398810b2f2bc32b77088,eff50bb27749afa48947f9fcce83c929,0,0,1028,3440,1028,3440
de2be7e8a70c7694ed911c35f2345279,0920077c386981c6e998d7212fbe4620,1966,360,2800,2223,834,1863
c652f5cf75180d8c757421e925165bdc,3d72ec91f8f622b1a31a61220a86a202,1911,0,2800,2373,889,2373
0910d9262da2398810b2f2bc32b77088,ff8eea2df79ae216bafe84f4b65dfa87,1766,0,2800,3301,1034,3301
c652f5cf75180d8c757421e925165bdc,39ddfb3c31c97d2612a7ecd23a0a9ce6,0,0,925,2609,925,2609
2b637772e6384192de64648bdb934de3,63596065cc7a3a65b27edda7a19335a3,1923,618,2800,3125,877,2507
343cd7efff647b3076af83421c2f9671,7cfe0d582ca199e85e597d9516f0a58a,1853,0,2800,3518,947,3518
1ec7d08941cc8e4d4dc10ea621a86ce2,9dbdf266750e615958661d67ff1fef96,0,612,885,2717,885,2105
de2be7e8a70c7694ed911c35f2345279,d0e49513eedf42d359687d4af1a365e1,0,696,855,2601,855,1905
343cd7efff647b3076af83421c2f9671,c6f838279bd4d171c1d13071a2121d63,0,0,980,3518,980,3518
0910d9262da2398810b2f2bc32b77088,c1bbd7498883deb078c151ee8ef2e3e2,0,0,1025,3303,1025,3303
1ec7d08941cc8e4d4dc10ea621a86ce2,46afe91f70b605d4852e30a4f5b79e3e,1778,0,2800,2947,1022,2947
1ec7d08941cc8e4d4dc10ea621a86ce2,1a08e477849a03333b76de63db8043ac,1896,673,2800,2643,904,1970
de2be7e8a70c7694ed911c35f2345279,2ac775c5d085ed341cc0a4f45dac56be,0,0,779,2537,779,2537
2b637772e6384192de64648bdb934de3,3d1ebb8f46b9757f08653be2c809dd28,1910,0,2800,3518,890,3518
418b380ab4a2ae6967543a7ac075f656,5dcef83c8d243d80ec15f7dc12b546d1,0,0,899,2720,899,2720
de2be7e8a70c7694ed911c35f2345279,25359e1bc118cca295b11446bfd91be4,2000,0,2800,2649,800,2649
1ec7d08941cc8e4d4dc10ea621a86ce2,219ef53e73d635b27a97822d12e6b02b,0,0,885,2773,885,2773
418b380ab4a2ae6967543a7ac075f656,2570840006bd701c50fe1f3cb8bc8355,0,574,797,2830,797,2256
418b380ab4a2ae6967543a7ac075f656,5da21a52b098ef188410fb00e806a883,1932,341,2800,2496,868,2155
418b380ab4a2ae6967543a7ac075f656,9ba9f566b4f59f6bbc250f1acdf94b82,1899,0,2800,2798,901,2798
0910d9262da2398810b2f2bc32b77088,d7a011b73f24e1f7c0a94f4f756499ba,1767,0,2800,3263,1033,3263
2abaa8a8bdbead5a82f4d69a7b2dd22d,9012379589a30b36d148470ea104b3bc,978,0,2012,2812,1034,2812
2abaa8a8bdbead5a82f4d69a7b2dd22d,0a69c32464b199bf3650939b10dd2108,1113,0,2012,2560,899,2560
2abaa8a8bdbead5a82f4d69a7b2dd22d,a67f7d63ae3b98a9d26a71c60a2993e4,0,0,1038,2812,1038,2812
2abaa8a8bdbead5a82f4d69a7b2dd22d,532327c85eefaf7320104f444094c480,0,0,953,2421,953,2421
e381c1f6e5d1858780588cc254e5687f,74ba84ed0e1dd3afbb5feb906987a702,0,0,1043,2485,1043,2485
7bd7f3d2d793768a312ae652e5973057,3e4793d70e16383f4df1d8869701ff9a,2173,467,2800,2551,627,2084
7bd7f3d2d793768a312ae652e5973057,41b412a8305916415daaa4f5c91c2b6f,0,605,683,2683,683,2078
76d8420ea232b78dd432e68f5e0d2a3a,b1aa32b5959e686d70cff7de79b78c0c,1743,0,2800,3518,1057,3518
92d7a655fa2168f2b91dd9f614865d1d,1eaafc26e519dcbb2f561902d3b6af85,887,0,2012,2453,1125,2453
76d8420ea232b78dd432e68f5e0d2a3a,9ccd8a8c0766f62e0ee21b7fa8bd41ac,1891,498,2800,3518,909,3020
7bd7f3d2d793768a312ae652e5973057,6fa07874c8cc25be075dceafbc3c6b63,2068,0,2800,3518,732,3518
7bd7f3d2d793768a312ae652e5973057,b2becd53c1221db4341f7e2f1986cd0b,0,0,667,3518,667,3518
2deff85517869ca9e01bfd7c04bc8440,4b395fe88d838a2fdb3138ebe9927f2e,1714,723,2800,3518,1086,2795
2deff85517869ca9e01bfd7c04bc8440,6aa9411ed4a4d0c20471a64feb1e47a9,0,0,1166,3518,1166,3518
2b5b9aa81a3a94cd491c0f10096736fa,da99530c3c232f4e70f6684fb16e8748,0,602,806,2684,806,2082
2deff85517869ca9e01bfd7c04bc8440,9315ff50bdd4dd5f63e70d40e9db36c4,0,699,1115,3518,1115,2819
2b5b9aa81a3a94cd491c0f10096736fa,c524366dae0c2ea7480f94eda2c7530e,1967,168,2800,2352,833,2184
14bed708ddedd6d06ed11141c060264e,9d7d94c10f7a1a2a482d92aa52a9256a,2146,505,2800,3473,654,2968
14bed708ddedd6d06ed11141c060264e,10c4d4d3c226c606bec88d46d1dfbe43,2030,0,2800,2769,770,2769
76d8420ea232b78dd432e68f5e0d2a3a,8b49187e69b309480ad394e79838f1db,0,420,883,2752,883,2332
92d7a655fa2168f2b91dd9f614865d1d,e2b2bf8779f0b0b3c59f19fd903952a9,0,0,1163,2812,1163,2812
75cc75e61ff4b701416be645f3652094,d07ad3901eca21420423eedfba9599f4,1795,555,2800,2707,1005,2152
8e30fe5fbe424206c9f57ce26f80f6c2,425f59f5c6461ba1bcda816bc0bfccb7,1793,113,2800,3373,1007,3260
8e30fe5fbe424206c9f57ce26f80f6c2,2193132c3970364d4179416ab2fa591c,0,438,947,3518,947,3080
75cc75e61ff4b701416be645f3652094,30c68b525b533b3b8da345127d59adc3,0,456,1009,2633,1009,2177
8e30fe5fbe424206c9f57ce26f80f6c2,21d5cf30b13410fcdd39609a5b6a4bf3,0,0,1016,3406,1016,3406
14bed708ddedd6d06ed11141c060264e,87533032630b34da8647e03dc51ed516,0,0,792,2624,792,2624
2deff85517869ca9e01bfd7c04bc8440,48eda5f45d66ed2060813527727c3e5c,1545,0,2800,3518,1255,3518
76d8420ea232b78dd432e68f5e0d2a3a,d543eb760950b86934c7d8bc5f89fb29,0,0,1111,3518,1111,3518
92d7a655fa2168f2b91dd9f614865d1d,fb1975a9ee27b569bdb8b2565901b290,0,321,978,2538,978,2217
d4cb33853c9b83d508fedaa4292a7c27,61d8c2c6e4ea3ab24774827accfba566,1929,619,2800,3211,871,2592
2b5b9aa81a3a94cd491c0f10096736fa,21968429d074f89c29dc2a9805b29628,0,0,885,2498,885,2498
52bd2f2f2a70263495e7cce47c2ab229,e193c56a12780c7b1096b3c65aea01a2,0,377,781,2678,781,2301
52bd2f2f2a70263495e7cce47c2ab229,4b9618d7a794a67ec6b53a187254b700,2083,409,2812,2513,729,2104
92d7a655fa2168f2b91dd9f614865d1d,86d6bf4089c8c873badf6323750c7028,855,0,2012,2660,1157,2660
2b5b9aa81a3a94cd491c0f10096736fa,b732e9f761053e11a4e3e8141efd79e6,1842,0,2800,2268,958,2268
75cc75e61ff4b701416be645f3652094,c5b5cfb9d792559b466babd1216a1fdd,0,0,1021,2736,1021,2736
14bed708ddedd6d06ed11141c060264e,892f1862773701284b90007c6ad415c7,0,655,722,2489,722,1834
75cc75e61ff4b701416be645f3652094,6a5fd0d15fb4181262202ec22663ebe4,1907,0,2800,2792,893,2792
8e30fe5fbe424206c9f57ce26f80f6c2,89b80e3d06d1a3a91859fcf7f200b44d,1790,0,2800,3518,1010,3518
52bd2f2f2a70263495e7cce47c2ab229,0b39adfdce0aafaa1ff02e9633e9cac5,0,0,798,2710,798,2710
d4cb33853c9b83d508fedaa4292a7c27,01c1f650419a8bdbe22d8e5b218ba569,0,0,1027,3518,1027,3518
57d866641a8f200b911d137dde95da91,78ed58a0a8c46c6026e5183fd3c8b5d7,2057,405,2800,2519,743,2114
57d866641a8f200b911d137dde95da91,4b08f0838b02dd47828637c9df7bf64d,0,676,666,2742,666,2066
d4cb33853c9b83d508fedaa4292a7c27,f8c0c5c77f4e4d188708da05a9ecfe71,0,398,899,3518,899,3120
39990d7da039240a5de01d68d3166d61,ecc7ed202ac2b9a6dbedcf323e9c5673,1956,993,2812,3104,856,2111
39990d7da039240a5de01d68d3166d61,5765fc3b2a44f33c127621b8f744425e,0,357,802,2636,802,2279
57d866641a8f200b911d137dde95da91,18b4d5e2aaf76cc3df9dae3268189bdb,1978,0,2800,2820,822,2820
d4cb33853c9b83d508fedaa4292a7c27,c38785d76f13245239ff19bc6a8b5c20,1800,0,2800,3224,1000,3224
57d866641a8f200b911d137dde95da91,00428762ed67f04118bdb512b08a0513,0,0,850,2963,850,2963
a25dd41b591e04d1fb128dc94de51ce0,82f095d5ce6cbc9b4b43661a2ab537a9,2132,730,2800,2478,668,1748
52bd2f2f2a70263495e7cce47c2ab229,b8bbbfe3016169f2182794ccbea6bcdf,2001,0,2812,2723,811,2723
39990d7da039240a5de01d68d3166d61,a0d04a7372a60d2a83c06d731a619c16,0,0,884,2352,884,2352
a25dd41b591e04d1fb128dc94de51ce0,f36d10016bd463e60dcbfcab5ca5d07d,0,807,678,3268,678,2461
86cda0ef439fa39fa386e82a31f497f4,204c7919fe9c63e78464799aa276ea81,2168,838,2800,2381,632,1543
86cda0ef439fa39fa386e82a31f497f4,6770d91305700d1ac51ae5fc9643bc32,0,914,502,2398,502,1484
a25dd41b591e04d1fb128dc94de51ce0,53d7ca7146395a5f1648f5f0fb0dbcb9,0,0,770,3145,770,3145
86cda0ef439fa39fa386e82a31f497f4,d05b2e7a3089cbdda51b44e2590cbd54,2170,0,2800,2354,630,2354
ba990f2a0e1a2e1f1caae72468b0af7b,af512c55e8c94a1653be6aca1fed558e,1731,620,2800,2838,1069,2218
86cda0ef439fa39fa386e82a31f497f4,feacd9929bedd3174421b00bc6e62886,0,0,605,2167,605,2167
a25dd41b591e04d1fb128dc94de51ce0,d94826c177ee3e77ab724b5584faa751,2070,0,2800,3002,730,3002
39990d7da039240a5de01d68d3166d61,9537edc9696af1f34570b16b81f86f50,1973,0,2812,2382,839,2382
ba990f2a0e1a2e1f1caae72468b0af7b,1e28db9bb91e9749d8387216453bd0a2,0,382,1203,2691,1203,2309
b62db86b2212d56a0625ad8118438d8f,3d7ce3c8d9d0f0642176bc0c81b388c9,0,0,1103,2812,1103,2812
b62db86b2212d56a0625ad8118438d8f,5117c8fa9796bd4d16ff7aac9a8fec1c,1007,0,2012,2812,1005,2812
3d342bcea04ea881e47f9de7238f91ea,0b982200144c13b7302365e7f01c490d,0,436,1326,2668,1326,2232
5a8e2896d167fea6afbbf7fe7ea074fe,0aab87c5ec89014f7f9ea9e9e89bff40,1948,123,2800,2442,852,2319
5a8e2896d167fea6afbbf7fe7ea074fe,ea9379a1a298e2d0ff4198c1ca7ab54e,1773,0,2800,2677,1027,2677
2db80265d2be0198a5840d1beb9029b9,b3c582b384a8d977daf930ea0e524c75,2145,504,2800,2520,655,2016
5a8e2896d167fea6afbbf7fe7ea074fe,bb999fda92a617bf5241a6b95e579a93,0,0,908,3518,908,3518
3d342bcea04ea881e47f9de7238f91ea,af4ec7adf5d5dcc79a59c17b7097b783,1544,0,2800,2515,1256,2515
2db80265d2be0198a5840d1beb9029b9,32fd58a29bd3370bf2b1c3b88045b731,2024,0,2800,2614,776,2614
3e51c09f5125372d95692a88b2f97a7d,25ca10a0824a78d62a6df464e03b08ae,1390,313,2012,2314,622,2001
2db80265d2be0198a5840d1beb9029b9,6a4232811d12e8aae1f33215553f80df,0,0,763,2544,763,2544
ba990f2a0e1a2e1f1caae72468b0af7b,101845a480eacc81a620773784461afe,0,0,1196,3516,1196,3516
10a254b596f84490c006bfcf25e59f70,bad9c4582f1dbdb33ab06f496e9a5b9d,1969,0,2800,3090,831,3090
5a8e2896d167fea6afbbf7fe7ea074fe,849e23406596ba8f98a8816be116be97,0,0,887,2788,887,2788
10a254b596f84490c006bfcf25e59f70,fe690ffe92fd8dd5a24cb16fee1ef5eb,2144,678,2800,2618,656,1940
10a254b596f84490c006bfcf25e59f70,9cfa176e3f6937f02c84033ae9e03213,0,567,795,2559,795,1992
3d342bcea04ea881e47f9de7238f91ea,db0ede7ff89decbf8b0b65ac8019fac8,1614,0,2800,2679,1186,2679
2db80265d2be0198a5840d1beb9029b9,ac8117948ab0be9281fa10d6380ff83a,0,1036,641,2729,641,1693
3d342bcea04ea881e47f9de7238f91ea,ab972de519306ea9c1ce7629e8145cdf,0,0,1278,2802,1278,2802
3e51c09f5125372d95692a88b2f97a7d,c102e57dd4d6fb5d364fb522a1ad5466,1314,0,2012,2708,698,2708
a7c03b6df23a9655571e19bcc9a8edb8,20b4b2c70e6c4e1d4ab6d1b9b9be5308,0,0,975,3410,975,3410
48de469745e44fb5341adb37f92347f8,bf44a5ec2cb0ecfc1736f9029b708b78,1847,374,2800,2359,953,1985
a7c03b6df23a9655571e19bcc9a8edb8,a8e66fc1ad8e78cb6ab460d32bc7b299,0,788,858,2924,858,2136
a7c03b6df23a9655571e19bcc9a8edb8,b014aabf27c34399418a710d9a25b899,2008,273,2800,2411,792,2138
a7c03b6df23a9655571e19bcc9a8edb8,c08408bcb93adc1b2524b2a387bff992,1895,0,2800,2621,905,2621
90f9d1f9c60f1e4b0e32840f24e2f7cb,84b80eceab7b2bccc494b76facfc16c5,0,0,1814,2520,1814,2520
5944e4966dc75b48fd62bc9ee210e11c,47cb6ee56169df539182c6d352e291d4,2047,515,2800,3497,753,2982
5944e4966dc75b48fd62bc9ee210e11c,d0e5b64f133d38b9df21c4b39d34bcf2,0,552,872,2671,872,2119
90f9d1f9c60f1e4b0e32840f24e2f7cb,3028848026e8bc2282bbb8d1e5c87fb8,1124,176,2012,2256,888,2080
10a254b596f84490c006bfcf25e59f70,d01f0b121b01c04cf1a6baa2f0836626,0,0,894,2642,894,2642
937f8b7c688c373cff168ea6529a4731,77142107238688b26639378a64c31e11,0,0,1372,2812,1372,2812
3e51c09f5125372d95692a88b2f97a7d,c6b243d4ccd88acb6639fdcb43c5f5b7,0,553,578,2345,578,1792
48de469745e44fb5341adb37f92347f8,a7076c45148b6a7afdfae6152627f8f7,0,0,955,3206,955,3206
48de469745e44fb5341adb37f92347f8,478534d50bfae296d0e993bdb2bb3491,1902,0,2800,2817,898,2817
90f9d1f9c60f1e4b0e32840f24e2f7cb,2ccadb9d71c300a5ff9c8069dcdb7098,1034,0,2012,2413,978,2413
937f8b7c688c373cff168ea6529a4731,7e2cda8f991e2e14ab585427cbbfd25e,669,0,2012,2812,1343,2812
48de469745e44fb5341adb37f92347f8,6da027a99b5588e03e37ce9281534fc4,0,774,1077,2849,1077,2075
3e51c09f5125372d95692a88b2f97a7d,ec5582d409bae76421acaf0a4f62b72a,0,0,673,2535,673,2535
f68baefaead0702f30c6001c7b53b5a6,d4f1da75372a9076bacb520f3e651ec3,2158,214,2606,2937,448,2723
b62db86b2212d56a0625ad8118438d8f,af0ef792a64850e062cc439fcf50ab30,0,0,1114,2282,1114,2282
bf8dd2c5f6e160d2bc84646b356cdf3f,9cb7c49a17484575247197ee471162e4,0,0,1101,3518,1101,3518
bf8dd2c5f6e160d2bc84646b356cdf3f,ec11e8cde3acb1e6a78a54adc2ce3731,0,29,948,2841,948,2812
80c50f0adee98ec46aca1f3e0b58ee47,644d97396e76387ed0404dfe880dab91,1236,0,2012,2201,776,2201
80c50f0adee98ec46aca1f3e0b58ee47,b22c1cc7e86cd8225e186db453cca274,0,235,879,2812,879,2577
f68baefaead0702f30c6001c7b53b5a6,fe123cfd391417e81c018090825e42d4,0,644,496,2058,496,1414
80c50f0adee98ec46aca1f3e0b58ee47,556f0e64994540f228c38e118794c454,0,0,857,2418,857,2418
f68baefaead0702f30c6001c7b53b5a6,f93966c6304ea85618a96e64629c5064,2097,0,2606,1916,509,1916
f68baefaead0702f30c6001c7b53b5a6,f41f686ab7b2fb6e1a604f0c1e72748b,0,0,567,2380,567,2380
3f383fea789ae136143326685b98ec61,95cd5dcec275d54811984b0365fd5d49,1958,560,2800,2713,842,2153
90f9d1f9c60f1e4b0e32840f24e2f7cb,eb1c6ae2071534bf0b3f3ddea0c102df,0,252,964,2231,964,1979
527bc6ff42d7f2b2382e7d24b564b3c1,c7f5c38f1515d5cd1e0b48819fdd3008,1184,182,2012,2270,828,2088
b62db86b2212d56a0625ad8118438d8f,0d190eb01d9f28201733b6dfcb810d2d,971,0,2012,2250,1041,2250
527bc6ff42d7f2b2382e7d24b564b3c1,bf1720490eaefc000291d9cacb9a6905,0,0,788,2202,788,2202
5944e4966dc75b48fd62bc9ee210e11c,e358f2f0c30528fdb453c51e21f9e3f1,1899,0,2800,2703,901,2703
ba990f2a0e1a2e1f1caae72468b0af7b,9e645b4f6113231412974ecf3dec3337,1707,0,2800,2729,1093,2729
527bc6ff42d7f2b2382e7d24b564b3c1,062bdd1077b91c3448dea8430eb6e1b4,0,0,897,2373,897,2373
527bc6ff42d7f2b2382e7d24b564b3c1,37ab7c582ef16a0b9ac88d5f611d890f,1181,0,2012,2506,831,2506
bf8dd2c5f6e160d2bc84646b356cdf3f,d597b1ddc08a28b47dfae4e5dc8565d0,1818,0,2800,2986,982,2986
3f383fea789ae136143326685b98ec61,b9ee2fd9affc0d9e7e063d4385904a5b,0,527,860,3518,860,2991
5944e4966dc75b48fd62bc9ee210e11c,c017fbd71ac4d6fa8b235893b296eabd,0,0,919,3111,919,3111
3f383fea789ae136143326685b98ec61,20be392f7c44992a56702998131d08db,1881,0,2800,3237,919,3237
3f383fea789ae136143326685b98ec61,a70f1947ac3ed99ee79f090f9c154631,0,0,985,3518,985,3518
80c50f0adee98ec46aca1f3e0b58ee47,8313f6f3193d9ddaeaf0bb06dbe4e468,1209,173,2012,2010,803,1837
bf8dd2c5f6e160d2bc84646b356cdf3f,67924d97927277fe0feaea90ac6f48e6,1718,0,2800,3518,1082,3518
f637a8ea804bac3941603ae34dae7fb7,ba332860939f713a17c462b23cbac41c,0,353,1020,2606,1020,2253
9e82f2d619b7f5c95c16b1b403133b39,aef2e4a1a4b6c9239e0e41eab696aeea,1711,365,2800,3518,1089,3153
f637a8ea804bac3941603ae34dae7fb7,37a23b32dea999c01e4bc46901b21d67,1770,249,2800,2536,1030,2287
f637a8ea804bac3941603ae34dae7fb7,93960b56ba5808e9047aff73cf9b0762,1721,0,2800,2663,1079,2663
f637a8ea804bac3941603ae34dae7fb7,e483d3b7dd8c5f428a4ab5205f422700,0,0,1086,3518,1086,3518
67e3f610188217a67cac87d03b2a1562,34160cfb183fc462cd261f90dd3ffac0,1961,364,2800,2629,839,2265
378a91d949c5edaf84f6a75c0269225d,1408e7a36f413e209b416559821f5d8f,743,0,2012,2812,1269,2812
67e3f610188217a67cac87d03b2a1562,dc9441e0647134c8e48c7e0d0b20085f,1856,0,2800,2822,944,2822
378a91d949c5edaf84f6a75c0269225d,1685373c1d1e3c80044e41452fe3fb54,0,0,1311,2702,1311,2702
378a91d949c5edaf84f6a75c0269225d,775f5a2e569cf33d971ae7ef83ad634d,0,0,1464,2812,1464,2812
6ad9c919db6e714488db8f12679d814d,629cca2b2e90d05109678e596bc18f65,0,271,1054,2446,1054,2175
6ad9c919db6e714488db8f12679d814d,db836f6ce15c643c8590cc5cd9403319,0,0,1112,2812,1112,2812
6ad9c919db6e714488db8f12679d814d,ee61b38279399e6c4c2e67f3af130cdd,935,0,2012,2812,1077,2812
67e3f610188217a67cac87d03b2a1562,9d2baf3195e9b999efc2a02cac076acf,0,794,881,3192,881,2398
9e82f2d619b7f5c95c16b1b403133b39,c4ac5229fdb60eddb69406bec58406ac,0,576,986,3518,986,2942
67e3f610188217a67cac87d03b2a1562,13467a014e4404f1622b8efa8f52c182,0,0,1000,3139,1000,3139
9e82f2d619b7f5c95c16b1b403133b39,0422836ec6d22204429ffc6e9496ba12,0,0,1013,3518,1013,3518
6ad9c919db6e714488db8f12679d814d,5b3226bbbbefe2280923b25697eb2788,900,310,2012,2535,1112,2225
9e82f2d619b7f5c95c16b1b403133b39,6800155c93519da8f5e50fa911b7e861,1679,0,2800,3518,1121,3518
f8176b7f7b68f76eb58db93f0ca3a60c,83024b26e8e4a759723d4ee9356f5208,1532,0,2712,3580,1180,3580
f8176b7f7b68f76eb58db93f0ca3a60c,f7833ba00ba9db812be3d512130448ba,1557,538,2694,3580,1137,3042
bb307884bfe5da3db54b94b736f10023,f8b75219cf050a795846c2772fad3e94,1268,0,2012,2237,744,2237
bb307884bfe5da3db54b94b736f10023,0fb063fe3b46db2bbe83d124a3793101,1451,690,2012,2353,561,1663
bb307884bfe5da3db54b94b736f10023,840426572cca74fad26fe42d63faf8ec,0,648,539,2323,539,1675
2e6a363fd7c2550161603dcc06958952,f35cf87630f2d4c8a932dd9fa3d6555b,0,0,1155,2753,1155,2753
bb307884bfe5da3db54b94b736f10023,9b4f21a88399435f3cbabf66fa8f5652,0,0,643,2117,643,2117
2e6a363fd7c2550161603dcc06958952,b8f8f03ba38bc5b1968ad7985485db1f,845,224,2012,2812,1167,2588
2b9e6ab131f62510961203e19ffa2829,6e924c7d436d2d7b61d0619d6e37539b,1897,456,2800,3518,903,3062
378a91d949c5edaf84f6a75c0269225d,cb320644afb1258e88acd0b8f9bc8338,641,0,2012,2812,1371,2812
2e6a363fd7c2550161603dcc06958952,f4e9ff1cc45f469333bada990253dab4,711,0,2012,2648,1301,2648
2e6a363fd7c2550161603dcc06958952,a30755d4e53aa50c1806e63458f3ce0e,0,196,1134,2764,1134,2568
2b9e6ab131f62510961203e19ffa2829,45e2d2ee29d75e6afd0e7ddf4ed14991,0,658,1121,3518,1121,2860
f8176b7f7b68f76eb58db93f0ca3a60c,d16c15b062cbdd9a4c656464601a2079,0,213,1083,2558,1083,2345
319681ddee3dfec0957b218a79a44853,806e59279a1dc1be120fb6547af53377,0,389,870,2412,870,2023
2b9e6ab131f62510961203e19ffa2829,8ac55fde8c0c86599fecd2ae7c8aecfa,1859,0,2800,3518,941,3518
319681ddee3dfec0957b218a79a44853,3a78364682c43d59276d24001f8560f1,0,0,861,2531,861,2531
2b9e6ab131f62510961203e19ffa2829,5bdf1bcb7ca27a2e260e9d5dbcdec548,0,0,959,2851,959,2851
4db5e51fe38b77ef713117de8bba9dd8,46ae5ac50d6e352ed1b5bdd47dfa7948,0,0,840,2743,840,2743
f8176b7f7b68f76eb58db93f0ca3a60c,efb140c9d58588afe6db3829ca0a06ea,0,0,1201,3230,1201,3230
4db5e51fe38b77ef713117de8bba9dd8,873e2268435d8f3cc55c6050d2f263c3,0,867,773,2923,773,2056
937f8b7c688c373cff168ea6529a4731,de3db479c679661e4e3c686ec1e0ced4,620,0,2012,2812,1392,2812
57ca4fcd2b38ca90a4d3c07a4eba812f,7a5eb75fbc78711372e073e52919e2c8,1772,555,2800,2626,1028,2071
57ca4fcd2b38ca90a4d3c07a4eba812f,2f71626797f87524162f71d36c6d76e1,1795,0,2800,2613,1005,2613
57ca4fcd2b38ca90a4d3c07a4eba812f,0b787ccd1387ce2df7c085e113fa997f,0,0,1054,2627,1054,2627
081c41baccc933b99ca516c7ef22dd59,cd884af48d2368da690bf186a08f6248,0,0,1092,2812,1092,2812
937f8b7c688c373cff168ea6529a4731,449495653ab2594f551e48f96a7bf8d7,0,0,1273,2812,1273,2812
081c41baccc933b99ca516c7ef22dd59,54d394555cfb75ef87b5818585672104,0,248,999,2630,999,2382
081c41baccc933b99ca516c7ef22dd59,ce001eb50605968bbe324bac9eac8f39,846,0,2012,2812,1166,2812
4db5e51fe38b77ef713117de8bba9dd8,cf5a23b9d8b9eeaf81f4bd75d2c15e7a,1851,0,2800,2668,949,2668
319681ddee3dfec0957b218a79a44853,162e745c5c526234f6f084fee4d4bfd5,1898,0,2800,2543,902,2543
319681ddee3dfec0957b218a79a44853,f5a69125aedbdf9b7fc654dd78f40a40,1923,154,2800,2222,877,2068
b2deb4a18f3ebd2ea976864f1117b00c,6f58c1f55de0c444ca2289bbc6d7cf6b,1816,137,2800,2625,984,2488
081c41baccc933b99ca516c7ef22dd59,7e3a7c752f6887e0ee043a185639f50b,856,195,2012,2630,1156,2435
57ca4fcd2b38ca90a4d3c07a4eba812f,edb443ff83605272b1bd96a511ed2d2b,0,483,1114,2746,1114,2263
4db5e51fe38b77ef713117de8bba9dd8,a7a522286a34121589e4a7d3eae228cb,2104,731,2800,2670,696,1939
2237773052841d27df513952ca74f980,5c15945b886a16a07dd893c9a9ae9b3a,0,0,2012,2812,2012,2812
8425577ae8f1be60f587343e29f90198,c363a33f27daf3172b7c4ba801d7f86b,2082,817,2812,2750,730,1933
8425577ae8f1be60f587343e29f90198,a8fbb157acfc2dc455049f6d91b8483d,0,0,742,2867,742,2867
8425577ae8f1be60f587343e29f90198,40fdd0fff2cfbcad1b9eaeb4c4d85e57,1908,0,2812,2923,904,2923
2237773052841d27df513952ca74f980,d10896a36b15ecece45c093d07d15810,0,0,2012,2812,2012,2812
2237773052841d27df513952ca74f980,42c818cca30bc9f8490c671b4d99a83d,0,0,1998,2812,1998,2812
ebc78d5848d2bdb6d99949bb8245c310,6af27c517dd449f5c28bbad206765237,1918,288,2800,2295,882,2007
2237773052841d27df513952ca74f980,5fd5defe434ca020b2739bc7ecf39864,31,0,2012,2812,1981,2812
27de4919323355abc9dc92603fdb5df2,acf0be5511ffd12105c2aa42c1ec5bd8,1791,722,2800,2763,1009,2041
8a6ef52c1a6c9f9984d269f9bf5e794d,f13bb35a87113faac7451ed012f7625b,1580,0,2800,3518,1220,3518
ebc78d5848d2bdb6d99949bb8245c310,b3cc7cbeec4a04dea14ce5d6f8d67017,2004,0,2800,2275,796,2275
27de4919323355abc9dc92603fdb5df2,b58fafcbf4302b4f98e820182abf04ae,0,463,1113,2430,1113,1967
ebc78d5848d2bdb6d99949bb8245c310,cc7a34e12cc6ea28f826250b6d34681e,0,0,795,2288,795,2288
b2deb4a18f3ebd2ea976864f1117b00c,e6dde5d7d4bf327d7de0f9c04d9399a4,1811,0,2800,2982,989,2982
8a6ef52c1a6c9f9984d269f9bf5e794d,5a7674021668681ab6bd23183b5de6e1,1694,622,2800,2782,1106,2160
ebc78d5848d2bdb6d99949bb8245c310,9df6d17696f3f3897aaa3f47c20d3288,0,589,863,2486,863,1897
8a6ef52c1a6c9f9984d269f9bf5e794d,f46e555c2de75388469845f9bcee17cf,0,588,1234,2856,1234,2268
27de4919323355abc9dc92603fdb5df2,8a0ea2114a239ce7661f09440c98e803,1677,0,2800,2379,1123,2379
8a6ef52c1a6c9f9984d269f9bf5e794d,94edd4e46c673fc3e7a4e089b1778e02,0,0,1205,3518,1205,3518
09597acabfd6642bf7f906983b3c5e18,e6596a9e5af0b507415ef581c83955ed,0,765,652,2569,652,1804
09597acabfd6642bf7f906983b3c5e18,ea2711964d79d3bc522eeeddd4a77548,2173,815,2800,2626,627,1811
27de4919323355abc9dc92603fdb5df2,affdc5439f3771b95b57873ce1c31293,0,0,1088,2456,1088,2456
4ced79c0b67e4612d484a001ee397ece,97658b49df94fb277e0738070ae280ff,802,517,2012,2508,1210,1991
09597acabfd6642bf7f906983b3c5e18,9f74651c8b54f174fdc64a59ef9bde57,2087,0,2800,2496,713,2496
dc32f111b94513987397e578fa14dfd8,6e1785e082ef9140a24a208f23d1402d,1912,7,2800,2551,888,2544
dc32f111b94513987397e578fa14dfd8,eecb873f15da43f5fa8221c1ca8bb12c,0,1026,845,2873,845,1847
4ced79c0b67e4612d484a001ee397ece,86368279c1a41b7a25ff71eaa93d90e0,892,0,2012,2451,1120,2451
4ced79c0b67e4612d484a001ee397ece,a597c54f2f84e5a6c72490bd1a989638,0,0,1194,2655,1194,2655
ec3b840cf9c6fb1459b945a567955c87,4a457ddcbd124f539e9338e42c4132b8,2082,694,2800,2437,718,1743
4ced79c0b67e4612d484a001ee397ece,f7f0d6a07f885d40b5c9a53f719e1311,0,208,1194,2256,1194,2048
dc32f111b94513987397e578fa14dfd8,8fed6d7ee99ad46f499d99835dbb7bdc,1900,0,2800,2467,900,2467
e668b1bed3d1501af1c88ef1ecd85a8c,6f6c283d16eef33b314e99fcedad3831,1318,367,2012,2271,694,1904
00a7a306c763ab5f0cb6a846825b7d04,6c4c8ea04f9fd60b26e6480d988c1e58,0,0,1419,2715,1419,2715
00a7a306c763ab5f0cb6a846825b7d04,274942d5c9036c89aca0b16a36d2b076,1412,0,2800,2512,1388,2512
e668b1bed3d1501af1c88ef1ecd85a8c,ef47ebf43fba3f029e553764a04135ef,0,278,767,2248,767,1970
e668b1bed3d1501af1c88ef1ecd85a8c,673d70ba894806521b0aa011916479e8,0,0,829,2812,829,2812
ec3b840cf9c6fb1459b945a567955c87,0d075474d9483102a0cae00ecbe34b8d,0,703,788,2551,788,1848
ec3b840cf9c6fb1459b945a567955c87,1ee415634a4c8f92bfbe81841ed8c9b1,0,0,836,3518,836,3518
dc32f111b94513987397e578fa14dfd8,eac4628eea309e49464ac65e4dec0e3c,0,0,909,2588,909,2588
00a7a306c763ab5f0cb6a846825b7d04,c7ae763953bfd86e922d9259e2c7afc7,0,0,1411,3518,1411,3518
09597acabfd6642bf7f906983b3c5e18,dcdd869d683b23b8c2773ff6ed2af37d,0,0,709,2646,709,2646
00a7a306c763ab5f0cb6a846825b7d04,2ce50597d3a7711d30b9ec3a0aa25623,1462,0,2800,3140,1338,3140
e668b1bed3d1501af1c88ef1ecd85a8c,673e2ee6dfb0c4165a7cfde1ba5a7f55,1270,0,2012,2812,742,2812
8425577ae8f1be60f587343e29f90198,7041e1f08dc535782a076cc92cf8f8a4,0,698,636,2572,636,1874
b2deb4a18f3ebd2ea976864f1117b00c,726295f9d45ec3a07126e31a87faa15e,0,218,1023,2634,1023,2416
ec3b840cf9c6fb1459b945a567955c87,3ec86e562dff55015cf5cc926dd64220,1895,0,2800,3518,905,3518
6022f1ccd1c5acc273e9566cdfba15cf,dcecfcb1145d27629d89cda4a859a729,0,472,1060,2642,1060,2170
b2e48968084de58ab1b8cf5053c3c862,915e7b2df339cd343340343833249d3e,0,299,828,2648,828,2349
b2e48968084de58ab1b8cf5053c3c862,22086d7335bf0343272f7895fdc5936e,1990,313,2800,2623,810,2310
6022f1ccd1c5acc273e9566cdfba15cf,91bb67d72e342e122aa5bfcefb030e17,1698,596,2800,2786,1102,2190
b0d9c0ab3907f03c3bdd66e85f64fc1e,087d0854e9726b2af6ed848d56b4f5ab,1589,734,2800,2760,1211,2026
b2e48968084de58ab1b8cf5053c3c862,e1af4d70e09653c40eabb89a5d2505af,0,0,825,3235,825,3235
b2deb4a18f3ebd2ea976864f1117b00c,f49ce48d73e4d241ed3a7793efdebd49,0,0,1073,2815,1073,2815
7dcf003f90cf3c2acc1e6eac434b89b2,6d58556e63974f130bb34d310925f2e2,0,671,827,3518,827,2847
b0d9c0ab3907f03c3bdd66e85f64fc1e,4366482fab49dbec53350b70cf905778,0,0,1095,2461,1095,2461
6022f1ccd1c5acc273e9566cdfba15cf,5571726df3ec1d9eb4340d0191ae26a3,0,0,1212,2741,1212,2741
7dcf003f90cf3c2acc1e6eac434b89b2,eac34de164494f4987745db8939745f2,1848,0,2800,3518,952,3518
7dcf003f90cf3c2acc1e6eac434b89b2,47b1b0515b5b26c5ead869ba16bec772,0,0,892,2436,892,2436
660cc28d2afc940f713329b9c85189e2,e73e603495936401243e3a3fe2717606,0,342,983,2434,983,2092
b0d9c0ab3907f03c3bdd66e85f64fc1e,df5ead2727c00416792ac558a8d9823f,0,713,1087,2698,1087,1985
660cc28d2afc940f713329b9c85189e2,839daaa1cd7bd0b1f50066fbaef9097d,0,0,994,2812,994,2812
660cc28d2afc940f713329b9c85189e2,001a7b5ce968560c0660ba09c11e7bdb,985,154,2012,2218,1027,2064
6022f1ccd1c5acc273e9566cdfba15cf,256899b6a562423759117b9280a86535,1679,0,2800,2702,1121,2702
7dcf003f90cf3c2acc1e6eac434b89b2,865ea0c6e4c297b2fa8df48bf920094c,1910,444,2800,3518,890,3074
b0d9c0ab3907f03c3bdd66e85f64fc1e,4130d278f4f247a53d08aeb96e6fd7fd,1685,0,2800,2775,1115,2775
a70244177ad4d8ab95639970e99fdc48,97196e6c3497c388bf195494da7b832e,0,411,1113,2452,1113,2041
a70244177ad4d8ab95639970e99fdc48,c8f67f602cde95de90dbff5fbac905cf,0,0,1190,2637,1190,2637
c92271d34f64e3140a4f9444fad61167,9c181ca2752f0a3dfb54c29c2a618550,2095,649,2800,2629,705,1980
660cc28d2afc940f713329b9c85189e2,e472e875e349e3518b245e713cf0b66c,1012,0,2012,2386,1000,2386
a70244177ad4d8ab95639970e99fdc48,f53ff746e2acb7e75d9be655691bb3e6,895,0,2012,2812,1117,2812
a70244177ad4d8ab95639970e99fdc48,97ecc52bb14d71ddba484196281a615b,787,0,2012,2812,1225,2812
c92271d34f64e3140a4f9444fad61167,2bcf3e4bfaff4c680de3fd12f3af0fbe,0,702,839,2730,839,2028
2f126c81d8337238775a8585712d9711,633b5f53e56b748d9a0025dcd9d48819,0,892,1052,3005,1052,2113
2f126c81d8337238775a8585712d9711,3672eb1a762af35978541a855c4271f4,1727,366,2800,2508,1073,2142
f14d07d95195ebe690da98ef6381da8a,992462dc3f9fcf977030c1397d241634,1881,735,2800,2736,919,2001
faaad098b403265d6da40b5f16fbe18e,c45e086b824514569e2f16426c3d1407,1882,502,2800,3518,918,3016
2f126c81d8337238775a8585712d9711,4ab982f04a9e059084a4d3a6ea48f87e,0,0,1793,3518,1793,3518
c92271d34f64e3140a4f9444fad61167,91e2eba69fed3aee45e4221fd8f08964,1965,0,2800,2508,835,2508
2f126c81d8337238775a8585712d9711,abe11e010d5bcee9e531b6f6e9a19d09,1828,0,2800,2845,972,2845
faaad098b403265d6da40b5f16fbe18e,7007ced529a36ac4b7639b8ab15f3ce0,1892,0,2800,2621,908,2621
f14d07d95195ebe690da98ef6381da8a,a5c58346243f8c285f1f496c8ec5d37e,0,586,950,2750,950,2164
b2e48968084de58ab1b8cf5053c3c862,757664943f3135904cef79129b4226fb,1878,0,2800,3425,922,3425
f14d07d95195ebe690da98ef6381da8a,ea0beb190ef77fa15abd7a4754a965f0,0,0,1016,2565,1016,2565
63b514e552a48d6d2d83875e62cca2a3,8605fdbef000cf7f470b3efcde61ba64,1834,446,2800,3518,966,3072
faaad098b403265d6da40b5f16fbe18e,5348dc36f1224e5c28d87f8931089fc1,0,220,1033,2416,1033,2196
f14d07d95195ebe690da98ef6381da8a,d4805ede46b72cf47fd98dc975937018,1813,0,2800,3005,987,3005
8e436162cf8e7fa007b5341514f4f942,4afd1c92fec8188622fae1dd31bde149,2123,688,2800,2403,677,1715
63b514e552a48d6d2d83875e62cca2a3,4d75473603c39fdd8408ccf46cd196ec,0,0,1034,2788,1034,2788
63b514e552a48d6d2d83875e62cca2a3,c8bc1552445b93c528507df0da06d09a,0,504,949,2841,949,2337
63b514e552a48d6d2d83875e62cca2a3,52890c974a9d4a13ba42bca0c0172070,2001,0,2800,2548,799,2548
c92271d34f64e3140a4f9444fad61167,c5aac799190fbd37c6ac4d7a6c2f733d,0,0,889,3518,889,3518
faaad098b403265d6da40b5f16fbe18e,699122d9e279ec00f80268ae88ca559d,0,0,987,3518,987,3518
2ad573bf0a419ab289c3a23c6a6db18f,0dbefd399e927c569962413566f95906,0,536,401,2352,401,1816
2ad573bf0a419ab289c3a23c6a6db18f,280656c890a07393bd6db387839a13d7,2375,361,2800,2150,425,1789
8e436162cf8e7fa007b5341514f4f942,75bfb86162a9e20539be02d65999df2e,2111,0,2800,2629,689,2629
8e436162cf8e7fa007b5341514f4f942,250e08a39766a6fe5dd4657c777e52b2,0,466,734,2372,734,1906
2ce54f1343820bc56677a6137d6cdde4,c2da8cbf9c0f9f34c0c3af09dfc26d19,0,0,972,2340,972,2340
2ce54f1343820bc56677a6137d6cdde4,2f84f5b23b76bb33897b8a535d0f190a,0,404,959,3012,959,2608
2ce54f1343820bc56677a6137d6cdde4,7acf90b5352d07eb1fe71816a8d97b7f,1869,257,2800,3191,931,2934
2ad573bf0a419ab289c3a23c6a6db18f,d6db56d5cb90391e234dca76c4a344e4,2043,0,2800,2291,757,2291
2ad573bf0a419ab289c3a23c6a6db18f,b387aad2944f30b778575470728d932d,0,0,713,3518,713,3518
27cf4baeb7fe2475f982c7d7cb9a2700,7b97274a166c41b19312e62d282b0dfa,0,531,1149,3161,1149,2630
2ce54f1343820bc56677a6137d6cdde4,39ad25a297b1761bb0aa2658cdb3d0e5,1905,0,2800,2283,895,2283
735eff468d2c44b0a4a669d5c866a264,6ab840ed9a30b21b3c90c9296c682fbf,1766,0,2734,3580,968,3580
735eff468d2c44b0a4a669d5c866a264,9c1e95fe1a3c41da08848a7d86a459a6,1729,534,2702,3580,973,3046
959351048c9efa74f8cb8e4a0646038f,3f4b1759f0e924b95dfdb44e326633e1,1874,0,2800,3446,926,3446
735eff468d2c44b0a4a669d5c866a264,fa1c1f6d1dd9fab1616ac5ec3fd178a2,0,0,1016,2782,1016,2782
27cf4baeb7fe2475f982c7d7cb9a2700,907d5353f9b892e35ae5495e256c15e4,1669,600,2800,3048,1131,2448
2b48f13688211af161ca5880d9fcaec3,5e65ff8020d615e6561df8aee72894ef,0,595,859,3266,859,2671
27cf4baeb7fe2475f982c7d7cb9a2700,f6b5181ccd64885abc7da66aef7f91e0,0,0,1322,3518,1322,3518
2b48f13688211af161ca5880d9fcaec3,68ba2f79b2cbffecb3512279a6879fc7,1811,0,2800,3260,989,3260
735eff468d2c44b0a4a669d5c866a264,cbc4c93d5ce7cdf6b1defd9780b32555,0,330,1013,2469,1013,2139
2b48f13688211af161ca5880d9fcaec3,372aca2e23701e07dbec9ee47a8b1d86,0,0,826,3268,826,3268
959351048c9efa74f8cb8e4a0646038f,80ae11a78bfd7c9598138c82cd756ad3,0,610,792,2883,792,2273
959351048c9efa74f8cb8e4a0646038f,a4940f4a5e68cc3f959039fc7a7101fa,0,0,922,2920,922,2920
27cf4baeb7fe2475f982c7d7cb9a2700,05ccc4e949e68d4e2265861fee7ee738,1598,0,2800,3518,1202,3518
2b48f13688211af161ca5880d9fcaec3,41b26fbba63c7cb1ffd46446fb7dff96,1911,460,2800,3225,889,2765
887492ba46d5e9ad3f516498ea193224,871ce0ce6a6572ba77aa8bea72a601df,0,0,1084,3518,1084,3518
887492ba46d5e9ad3f516498ea193224,f7c7774f9931ebca411d6fa98fcf9661,0,256,1005,2445,1005,2189
cae2f2ba4246239e8f547e5ca6086168,fd4711b3361927b007205d444f442f2c,1879,1121,2812,3156,933,2035
24aaa8ab2168c2636d36ea6bc8f2ea45,545fd3c4e115c530d7710fa284a5bf8d,0,41,966,2512,966,2471
cae2f2ba4246239e8f547e5ca6086168,63f4053da6b026f6b58b159fdf79b6ab,0,0,1083,2935,1083,2935
887492ba46d5e9ad3f516498ea193224,bd80fa6b572daf5c488121a05cc7b538,1737,0,2800,3518,1063,3518
cae2f2ba4246239e8f547e5ca6086168,845416d56a11f005fdf8a26925b5fc43,1780,0,2812,3221,1032,3221
24aaa8ab2168c2636d36ea6bc8f2ea45,a108f93e7ab48d8836f0b1bb5fbd4d87,1888,0,2800,2720,912,2720
cae2f2ba4246239e8f547e5ca6086168,8c91dd4b7b90a82ea2f89627d2f67092,0,329,993,3580,993,3251
1b2e245cbc2207a99a7c5a5701099cfe,bbaf951665c9577eb6a1e15168e3fc3e,1969,265,2800,3340,831,3075
24aaa8ab2168c2636d36ea6bc8f2ea45,906d5b77b53d31f3af9ada9f0514c8cb,1981,0,2800,2777,819,2777
b0edd960e3f8b68ebf6debae183a7caf,410a3bbf409505f0a62e2f9772dd84fa,1962,648,2800,2461,838,1813
1b2e245cbc2207a99a7c5a5701099cfe,f38cde32bba486c82ed7285cb4072ff9,0,0,968,3518,968,3518
1b2e245cbc2207a99a7c5a5701099cfe,3f76424467cf46d87e28dc09b5df129c,0,911,764,2961,764,2050
f1702c9e0f4c381fca530589c88356e2,f5b9c502a087f77d0606b0291a2e0606,1774,0,2800,3518,1026,3518
959351048c9efa74f8cb8e4a0646038f,7f15b3a190e083789406c5bac2f852b6,2051,434,2800,2468,749,2034
b0edd960e3f8b68ebf6debae183a7caf,a02b0030f2550a19502987663d712ec7,0,482,863,2361,863,1879
7b20de762f2addf67332cb9ac8e256de,be45d89c68df93899a6afb5d6d6a6e7a,1747,0,2800,2527,1053,2527
24aaa8ab2168c2636d36ea6bc8f2ea45,e486444b2ebff6a94825bcecd92696c2,0,0,1229,3518,1229,3518
1b2e245cbc2207a99a7c5a5701099cfe,bd79c44afc71e1e9437899b0a9ce871a,1843,0,2800,3518,957,3518
b0edd960e3f8b68ebf6debae183a7caf,0e36c131015d34328bf56065efb0e3ee,1855,0,2800,2534,945,2534
f1702c9e0f4c381fca530589c88356e2,f02c2ef87769caa6726c21119bafb348,0,396,959,3518,959,3122
b0edd960e3f8b68ebf6debae183a7caf,de1fa3a78d7ff2d5e52dac51162af5ed,0,0,951,3518,951,3518
f1702c9e0f4c381fca530589c88356e2,649259e571b44ca2ba489d9c28fd2551,0,0,1081,3518,1081,3518
887492ba46d5e9ad3f516498ea193224,05dc96041c041ef9d6ec1cb2c86d86bf,1813,415,2800,2529,987,2114
8e436162cf8e7fa007b5341514f4f942,bb8b7c6c8ffe10f65c8103f5e6a7cc40,0,0,738,2663,738,2663
f1702c9e0f4c381fca530589c88356e2,e79f419d756e9902fc6ff80ca0d7f7a3,1816,0,2800,3518,984,3518
7b20de762f2addf67332cb9ac8e256de,bbf9514dbbeb9886db1b9aaa59dcf548,0,0,1196,2480,1196,2480
7b20de762f2addf67332cb9ac8e256de,91d65f23af3347d04ca78670bf65b9e1,0,113,1249,3518,1249,3405
7b20de762f2addf67332cb9ac8e256de,4204c10ba8d143e6258f2a573768be17,1572,88,2800,3518,1228,3430
f125b6490072449829ec2a7f9a360a17,5c3228e76ffd1a6e17fd700fe7a606e4,0,932,1085,3192,1085,2260
f0ebf229fda33b0a6f7db9667713c4e3,a2029736d196db09c69754bfc5f4fa22,1915,512,2800,2388,885,1876
f125b6490072449829ec2a7f9a360a17,bb24eef50435f6fe35508a8e694ce2d8,1787,646,2800,2714,1013,2068
f125b6490072449829ec2a7f9a360a17,80b675ad4d0723c5171b496876df9c48,1660,0,2800,2732,1140,2732
f125b6490072449829ec2a7f9a360a17,d93e4d84f33d8ee00c719fd0d3a395c1,0,0,1063,2804,1063,2804
b59bae965ae42ea406668cae7d0fdb73,dd42d80877eaef9bc8a2bfb61c85f9df,1170,0,2012,2812,842,2812
acf0e14f8dbde75e46a78e86fe538e24,fc2aaab84ef981a38499a96753e5b182,0,791,825,2689,825,1898
87e90a3430878df5e8a9beaf039778aa,e867f6af078abede8329e83156822a89,0,0,817,2295,817,2295
acf0e14f8dbde75e46a78e86fe538e24,ccbe9482a4f09fdc62f9f18787a7515c,1982,719,2800,2647,818,1928
0d526c072e159c53d5678c009b7ca1e2,e995b52c25d10eb247d42dcbc967c52c,0,101,1426,2801,1426,2700
f0ebf229fda33b0a6f7db9667713c4e3,875995ad40a12e4fcc02d377fdb538b3,1963,0,2800,3488,837,3488
b59bae965ae42ea406668cae7d0fdb73,77fff7c505cad3574325bc04d3b0f923,1181,0,2012,2306,831,2306
87e90a3430878df5e8a9beaf039778aa,a97ba4446d1c045b2cb3d30e72a5c767,0,647,947,2420,947,1773
0d526c072e159c53d5678c009b7ca1e2,72185b3714aa593dc9fba73e49863a67,1251,0,2800,3087,1549,3087
87e90a3430878df5e8a9beaf039778aa,82e04ba78da6700aea1ab246c67600fe,1961,0,2800,2312,839,2312
87e90a3430878df5e8a9beaf039778aa,83836a35b67abe23be47c31d78eb03b3,1932,717,2800,2409,868,1692
acf0e14f8dbde75e46a78e86fe538e24,dc5ae77422a7465219f4c114dd58aa88,0,0,964,2923,964,2923
b59bae965ae42ea406668cae7d0fdb73,142c352dc17e775190c8f29ea3fc40ca,0,311,855,2414,855,2103
f0ebf229fda33b0a6f7db9667713c4e3,c0fa7d349f2c15625b06d65e324d1752,0,585,931,2463,931,1878
0d526c072e159c53d5678c009b7ca1e2,64f480ba05f1d40c45d80a6b551121dd,1384,152,2800,2867,1416,2715
7077d6ce8033c800d8619715a629af4c,512a080928cb8f5a82ac82a0ceb1396a,0,170,939,2177,939,2007
7077d6ce8033c800d8619715a629af4c,7049e1f039758d3476344ba7073e6056,1162,196,2012,2241,850,2045
f0ebf229fda33b0a6f7db9667713c4e3,8fdb067ff55959fe66b8e6e3997100ce,0,0,766,2768,766,2768
7077d6ce8033c800d8619715a629af4c,a1bdf74c2c78368d1c93fa62bf442cd2,1008,0,2012,2426,1004,2426
59048ef654d1681b844ce17ecb17f280,112f3e058bc20c775760dba428f8e444,1648,208,2800,2465,1152,2257
b59bae965ae42ea406668cae7d0fdb73,80553ce66514a03ab7a8eafd73053c38,0,0,894,2812,894,2812
59048ef654d1681b844ce17ecb17f280,15e7a20f5b7059c83f53021a9b2a7ccb,0,635,1353,2868,1353,2233
b2c39c5db56f3c0a0f09111109763185,a41ba921116aa88ba40dc1efe27452d5,0,0,1001,3518,1001,3518
59048ef654d1681b844ce17ecb17f280,409ef98f9b17f444959fce0af064379b,0,0,1270,3518,1270,3518
7077d6ce8033c800d8619715a629af4c,1279361f56178ed5e0f1a31d318c34f5,0,0,896,2446,896,2446
acf0e14f8dbde75e46a78e86fe538e24,398056ff018a76ad7379bdd2d5806a07,1886,0,2800,2840,914,2840
b2c39c5db56f3c0a0f09111109763185,54be64c25bd95ac1566a1919843026d0,0,373,927,2594,927,2221
59048ef654d1681b844ce17ecb17f280,ef1ad1eba99433d849ce3ba335288b58,1598,0,2800,3518,1202,3518
0d526c072e159c53d5678c009b7ca1e2,ccc1cd5a171561da92b3db278f1daf9f,0,0,1525,3518,1525,3518
dc525b81491e0d9c04db70c774c54025,ab86be7ee7a22cdd4df0ca7a7d3e9c97,0,0,864,2688,864,2688
dc525b81491e0d9c04db70c774c54025,4edbc177b69a51bb5eeff7eceb969ef7,1958,0,2800,2172,842,2172
b2c39c5db56f3c0a0f09111109763185,3faa4c4c6a8d6636ba04ea570db3cb34,1798,0,2800,3518,1002,3518
3b6d608f45152cad89b613f4cc904ee9,e07ee1e565399fbc2e8d1749e5dd4c16,0,730,687,2616,687,1886
dc525b81491e0d9c04db70c774c54025,15d6dfc130e0bb9d23cb347b05c8a805,1995,503,2800,2334,805,1831
1a6eb4bb66e7e5a47d9191e0aa13930e,fcfc75c0adef3f1491137de3f855d39c,0,676,872,2728,872,2052
dc525b81491e0d9c04db70c774c54025,017d8114a3fb892be63cab5189b88198,0,626,765,2454,765,1828
1a6eb4bb66e7e5a47d9191e0aa13930e,e48e851221a9116a9f0b46e4a51f177b,1953,0,2800,3192,847,3192
1a6eb4bb66e7e5a47d9191e0aa13930e,048442000c4a83196f09dd278f743b3c,2009,785,2800,2701,791,1916
1a6eb4bb66e7e5a47d9191e0aa13930e,68e4a2c85b46b78118fd2dac46a9afbb,0,0,745,2982,745,2982
e6d3066582eca081da14b4727e67ed72,d6e1f2ecb7959be080b4d8d794e2ff47,943,146,2012,2545,1069,2399
b2c39c5db56f3c0a0f09111109763185,662500d7ef2066ce3b4c1b952279a732,1818,326,2800,2468,982,2142
3b6d608f45152cad89b613f4cc904ee9,679176173a9f76408d0027a2c09d32ab,2156,428,2800,2201,644,1773
3b6d608f45152cad89b613f4cc904ee9,8c0dd3b83179d39ed6b67f7f806ce3e0,2027,0,2800,2604,773,2604
3b6d608f45152cad89b613f4cc904ee9,2918a477c971c244c8f23fab57452de1,0,0,723,2672,723,2672
aea8a489a726e3e313069846dca5640c,1c77399720e266b2124c6151b7bec82b,2114,436,2800,2769,686,2333
e6d3066582eca081da14b4727e67ed72,370708673ac965494236a3a50efbda36,0,154,1193,2812,1193,2658
a384c133416b47e3a4eb4df1f519748a,b2a8847f2a62d9bd64d48ae0c40a61ce,0,571,1020,2627,1020,2056
a384c133416b47e3a4eb4df1f519748a,e2914e693746bea51abebd1ebcb66195,1769,571,2800,3518,1031,2947
bbe607bf3b23345388d8fd2377dd83c0,b639f9df507f8cc4202b91591682fd91,0,816,810,3241,810,2425
aea8a489a726e3e313069846dca5640c,8ce22cd4d6868becbe875f74d83acd23,0,0,841,3518,841,3518
4abeab5d40dabcd0d15047e354124e1b,d5092314f5295ccb7f1afa2263433eec,2051,0,2800,3518,749,3518
4abeab5d40dabcd0d15047e354124e1b,c4fb5cd71667ac6da7da1467fffa4278,0,483,659,2589,659,2106
bbe607bf3b23345388d8fd2377dd83c0,3ab538474fb43b37824d0d549e2c7bec,1936,0,2800,2655,864,2655
aea8a489a726e3e313069846dca5640c,1f741efcce7da5f4fcc10378eeeab159,0,357,738,2655,738,2298
aea8a489a726e3e313069846dca5640c,8ca0d1b5937e87ebe91e09d4e45bcf73,1993,0,2800,3518,807,3518
783c0cf91084d210f1f16cfbccc3013b,4126770f9b05ec23006388fa91c72441,0,594,831,2744,831,2150
4abeab5d40dabcd0d15047e354124e1b,199b0919b32b45bdacde865d3c77b315,2179,814,2800,2660,621,1846
0fda26b0b42373ff7b2ed26527232899,ead8621d53c82057c20db660c13e57a4,0,0,1157,3518,1157,3518
a384c133416b47e3a4eb4df1f519748a,a8f2911bbf1ebb64e2e15e275b0da50d,0,0,1095,3518,1095,3518
0fda26b0b42373ff7b2ed26527232899,917197911f164a8a99037b6d6b72ceba,0,0,1196,2674,1196,2674
0fda26b0b42373ff7b2ed26527232899,0173c6e1773e18b479a95a11acf8125f,1596,510,2800,3518,1204,3008
bbe607bf3b23345388d8fd2377dd83c0,57074dce833587f29bf7218d39fcc773,2005,19,2800,2948,795,2929
a384c133416b47e3a4eb4df1f519748a,9ed0db9a85b0a25cf259b1b88518e9ac,1753,0,2800,3518,1047,3518
6951074b87f69ac9f76ee95aa813d89d,f99da9cbe5fe23ea582eb94cdd917ca6,2021,386,2800,3362,779,2976
783c0cf91084d210f1f16cfbccc3013b,55b151ba54bcb223711e03fa6cb9d74b,1974,0,2800,2486,826,2486
2d3f722896d9c562017546fde5d8dcc4,33599e83b483eb421f745acf18d6dbba,2007,870,2800,2742,793,1872
783c0cf91084d210f1f16cfbccc3013b,7cd28ee11bc59bb943d8fa0a069ed597,0,0,796,2417,796,2417
e6d3066582eca081da14b4727e67ed72,ebc2d9629a5c02db441eef12eb73c6cf,885,0,2012,2812,1127,2812
2d3f722896d9c562017546fde5d8dcc4,eee68a195e1bca0721597bdd923edb3e,0,589,851,2504,851,1915
6951074b87f69ac9f76ee95aa813d89d,0761c8560c1a9cd231299682adffc2a7,0,0,829,3518,829,3518
783c0cf91084d210f1f16cfbccc3013b,bee21e26ff3859720efd30fd90f896de,2014,509,2800,2494,786,1985
e6d3066582eca081da14b4727e67ed72,9a813031c1397095594227b0d5c2e42e,0,0,1097,2812,1097,2812
0da7201157257d33fbdbb784a6a6521e,91e6da7cb97216fc732bc777b9f5a4c0,0,707,741,2963,741,2256
4abeab5d40dabcd0d15047e354124e1b,8a700b34def2adfee8e277f45f94800b,0,0,728,3518,728,3518
8514265d2d9e04576e10c62ba6ba8f38,187eb974425119d112dd71341242d938,293,0,2012,2812,1719,2812
8514265d2d9e04576e10c62ba6ba8f38,169cffe5d726240e9fd7cc2726ff677d,580,0,2012,2812,1432,2812
0da7201157257d33fbdbb784a6a6521e,af48e02c78989b65eca55a2a77e5c889,1976,479,2800,2570,824,2091
0fda26b0b42373ff7b2ed26527232899,0ba808321022db9d6d29102276119ff7,1600,0,2800,2870,1200,2870
6951074b87f69ac9f76ee95aa813d89d,2cad8a091a8b5a5b6d51e38b9daff17d,0,641,855,3518,855,2877
8514265d2d9e04576e10c62ba6ba8f38,ce8fade0858307ed29fa9d848fc649eb,0,260,1266,2812,1266,2552
2d3f722896d9c562017546fde5d8dcc4,9b708e4e8de5b70e5896a9c4384157d3,1918,0,2800,2792,882,2792
2d3f722896d9c562017546fde5d8dcc4,24b3529f050a56afb384b30520bc8482,0,0,834,2629,834,2629
0da7201157257d33fbdbb784a6a6521e,2cdaf7cffadd4275836b8e68f74636cd,0,0,801,3518,801,3518
0da7201157257d33fbdbb784a6a6521e,cce8b3e4acb074432312af5e32338f99,1848,0,2800,3518,952,3518
6951074b87f69ac9f76ee95aa813d89d,61f99f8a61af76ecce93d7e9af9ac66b,1968,0,2800,3381,832,3381
bbe607bf3b23345388d8fd2377dd83c0,ef77befb4eb6ed45ac039b99f5ce7876,0,0,866,3029,866,3029
276f67853d66a1af9361bb52174a1072,bf7c12f171dff15c6a206408e42e89ac,1993,711,2800,2921,807,2210
276f67853d66a1af9361bb52174a1072,c8ceb95c5b9830d23fa80c9bb8a26b99,0,579,722,2694,722,2115
276f67853d66a1af9361bb52174a1072,f4297cdb2c36942e467b618f5d49cc06,0,0,747,3518,747,3518
276f67853d66a1af9361bb52174a1072,365d7a69db591b01de6b358a74ad4e3e,1989,0,2800,3518,811,3518
936d17cd70288ade09aba263fb6ade4c,cd4d3b303f23bd4d3f9e0dada7cbf2ae,1693,371,2800,3518,1107,3147
936d17cd70288ade09aba263fb6ade4c,35783aa87f0047a5c6addb74757915aa,0,239,1141,3518,1141,3279
bcb0736132d431b4b79b564afbb3fa8d,d288dec26f63ac511b4b9b876e8a80d7,2024,459,2800,2669,776,2210
e27b06a5652032f25cf82849417c92e2,cfbec68312cf2699f9aebae22a0387e3,1810,344,2800,2457,990,2113
bcb0736132d431b4b79b564afbb3fa8d,16a7ae04fb0ec0039afbceb6c920906f,0,664,778,2666,778,2002
b8c105a04aeb8108cfab69adf4d9ebbc,1e88348ef52450472e8bbb03be139ad9,0,341,951,2512,951,2171
b8c105a04aeb8108cfab69adf4d9ebbc,8c9269894806da070ea5dc506cbd9db9,1928,0,2800,2617,872,2617
e27b06a5652032f25cf82849417c92e2,497750ec65bf508fc941b23213540429,0,427,1148,2629,1148,2202
e27b06a5652032f25cf82849417c92e2,1bbd636b6808d685419b6b5cc0ceaa1a,1919,0,2800,2442,881,2442
b8c105a04aeb8108cfab69adf4d9ebbc,daa4f8faa8bf1e7e38da09f8137ea454,0,0,895,2608,895,2608
c9a71edccf029efbd7ede4da2edb23cb,505c0f1b3d71b342e462ef5ac531d74f,0,0,1123,2812,1123,2812
c9a71edccf029efbd7ede4da2edb23cb,92fb8c385426cb9e0122e9bcc80e6e68,0,0,1027,2812,1027,2812
4030c6cee754b36d54924ea1b0bf092a,3b6b7dd99a2830dab9ce6a44cd278c10,2115,333,2800,3278,685,2945
bf304cf38b14961bdd2312f4ffab8cf7,8335f04d2dcacd27c35c2d10b2ce53fd,715,0,2012,2812,1297,2812
bf304cf38b14961bdd2312f4ffab8cf7,98e52a4543ca6d58424b6b79b4c45768,0,0,1218,2812,1218,2812
c3c965d5b04ec218369d75137083da79,fc3bc3589056386225676939471d80aa,1782,652,2800,2734,1018,2082
c9a71edccf029efbd7ede4da2edb23cb,c740d55ae9c8377df36eaca8a367a85f,934,0,2012,2361,1078,2361
c3c965d5b04ec218369d75137083da79,701e1e35c23653a985e97c895bc57509,1868,0,2800,2679,932,2679
4030c6cee754b36d54924ea1b0bf092a,7d18a13d5b5ca9cd883562d204f511df,1950,0,2800,3518,850,3518
34b00985151cd1c47581cfbf95684ed5,c809e5d9e18f68436dbccf1d176320c9,1063,0,2012,2812,949,2812
e27b06a5652032f25cf82849417c92e2,48a6a4aacef7ef0c8af1949e01ccbecf,0,0,1046,2567,1046,2567
4030c6cee754b36d54924ea1b0bf092a,e70f9ec3bce61066ca18fdf89a152e62,0,167,802,2551,802,2384
bf304cf38b14961bdd2312f4ffab8cf7,f7f991a53a8031b9c1197b86220a8264,715,69,2012,2812,1297,2743
34b00985151cd1c47581cfbf95684ed5,078bfdfd6cdc42fd8e243693e2dcd385,0,197,949,2812,949,2615
c9a71edccf029efbd7ede4da2edb23cb,64b59416feadf93ec5239ce9e14abc7c,933,0,2012,2622,1079,2622
c3c965d5b04ec218369d75137083da79,e960415ee1ae86baba0471f2a04cdc6b,0,458,1037,2583,1037,2125
bf304cf38b14961bdd2312f4ffab8cf7,f15bf8abca003b8904c18e17adabd7d9,0,133,1143,2812,1143,2679
c3c965d5b04ec218369d75137083da79,59463951ef32217d7b99fddb97632882,0,0,937,2521,937,2521
8514265d2d9e04576e10c62ba6ba8f38,2d03e236d6b5863ef733a14c97003cdf,0,0,1381,2799,1381,2799
4030c6cee754b36d54924ea1b0bf092a,8616219db49980e459085fd43eab14fe,0,0,917,3518,917,3518
34b00985151cd1c47581cfbf95684ed5,2d76e488a70ef67ac38ae855deb92f0a,0,0,969,2722,969,2722
69c78d48f4733096b0dba3b76db4583f,fea014f300f20be112f3a1435185d294,1176,0,2012,2812,836,2812
bcb0736132d431b4b79b564afbb3fa8d,63fc9a74c6faa9ea7a869fe657201e70,0,0,777,3518,777,3518
69c78d48f4733096b0dba3b76db4583f,2159acef6a1c094392c4677e38d2287a,1163,0,2012,2308,849,2308
936d17cd70288ade09aba263fb6ade4c,61deb7dd48e76b9b2956b658b4c58f99,1592,0,2800,3518,1208,3518
34b00985151cd1c47581cfbf95684ed5,1fd772292c617418ea60f8ccd6ba0d07,1083,0,2012,2433,929,2433
69c78d48f4733096b0dba3b76db4583f,cf29db7b025c4cfadc74f94b726deb41,0,0,842,2812,842,2812
b8c105a04aeb8108cfab69adf4d9ebbc,3c4c5cc37c2c7e0917f6e4fc530b1b67,1949,78,2800,2566,851,2488
69c78d48f4733096b0dba3b76db4583f,30ae9ac15b68eb9daf3eedfbae3890a5,0,95,805,2354,805,2259
bcb0736132d431b4b79b564afbb3fa8d,3d82ea5059ac0803637d96e77ed88e39,1979,0,2800,2454,821,2454
af30b2eb2b2effefb6636f9f096c07bd,e785c08505d3f1bd6cdf5d4a1a919f68,1701,306,2800,2554,1099,2248
af30b2eb2b2effefb6636f9f096c07bd,665f9100c1aa11d51aac07a1ac35ed2f,0,723,1199,3040,1199,2317
936d17cd70288ade09aba263fb6ade4c,9eeeab7f8418a09cc3a71e313d5c3617,0,0,1245,3518,1245,3518
8da9e54a0e39817450be5a988a56b8f1,e3968feb0fcae2b33e7ac4989f137245,1093,0,2012,2395,919,2395
8da9e54a0e39817450be5a988a56b8f1,9b2d3e96cb0f1cf88df056f950775492,0,94,892,2587,892,2493
8da9e54a0e39817450be5a988a56b8f1,7d277d07d5573fd10f7111cb2cb7bc3f,1112,0,2012,2812,900,2812
8da9e54a0e39817450be5a988a56b8f1,ea1003ddbf35fc0ae473921b25bda5e8,0,0,949,2812,949,2812
3bdcc5d8c49f1e2b6332dc0a039ca35d,3cd51ee99070c4d625d52b848d5e9bfc,0,818,520,2943,520,2125
3bdcc5d8c49f1e2b6332dc0a039ca35d,a7acc2e02a4944c4fc72e32507b17fa7,0,0,1037,3580,1037,3580
f0d4c670c8b751ad625752cb5f83cb70,c6bb74a1f1149b128cf6bfe67c832f66,0,8,1108,2481,1108,2473
c9be12df897f8c76cb59fb76f86186c0,f0298359e0736a250b4c454ccf069af5,0,694,841,2883,841,2189
f0d4c670c8b751ad625752cb5f83cb70,6c50569df7037c123020e974b2cd5776,1022,148,2012,2620,990,2472
af30b2eb2b2effefb6636f9f096c07bd,ae53832faa32776ff8fdf25f419b534d,0,0,1265,2824,1265,2824
4e2a524809da6efb00768290ef1c9ab4,0459cb1c4c80b5c4cd4f2edd18e5ff98,0,0,873,3196,873,3196
4e2a524809da6efb00768290ef1c9ab4,7830d2b6a8ca5e3b75cf5b9a54dbf4d4,1872,0,2718,3227,846,3227
fcb33267e73c84aaab53c5d441c97262,e52f08852368dbe21f824b45f3505bed,0,527,1057,3518,1057,2991
f0d4c670c8b751ad625752cb5f83cb70,6e577a94555882180c9ddd59bc01f36c,1066,0,2012,2812,946,2812
fcb33267e73c84aaab53c5d441c97262,b39cb7c1d801a6a3365a48e83da29927,1651,454,2800,3518,1149,3064
4e2a524809da6efb00768290ef1c9ab4,87b149a98c3c63871fd385bfe0831738,1853,1001,2702,3134,849,2133
af30b2eb2b2effefb6636f9f096c07bd,d7c5785cf93876ecf4f0ae5e46fa4453,1494,0,2800,3518,1306,3518
c9be12df897f8c76cb59fb76f86186c0,f0a36badd225e189a56e1e4e4785fdad,0,0,896,3252,896,3252
ec17331610c6c212dffcabe6463e2362,cb74417a934644640d542388a336ad61,1200,154,2012,2812,812,2658
3bdcc5d8c49f1e2b6332dc0a039ca35d,10e0f362333df810ac84a9db8fb3fd42,2134,572,2657,3189,523,2617
c9be12df897f8c76cb59fb76f86186c0,8dbe4d9f1491d85dfab61151fb307aa5,1923,0,2800,3518,877,3518
c9be12df897f8c76cb59fb76f86186c0,b7a3f13ff47b121327c9a2f586095579,2016,188,2800,3518,784,3330
ec17331610c6c212dffcabe6463e2362,264233e448f4ac70a925dca6d1bfb64e,940,0,2012,2812,1072,2812
f0d4c670c8b751ad625752cb5f83cb70,8e531ebe9581a0c22da55979b76b1bad,0,0,946,2704,946,2704
3bdcc5d8c49f1e2b6332dc0a039ca35d,85a6579cbdc403cfc4dde0a8149ed855,1634,0,2681,3274,1047,3274
687d0ea75bfe7d058d2b0134808d737e,a6e00adbc40ad14476efe8f32f8e26ba,1771,549,2800,2835,1029,2286
ec17331610c6c212dffcabe6463e2362,0ff23ad9989f508517b61605b4fccb87,0,0,861,2669,861,2669
687d0ea75bfe7d058d2b0134808d737e,e165dbce702f93c82d3ae544c2190625,0,521,936,2557,936,2036
a2bf91e0fe7e14e9aec5a85bb44f673c,f0767999f862723678b592de33070155,0,0,942,2876,942,2876
a2bf91e0fe7e14e9aec5a85bb44f673c,77de2a91247a72ca4953a63b4316f8d3,1877,442,2800,2787,923,2345
4a864c3a904968a0c7c42cf8cd87c3a2,17ca95403dfa4140258967d58be8399c,859,73,2012,2812,1153,2739
a2bf91e0fe7e14e9aec5a85bb44f673c,4434962f5fa8fa186925aae529419682,0,463,932,2756,932,2293
a2bf91e0fe7e14e9aec5a85bb44f673c,0cc4c55d8a103691fbed1315de46f46b,1850,0,2800,2970,950,2970
4a864c3a904968a0c7c42cf8cd87c3a2,87e4db0a76232cecd874ae0fee26be4c,0,0,1036,2321,1036,2321
687d0ea75bfe7d058d2b0134808d737e,23cbdb8affa10910f72785045dbe3d28,0,0,1065,2774,1065,2774
ec17331610c6c212dffcabe6463e2362,ca8721781bc884bf4ad66b03e078486d,0,162,738,2421,738,2259
775ebb0780b981ac287f8340f3452bf3,fffe9b2017e97f5d26fdf37020310e3e,2070,732,2800,2659,730,1927
4a864c3a904968a0c7c42cf8cd87c3a2,5e6d46e2c89c514a0d6a7c12c673f4c2,0,0,1285,2812,1285,2812
64473ea6eaaad160d668c5ca51b47560,d809ebbfd3a29b0211604dd95079e04a,0,243,1112,2526,1112,2283
be45f1f4ef75a94957a8b40c02246d0d,46c2371b88992ed78ba714c8f445a98a,2068,862,2800,2587,732,1725
be45f1f4ef75a94957a8b40c02246d0d,78327bcd7d2f10401df5a3a42a13db42,0,0,786,2047,786,2047
775ebb0780b981ac287f8340f3452bf3,abb569efa7a23dcbd19b05990a6c7b9f,0,0,807,3518,807,3518
687d0ea75bfe7d058d2b0134808d737e,9f334a2e27c1d5798a68adde26951c04,1642,0,2800,3518,1158,3518
64473ea6eaaad160d668c5ca51b47560,99adbe0450fa45e43250e08e3f52822b,1656,611,2800,2745,1144,2134
775ebb0780b981ac287f8340f3452bf3,a888294297317d8d4b55d1c76de06aa0,1944,0,2800,3518,856,3518
4a864c3a904968a0c7c42cf8cd87c3a2,97148e3601f26984137981bc10bbc6ca,722,0,2012,2812,1290,2812
4e2a524809da6efb00768290ef1c9ab4,3826d3bf97e3e41019c11633a53b5641,0,490,862,2701,862,2211
be45f1f4ef75a94957a8b40c02246d0d,ccf3b17743536d367184acb6cd2570e0,0,906,714,2640,714,1734
12cb790484b10d38b76531ddda368c85,7da9fda4845082ed46fd8334ceac174f,0,0,1058,2767,1058,2767
64473ea6eaaad160d668c5ca51b47560,75e0ad756d9bf49300146930d31d61fc,1627,0,2800,2579,1173,2579
775ebb0780b981ac287f8340f3452bf3,5f3f4649c0fdd5cf3552cdfe7be3989d,0,285,821,2458,821,2173
64473ea6eaaad160d668c5ca51b47560,09d962380c374a20a5360d206ea4fbda,0,0,1191,2521,1191,2521
12cb790484b10d38b76531ddda368c85,d782d754eac511c49de2604b0f37e755,0,374,1002,2968,1002,2594
12cb790484b10d38b76531ddda368c85,fb80c4fc02310b7cbd766c6de76ebc2f,1719,0,2800,2792,1081,2792
fcb33267e73c84aaab53c5d441c97262,5c964fa5fe635633fcd76c71a524fb90,1724,0,2800,3518,1076,3518
bc01d2c4f5fe5e6be83ef636d5f3403c,2364f2aae3dc2a4466affb0b644b5487,0,549,1172,3518,1172,2969
bc01d2c4f5fe5e6be83ef636d5f3403c,b945abc59af0d7ee09cde14365a66567,1387,0,2800,3000,1413,3000
be45f1f4ef75a94957a8b40c02246d0d,0112888ebb711f6e8bacc5076928ce17,1907,0,2800,2271,893,2271
bc01d2c4f5fe5e6be83ef636d5f3403c,a6f2c04678dba416587a08a4a68558f4,1594,562,2800,2977,1206,2415
fcb33267e73c84aaab53c5d441c97262,15205cc191991470b1a8ff5e0c53dda0,0,0,1104,3518,1104,3518
217b91b8b9f1fb153ae61fa1bedebc74,d7b3a51a0d38a7e6c9c2d94159ce64be,0,1066,876,3070,876,2004
12cb790484b10d38b76531ddda368c85,cb1040b3b5afaf8e8a0501c32a170071,1772,12,2800,2537,1028,2525
217b91b8b9f1fb153ae61fa1bedebc74,e03939a1f42d8a718903034e9ca8a358,0,0,939,2688,939,2688
217b91b8b9f1fb153ae61fa1bedebc74,87c927e8d708fe1907e598d6d1e82f6a,1709,781,2800,2976,1091,2195
217b91b8b9f1fb153ae61fa1bedebc74,a5164691ae63f2d5aee3d8939f7ada41,1745,0,2800,2666,1055,2666
59cdfd470007325f745f84a2caa30ca7,ad0e7d9d3ac6955f7a4c592d46c2dbef,0,588,933,2657,933,2069
59cdfd470007325f745f84a2caa30ca7,34ee2f00bf7b71aba7b2204df4a76857,1829,528,2800,2715,971,2187
59cdfd470007325f745f84a2caa30ca7,99c3e000055b1f42c703cf79f6bf8602,0,0,1012,3482,1012,3482
59cdfd470007325f745f84a2caa30ca7,a1e8344111e4bc2f414bc770e1851ce9,1768,0,2800,3518,1032,3518
834134232277ed118180d19c85024b92,cb482416b9a77334b803b58eaa1fadb3,975,489,2012,2812,1037,2323
8ef0034ef82dab86f6503e92dfdf0ab1,acea1e194003331f3d31d14cc163e1b5,0,0,717,2331,717,2331
834134232277ed118180d19c85024b92,8d95b8d3ede8801a703a8bd86b2921d7,929,0,2012,2812,1083,2812
834134232277ed118180d19c85024b92,5648b8ea3ff080cb343f3c21f4f4c2f9,0,573,902,2734,902,2161
8ef0034ef82dab86f6503e92dfdf0ab1,d4eff98e493e46fe01bf47a8801f7880,2029,446,2800,2113,771,1667
834134232277ed118180d19c85024b92,bc8d3e9124868a89f0bd490f3f0f7cd8,0,0,938,2812,938,2812
8ef0034ef82dab86f6503e92dfdf0ab1,233d9ab7df8372f928dc330c4f854bbe,2011,0,2800,3025,789,3025
60002dadc07ecf86434aa64578c250b6,22e01b27ff9f9d468857d02ab8d2d514,0,830,1107,2985,1107,2155
1f361f98f99d4cad1c607c1771b19193,7f37e7d06fcdd81c431cdcc106f97874,0,384,868,2442,868,2058
1f361f98f99d4cad1c607c1771b19193,3333e4281581c601fc68b0b51355fac6,1822,0,2800,2754,978,2754
8ef0034ef82dab86f6503e92dfdf0ab1,2c50212cec5906f6e09a70baa21969f3,0,0,699,2657,699,2657
1f361f98f99d4cad1c607c1771b19193,34b48c49984a76d758f0f7a87cf12359,2047,153,2800,2249,753,2096
1f361f98f99d4cad1c607c1771b19193,2f385beb0d3a43bf251d819a59834ac8,0,0,909,2646,909,2646
60002dadc07ecf86434aa64578c250b6,2a8d58ff07771aa7abcb439e2b42d48e,0,0,1188,3518,1188,3518
60002dadc07ecf86434aa64578c250b6,360e55340476e19653d87eb377e7bad9,1805,0,2800,2876,995,2876
5b781bbae170550c7e48ab6a847f3c53,a7728205516b0c2adf983420253bc34d,1988,0,2800,3182,812,3182
bc01d2c4f5fe5e6be83ef636d5f3403c,4357dd021af15d2a9f28228f9561b372,0,0,1282,3518,1282,3518
60002dadc07ecf86434aa64578c250b6,faffad4612039d524f0791ca8076255b,1724,164,2800,2372,1076,2208
5b781bbae170550c7e48ab6a847f3c53,0b81a69efa8b502bd82f23a2940da9ef,2003,491,2800,2593,797,2102
8087671bc3e243bdcf933ff651df0b1d,917eb2a5ade30f76921a19064b61377c,0,470,1054,3518,1054,3048
5b781bbae170550c7e48ab6a847f3c53,7e8aee45140d1a3bed4496ba9e08a6c9,0,513,778,2704,778,2191
224b5e3270f0ba4465f865e01645b2ad,8747932457d259ea851c9382c160e6d1,1667,296,2800,2499,1133,2203
224b5e3270f0ba4465f865e01645b2ad,07a6c0452dc8baea91fe70041c4941ba,0,713,1143,2848,1143,2135
224b5e3270f0ba4465f865e01645b2ad,c7697096c55357aa034e2f1fbb46d5e2,0,0,1108,3063,1108,3063
8087671bc3e243bdcf933ff651df0b1d,8582623d6d67e0fa198e3cc83b6ae4c5,1793,0,2800,3300,1007,3300
224b5e3270f0ba4465f865e01645b2ad,c7f2a0a1660b1ba850bc0a1bcc81d665,1797,0,2800,2682,1003,2682
8087671bc3e243bdcf933ff651df0b1d,fbcbfdd198a898b5b8ea480688dd295e,1784,132,2800,3031,1016,2899
5b781bbae170550c7e48ab6a847f3c53,e7973a7f2dd8896e84db7587b1758a44,0,0,948,3272,948,3272
8087671bc3e243bdcf933ff651df0b1d,0b0f0267ddfed609b645314fd6edecd7,0,0,1160,3518,1160,3518
81885e37a9a42bd351516b83bc3f6d66,f3f7753468997b03b3d8707edd9bef37,0,0,872,3518,872,3518
7b6ffc5a51c22856e29562c0ad725343,643ccb2cb54345bc95606c9dd6228b02,0,0,953,2575,953,2575
81885e37a9a42bd351516b83bc3f6d66,6e0cfd8cdae637f4613868dbbc34b453,0,449,640,2615,640,2166
81885e37a9a42bd351516b83bc3f6d66,b2c3e51207d752c424ec1d00e12f39cf,1868,153,2800,2488,932,2335
81885e37a9a42bd351516b83bc3f6d66,b245b5394e517f3950c4268471e92d20,1723,0,2800,3439,1077,3439
9cb6d18c951598bdf33cf2956b57f367,1688c81edb3b019c0d2b0c06f6818ce1,0,407,825,2625,825,2218
5c4421aa672cf3d279a798962e3509c0,816c0c93af016f2195ba2047d15051f8,0,564,986,2843,986,2279
9cb6d18c951598bdf33cf2956b57f367,e50a9d4a878c16a62f3d50c5b16ef986,1975,0,2800,2944,825,2944
7b6ffc5a51c22856e29562c0ad725343,cd1fb1c93f2609062cbbaf203ce29190,1790,0,2800,2414,1010,2414
5c4421aa672cf3d279a798962e3509c0,ed2542679e5e0c741d53544a1fa8eab0,1876,0,2800,3518,924,3518
5c4421aa672cf3d279a798962e3509c0,6776eb47b0d963800754372342f4c0c0,0,0,965,3518,965,3518
7b6ffc5a51c22856e29562c0ad725343,fdde581cf69c77405f5a23261d9d8c4d,1864,258,2800,2389,936,2131
9cb6d18c951598bdf33cf2956b57f367,103a89800b202c387a040be3fd466727,1971,189,2800,2488,829,2299
9cb6d18c951598bdf33cf2956b57f367,c92666ac52e927d8b8bd31f24274cf8d,0,0,820,3413,820,3413
5c4421aa672cf3d279a798962e3509c0,8e0de2fcc47c384e76360dcb916740c8,1981,614,2800,2731,819,2117
d72c4e278b4ef5092598c7a42eb6f3bc,b25953f55872ebd53cb83c8ffc86f489,1726,134,2800,2310,1074,2176
8096a11267a09d240f371440e4e3104e,d3e4f3ae4d73cb8b5f18dc5bf9b4d174,1890,0,2702,2613,812,2613
8096a11267a09d240f371440e4e3104e,3a00af140bc31be362c14472fc892cea,0,0,807,2549,807,2549
3344ab85e1ba23a77fabcac9790fced5,957cc7a5cff85722a69377217521bcb6,1811,0,2812,2818,1001,2818
8096a11267a09d240f371440e4e3104e,a2d0d0d80b85b0368867cece39fb7341,1840,390,2718,2605,878,2215
8096a11267a09d240f371440e4e3104e,e763faff49d650b0d833a42b69fa533b,0,621,759,3580,759,2959
20f172dce9fbc51539f930bf827f4ea1,13513805604cf4927dc840c5ccf911c5,0,0,946,2693,946,2693
ea8b9d88d660bbf5baeadcd88d25bb53,0260e345c449baefc70f023b9c042ffc,1289,78,2012,2218,723,2140
20f172dce9fbc51539f930bf827f4ea1,6cffd3eebbffc17e58c01fa298fea452,1140,0,2012,2738,872,2738
ea8b9d88d660bbf5baeadcd88d25bb53,a2e83222d72f294c60cfb03a543f67d8,0,0,778,2248,778,2248
ea8b9d88d660bbf5baeadcd88d25bb53,44624fe6b900d6af0b28b85d0711e057,0,98,687,2243,687,2145
d72c4e278b4ef5092598c7a42eb6f3bc,f6fe5e74427abc92475530c4e76f42a6,0,0,1119,3518,1119,3518
20f172dce9fbc51539f930bf827f4ea1,818c4e1fe1f14487cab91a3ee4c90113,0,136,1010,2812,1010,2676
bd908910698e544ed6124e6c0e6f77aa,4ce4d5da86b455b9fe18865275fcb9c0,0,389,1252,3580,1252,3191
20f172dce9fbc51539f930bf827f4ea1,9cddda322f1f98083f5483ef18ca3918,941,0,2012,2812,1071,2812
3344ab85e1ba23a77fabcac9790fced5,e4cc051e46bc6a72c11321209c44ad09,0,0,916,2627,916,2627
d72c4e278b4ef5092598c7a42eb6f3bc,4bc782d298319f2aebe919f9763d833c,0,451,1029,2725,1029,2274
d72c4e278b4ef5092598c7a42eb6f3bc,7f2293705aeb744664d1186082ff1976,1825,0,2800,3518,975,3518
bd908910698e544ed6124e6c0e6f77aa,3601e53d8b41d75b906bffdd0e06bd33,1319,0,2750,2963,1431,2963
8a1fc2dbdfedf989393590e9ff4a5c22,6eb9494ffecd8972c597c49749159aca,0,611,745,2846,745,2235
8a1fc2dbdfedf989393590e9ff4a5c22,8d73a174ea91245f1cda41a767c01443,1873,0,2800,2853,927,2853
ea8b9d88d660bbf5baeadcd88d25bb53,794c5e1c6f3f839b73381958b25a326c,1269,0,2012,2059,743,2059
8a1fc2dbdfedf989393590e9ff4a5c22,cfccfa00a3db49d6136de90b77565bb1,1985,570,2800,2728,815,2158
8a1fc2dbdfedf989393590e9ff4a5c22,93e32b8e29a6ab2c5d2201ca53242efd,0,0,857,2898,857,2898
2a0db5fc9792f5b30e24bbee7186ae0e,157091566a874fe2dda7c1faa2c71f1f,1441,587,2012,2289,571,1702
3344ab85e1ba23a77fabcac9790fced5,41792ad8a4b7c250ed9f3b05a78b4cfd,0,284,908,2524,908,2240
5e3216db19aa93c7e397e29a7ede3ea8,32e01a034bcaa80bf0705edf2df04863,0,393,752,2437,752,2044
3344ab85e1ba23a77fabcac9790fced5,b95641a993217e0ad74fe10d2304c3d9,1800,211,2812,2787,1012,2576
2a0db5fc9792f5b30e24bbee7186ae0e,0d6acd20ee98b1f595f8c6e34decac5f,0,600,566,2374,566,1774
2a0db5fc9792f5b30e24bbee7186ae0e,1cfb67e68162ee3ac916cd21f60c3eb7,0,0,725,2444,725,2444
2a0db5fc9792f5b30e24bbee7186ae0e,8e04b8e6f17986884cc5c9c983e73850,1288,0,2012,2338,724,2338
5e3216db19aa93c7e397e29a7ede3ea8,98d192022b9699c10cb56f9c7487b5f9,2040,0,2800,2721,760,2721
bd908910698e544ed6124e6c0e6f77aa,7432f00d41180654694b91afac9dd05c,0,0,1165,2969,1165,2969
5e3216db19aa93c7e397e29a7ede3ea8,c914b7cf565f42dcff179e67b238d62e,2058,409,2800,2352,742,1943
5e3216db19aa93c7e397e29a7ede3ea8,a360856cbbb62ce72ee39d156c3a282c,0,0,858,2859,858,2859
2b439535813e682037b43be6d4b25732,363ca8a34a7b54d334cc02d1c12c1585,1549,0,2800,3460,1251,3460
2b439535813e682037b43be6d4b25732,8063074d949a8e09f1f7dfa6e7869f7a,0,488,1189,2799,1189,2311
2b439535813e682037b43be6d4b25732,ca29f9b290c2613c2d0ae9ccfc8fe722,1597,683,2800,3518,1203,2835
2b439535813e682037b43be6d4b25732,88cbd54b0e68f969f9bb4482ef5d7288,0,0,1253,2750,1253,2750
a36bd7cdbf8539f6a97d4532d717fecb,6748bd155fc501133402c93d64da0f22,0,214,1008,2456,1008,2242
a36bd7cdbf8539f6a97d4532d717fecb,adf1bc4384048cf2e0fa65ba851b5801,833,121,2012,2489,1179,2368
a36bd7cdbf8539f6a97d4532d717fecb,fc66a488616a6e412098f872251ce3a6,0,0,1038,2812,1038,2812
34fde28a1daef970cfacd6d4a33280b4,ebd154544be64b4a6404dfc37b78d78a,1776,639,2800,2614,1024,1975
a36bd7cdbf8539f6a97d4532d717fecb,0c92f5d371b26018060109309534ea7e,805,0,2012,2812,1207,2812
f83b21e63b18d6b9af2b4d85a79f3f9b,7f539ca60168354d02c2b11c1fd29cef,1210,0,2012,2000,802,2000
34fde28a1daef970cfacd6d4a33280b4,7bf1551589af9bdd49a4605247ee7094,0,309,1007,2678,1007,2369
0da0229903f1b5c7f2a2adab6de9395c,bdbcb1adceec347ac30d30e4d6c22c67,1976,181,2800,2446,824,2265
2e438b6b6f0328a7a3196d3626260753,80166167bb3a6219975a2a86c9b614a7,0,0,723,2109,723,2109
f83b21e63b18d6b9af2b4d85a79f3f9b,4e987dfda5527aaeb130cd74a30af947,0,185,820,2547,820,2362
2e438b6b6f0328a7a3196d3626260753,f452b669d0e556576c4b4ecd1833dd98,1224,31,2012,2102,788,2071
0da0229903f1b5c7f2a2adab6de9395c,204ea9526d45e36fa480df3dd631bbea,0,0,805,3398,805,3398
0da0229903f1b5c7f2a2adab6de9395c,1047bba10c6c532f09f7b455d5d18097,1958,0,2800,3494,842,3494
8aa98e423da25974dc78fc7cf402ce96,5831c327de854b800206b95702edbdc5,2311,940,2800,2473,489,1533
8aa98e423da25974dc78fc7cf402ce96,aec00276b8c291ed8ab336a4610ca47c,2274,0,2800,3518,526,3518
8aa98e423da25974dc78fc7cf402ce96,2739c867db33b9e1356a8765219dfa28,0,899,537,2509,537,1610
8aa98e423da25974dc78fc7cf402ce96,9e993638fbf5d091c27d4e2a48dbe4e4,0,0,601,2564,601,2564
f83b21e63b18d6b9af2b4d85a79f3f9b,1a44599d522cf4b130fb1ff642ba076a,0,0,873,2575,873,2575
0da0229903f1b5c7f2a2adab6de9395c,f083341519367bfb159b073180c8a65e,0,158,812,2488,812,2330
2e438b6b6f0328a7a3196d3626260753,28e3c9aa665f5bdc8dcfd6a53a7aedea,0,0,692,2591,692,2591
2e438b6b6f0328a7a3196d3626260753,c102f08ce8b67733ffdf16c5281962dc,1269,0,2012,2222,743,2222
5073ea1640196a292b9518747295f9ee,0bd5328d9cd200573c5a9ce66edf4cc2,0,848,505,2519,505,1671
f83b21e63b18d6b9af2b4d85a79f3f9b,fd82c7e8a98a695b12931e8293a6d76d,1113,0,2012,2812,899,2812
34fde28a1daef970cfacd6d4a33280b4,dd4b61037fd56f59ded225c0494b39f0,0,0,909,2523,909,2523
34fde28a1daef970cfacd6d4a33280b4,f131fbd0d9e8e47ef203a19ff4b4a136,1793,0,2800,2442,1007,2442
8d74ae0b140a3ebbffa81b63c3baee8d,56cabd3e79afe19ed0243977229be698,0,0,1202,2875,1202,2875
5073ea1640196a292b9518747295f9ee,c83e67237e3f5725cfde01836e9d8327,2331,515,2800,2171,469,1656
eacffaa980806c7a5072f8c840278bc0,0605b9b502acec2a189a91570ac965fb,0,0,794,2812,794,2812
c2745c87a2c4bfb5ee529ceb69b65786,7ee06abf3e22d2e0f6b69283dfd575b7,0,87,1034,3518,1034,3431
eacffaa980806c7a5072f8c840278bc0,b5772ad77162e366acf74d3faf30f0a4,0,175,712,2457,712,2282
5073ea1640196a292b9518747295f9ee,cf2aa328f22e6951b9282fbe2b79d114,2141,0,2800,2274,659,2274
8d74ae0b140a3ebbffa81b63c3baee8d,1f8697aca78c93b9d1be210fb0eeddad,0,823,1096,3518,1096,2695
5073ea1640196a292b9518747295f9ee,da563485eb9f971df37bfe788760c816,0,0,607,2282,607,2282
8d74ae0b140a3ebbffa81b63c3baee8d,e8a7bbb19960225dc5539cbf2421b44a,1684,444,2800,3518,1116,3074
7b6ffc5a51c22856e29562c0ad725343,8f767d85b07887943aa25c7a045281bd,0,448,881,2537,881,2089
ed095b0b5a94aa717d65bb2b449fa2a4,64f65b4d54dc7d878a87d4df9d86f497,1695,0,2800,2838,1105,2838
c2745c87a2c4bfb5ee529ceb69b65786,c6fcdcb4773ff751cd7584349f5cb0d4,1837,157,2800,3362,963,3205
ed095b0b5a94aa717d65bb2b449fa2a4,8f8190f8c1b7f6ce5902732652182503,1700,381,2800,2754,1100,2373
c2745c87a2c4bfb5ee529ceb69b65786,14b35f848224a1bef5e501a609c109c1,0,0,1177,2690,1177,2690
ed095b0b5a94aa717d65bb2b449fa2a4,b1ca66bf62a77a5ba5f6a46631deb2f5,0,416,1288,3187,1288,2771
8d74ae0b140a3ebbffa81b63c3baee8d,664eaf24591790838919c8f721f2d602,1583,0,2800,2802,1217,2802
c2745c87a2c4bfb5ee529ceb69b65786,43cf308a81cfd01b21725ac815f1dc3c,1652,0,2800,2705,1148,2705
eacffaa980806c7a5072f8c840278bc0,819cbf5dfbe6815dc73ff023746afbf6,1305,90,2012,2315,707,2225
b30853ef201886549a997d0517c6485d,8faee24eb628597887a03b9a7df35e62,0,622,553,2281,553,1659
2aba852b18dae4cb74a05136d62fb145,a133cfb3a90b7fe83ff104f3800f8ac8,0,0,844,3518,844,3518
b30853ef201886549a997d0517c6485d,350a08c2c42d84ea8f1385ebf3c8aa12,2064,0,2800,2149,736,2149
59d7a03d6653228192169d00869b69f9,e14aa863caca3f418a89edbc4d2cec42,0,338,751,2512,751,2174
59d7a03d6653228192169d00869b69f9,0593451876fc7327b87779c841295738,2108,740,2800,2721,692,1981
59d7a03d6653228192169d00869b69f9,a415eb0d4994db173b9ff7ca1ecf7e5f,1957,0,2800,2472,843,2472
e6a3e149e9af887c6f26074601676a3f,de0938995163311b26eaee4155b8d111,1168,0,2012,2313,844,2313
59d7a03d6653228192169d00869b69f9,80c1af9936f6939a0b152736bb3bef58,0,0,805,2546,805,2546
2aba852b18dae4cb74a05136d62fb145,7b0dd7863e1871b456b3e30b4d52ba75,0,208,1063,2306,1063,2098
eacffaa980806c7a5072f8c840278bc0,963e7dcdb27b8285d73b57373fc6ff4f,1162,0,2012,2812,850,2812
ed095b0b5a94aa717d65bb2b449fa2a4,9d012e4b0ed0f9f02f02bc08f6b840da,0,0,1327,2649,1327,2649
2aba852b18dae4cb74a05136d62fb145,552847e905a337118692d38dbb94b782,1785,277,2800,2349,1015,2072
e6a3e149e9af887c6f26074601676a3f,57516798dcc49b07591dc104a2b39394,0,164,892,2356,892,2192
a7dddf85e78c65bac3143d86d3d2d977,d16314d280f6e7617cf868665fdfc871,1525,296,2812,2922,1287,2626
5a26d75fa008bf07c1e9bad7c89c6421,e7f414890b7ef6b9e7a9e324863b7b72,0,495,874,2483,874,1988
ac975b1bd4e32c16d3051533656622aa,491dccc55dfaad63b0d2eaf6fc7daa8b,0,0,1106,2812,1106,2812
5a26d75fa008bf07c1e9bad7c89c6421,d5b91143b4690841b7a46cbcbeeddf21,1818,0,2800,2614,982,2614
ac975b1bd4e32c16d3051533656622aa,50c1f1a2d8495380a254293945a0a85a,1180,185,2012,2386,832,2201
a7dddf85e78c65bac3143d86d3d2d977,531bba59b58ee255662e46898934195e,0,516,1248,3090,1248,2574
e6a3e149e9af887c6f26074601676a3f,c0e56a697fd18ff07ce75b933bbc612b,1230,250,2012,2284,782,2034
5a26d75fa008bf07c1e9bad7c89c6421,5123f967bbf4db54282b4bbacb3ad0af,1840,765,2800,2690,960,1925
e6a3e149e9af887c6f26074601676a3f,f4eca6da6e9f36251e02144d97a09596,0,0,885,2141,885,2141
bd908910698e544ed6124e6c0e6f77aa,a092cba48b52fa15e080eb8df0cda4d3,1411,74,2766,3580,1355,3506
b30853ef201886549a997d0517c6485d,d7d673c7fa29fbfd465960bd885a656d,2267,708,2800,2253,533,1545
5a26d75fa008bf07c1e9bad7c89c6421,890982e8067d7957fa9f4a23c3cdbae6,0,0,931,2627,931,2627
2aba852b18dae4cb74a05136d62fb145,6950aef2f4c6e23d0f2bf87570656501,1744,0,2800,3396,1056,3396
a7dddf85e78c65bac3143d86d3d2d977,44f7ded389233e813bf4605a143dd117,1567,0,2812,3234,1245,3234
b30853ef201886549a997d0517c6485d,72b70861e4f453df5100e3ac807895c4,0,0,691,3518,691,3518
ac975b1bd4e32c16d3051533656622aa,4f1f57e071d6dc46b920f3e0da77e9ec,0,109,1065,2559,1065,2450
bda99c9642934e0bb47c011b7a5b3196,1f383b588baecf384725fc976a3ff10d,0,525,1000,3518,1000,2993
ac975b1bd4e32c16d3051533656622aa,ff8f69fe42dbf4216f638b2bbc092e4d,1098,0,2012,2812,914,2812
a7dddf85e78c65bac3143d86d3d2d977,f0f3808a479ac5e71f07084bcac83c68,0,0,1203,3142,1203,3142
bda99c9642934e0bb47c011b7a5b3196,1a98a2226d90b70a9aae6789f0594555,0,0,926,2588,926,2588
bda99c9642934e0bb47c011b7a5b3196,902bf9a97a3bb54229458fa7a4d5dd1f,1810,407,2800,3237,990,2830
bda99c9642934e0bb47c011b7a5b3196,2ea43ec1daa7d6cfb4fc4b364bdd5dec,1878,0,2800,2505,922,2505
2d42d1d9ebc7b061470d3e4db7fc0586,b9d4171cdbcb76d0814b76e57f03ea5a,1769,495,2800,3518,1031,3023
2d42d1d9ebc7b061470d3e4db7fc0586,4ca50eadf44b9fcadcd5ac7da26c016c,0,494,1066,2723,1066,2229
dd91e6813b10cdcbea55a2b89357579e,df1ec4d6589d0aae9c5879094f7c5d21,0,51,1016,2672,1016,2621
ff9e4f3aa02c617fd62e2ec6782b6246,d883047653946bff976fcd01f19ca831,1902,476,2800,2599,898,2123
dd91e6813b10cdcbea55a2b89357579e,3af2a18f519c009fbbc53bb5626841f2,1908,0,2800,2731,892,2731
ff9e4f3aa02c617fd62e2ec6782b6246,2b00666786509b1dbda38620c340107a,0,0,964,2577,964,2577
dd91e6813b10cdcbea55a2b89357579e,d45de4b0c8ce48f2f1d07e321c26f86f,1876,67,2800,2260,924,2193
2d42d1d9ebc7b061470d3e4db7fc0586,833daaedc04581348bb7c921764f37cc,1884,0,2800,2760,916,2760
ff9e4f3aa02c617fd62e2ec6782b6246,d9f3cf3bb995aa83a016da75ec8ef3f0,1766,0,2800,2463,1034,2463
2d42d1d9ebc7b061470d3e4db7fc0586,47e0f252548898f7257b1f23237d9185,0,0,979,2684,979,2684
ff9e4f3aa02c617fd62e2ec6782b6246,2750bf82e68443b1a3ac28f0c63ca8cc,0,465,983,2637,983,2172
dd91e6813b10cdcbea55a2b89357579e,95c17918569987c70f3985222614245f,0,0,1016,2713,1016,2713
950bc799e6c9341b571b8116f76de104,890760ce2ec877856a5c2212ab06088f,0,475,1039,2453,1039,1978
a5cc61acfb8a2be0e763ca7bc27128b6,6559b8de9d345fd8b234329f27659f99,1990,0,2812,2652,822,2652
6f327860ee6db5a398efbf106baaadfa,f7e69b7af44ac744861449b0199ac8a1,952,0,2012,2466,1060,2466
950bc799e6c9341b571b8116f76de104,70836a257ed3a0283130bf9b2d324405,1603,0,2800,2820,1197,2820
6f327860ee6db5a398efbf106baaadfa,999f6ca37555de1cc787fd04925c9145,0,0,946,2186,946,2186
950bc799e6c9341b571b8116f76de104,75cf2517d7e690fc23c8e4512fb2f6d3,0,0,1042,2541,1042,2541
d3bf6d6671f1f2c80b61493abe71ce07,ab8d9b686c3f56fb8b97cb2df2de7db9,1896,0,2800,2520,904,2520
d3bf6d6671f1f2c80b61493abe71ce07,bd6411c1dc2f08a20fabdc456c9ba11a,0,470,961,2712,961,2242
a5cc61acfb8a2be0e763ca7bc27128b6,1599fe0c3047a8378992398f9b52de54,0,614,951,3580,951,2966
b68a676a13ebfa43b174007b6bc82eca,cd9b58280ff3ce86071bb058b5e4c4b6,1132,0,2012,2570,880,2570
a5cc61acfb8a2be0e763ca7bc27128b6,ca2371b9f2b974848dd0ca71b778f0ee,1876,1054,2812,3580,936,2526
6c6af8c910bca9e8e91dcd757b2060bd,b64fec7ed6e44b3b5c967137c8061342,1875,797,2800,2682,925,1885
6c6af8c910bca9e8e91dcd757b2060bd,b3958ce8bf6d5d1b982fa78b37ed3e5d,0,0,860,2385,860,2385
b68a676a13ebfa43b174007b6bc82eca,a16ed391a641ba9612894756ff5979b5,0,0,782,2425,782,2425
6f327860ee6db5a398efbf106baaadfa,aedbe6dc5a294557c1b40da7e321b0cd,986,0,2012,2494,1026,2494
b68a676a13ebfa43b174007b6bc82eca,399d4e9aa2bb0d7149700c126eee1bdb,0,461,697,2321,697,1860
6c6af8c910bca9e8e91dcd757b2060bd,09839c8aabaef0fe9c5f2b87cbbfeff1,1865,0,2800,3077,935,3077
950bc799e6c9341b571b8116f76de104,6a9cd3a8cefbe5737ad50d1468404e84,1663,473,2800,3348,1137,2875
6c6af8c910bca9e8e91dcd757b2060bd,f9de0a7d04f744b686e88bf50b05a687,0,635,890,2533,890,1898
8292d7e473179a14e22c599c56f19546,570c70ba08ed02b65799e22665a37e6b,2025,703,2800,3087,775,2384
d3bf6d6671f1f2c80b61493abe71ce07,a8b5b648789f51e6ca51def8e1532fa1,1801,419,2800,2475,999,2056
a5cc61acfb8a2be0e763ca7bc27128b6,ec2650473840e69c1362540883caf832,0,0,967,2507,967,2507
d3bf6d6671f1f2c80b61493abe71ce07,bc9c5f20aaeeda79c85ada4ea003d04e,0,0,887,2499,887,2499
6f327860ee6db5a398efbf106baaadfa,4a0596d16945aaee239416ed01806428,0,0,1029,2812,1029,2812
8292d7e473179a14e22c599c56f19546,c63c999e4e48ec4ee6ddd4aa160fa47b,0,0,935,2502,935,2502
8292d7e473179a14e22c599c56f19546,e341848339eb1a1122819bb4e31f8474,1894,0,2800,3037,906,3037
50351444a11d3636a1be1e46eb24c3bf,9436de27cd5a2734cc92b30a88b23c45,1988,0,2800,2310,812,2310
50351444a11d3636a1be1e46eb24c3bf,69c7f22c0574cb0b3b8b74ed2951447e,0,787,779,2830,779,2043
b68a676a13ebfa43b174007b6bc82eca,65236a15a8fa24fad60a5aba5a0ebe2c,1220,147,2012,2053,792,1906
a51c937e873bd4d27d17ce7de3dba787,69af5141523fda2e55f3c9ed8c4780a8,0,151,848,2428,848,2277
32d90eb1b3ca85cd9dd4d248b47464c5,d487c392c75ca50f66b5efd338755899,0,0,931,3518,931,3518
50351444a11d3636a1be1e46eb24c3bf,564695511ba439afff6380b695a4c415,2014,644,2800,2661,786,2017
32d90eb1b3ca85cd9dd4d248b47464c5,c8f26d6ba56dc5284ed70745de3ddba6,1827,0,2800,2903,973,2903
32d90eb1b3ca85cd9dd4d248b47464c5,2968888c47bf402ea006c0aef370c25f,0,562,876,2839,876,2277
32d90eb1b3ca85cd9dd4d248b47464c5,8509d57302bee07239fbe3127500e63b,2030,130,2800,3316,770,3186
50351444a11d3636a1be1e46eb24c3bf,090d1480c773629664e69cbbb18801f4,0,0,762,2494,762,2494
a51c937e873bd4d27d17ce7de3dba787,39197c05a568589c7dcb90c0989de718,1055,0,2012,2812,957,2812
a51c937e873bd4d27d17ce7de3dba787,cbb6bb4649b1d49846ee90df3de783a0,0,0,985,2812,985,2812
a51c937e873bd4d27d17ce7de3dba787,a138fb78f1c4c981def78d2149fb0718,1047,0,2012,2795,965,2795
3cf40abc1f1a567153e2cca832a95c77,f3ea1e6478d0896bc25602e21662ba27,0,0,1012,2353,1012,2353
3cf40abc1f1a567153e2cca832a95c77,d26ef89a85ec918635d6a29082f67947,1086,0,2012,2405,926,2405
3cf40abc1f1a567153e2cca832a95c77,cf23144bdf3c2b53404c33ac170396d2,991,0,2012,2812,1021,2812
af3435a528c8a8bd438efd638463e109,bc550702f54739abe6c3e9407d3944fe,1794,0,2800,2400,1006,2400
6b136dc933598fbd66e8708b03c27fe7,85eb513be27a29be371bfe7854da2a2b,0,0,1087,3565,1087,3565
2b4e27c1c02d2c4ba3a4ee7c14157b28,69b23edf7cb54e8b21bcde39d90e9a78,2004,344,2800,2153,796,1809
8292d7e473179a14e22c599c56f19546,f988d3197df72e342c394a7cebfd48cb,0,557,847,2754,847,2197
00f826160094668f09b06ec671efe0ab,ceed80099ec9879abdf67c16122df14e,1977,386,2800,2787,823,2401
00f826160094668f09b06ec671efe0ab,3f5881562b7c9dad948627bc452bb0f4,0,798,677,2957,677,2159
2b4e27c1c02d2c4ba3a4ee7c14157b28,b2eabc89eb47cd4612eeb3818d06cbba,0,335,694,2324,694,1989
00f826160094668f09b06ec671efe0ab,41339781b03487a1927a680a2d55cccd,0,0,830,3518,830,3518
1592c8550d176eee1005895899c9ee03,9b20668f00f174e2cdcbd44bc4b0baaf,965,268,2012,2539,1047,2271
3044944db724162dbdff957491e38648,145a4c55e3daa715d12607ac6517aecf,1332,0,2012,2287,680,2287
af3435a528c8a8bd438efd638463e109,cd42484687d16459ffcbf972ccfb07fa,0,331,940,2552,940,2221
6b136dc933598fbd66e8708b03c27fe7,6465bd91911b5c0f2fb3b763f10b5573,1703,0,2766,2981,1063,2981
3cf40abc1f1a567153e2cca832a95c77,4b3fab6d16c926f2e1aa69e3b002ce74,0,0,992,2812,992,2812
3044944db724162dbdff957491e38648,e2ecae5d8ab594dff7f205fa0e6b715e,1157,0,2012,2747,855,2747
1592c8550d176eee1005895899c9ee03,63da4a705ff6b9cb5767f370aad5f5cf,0,237,980,2319,980,2082
f6867ba712cf0718e4fd47ba4e324f67,e4dd9edf701bdb5d7c835bae4d7fe62a,2268,779,2800,2585,532,1806
af3435a528c8a8bd438efd638463e109,852893c8a6eabe874e78df7b05c34b74,1777,0,2800,3518,1023,3518
2b4e27c1c02d2c4ba3a4ee7c14157b28,9d341123a950fb01587ad1895d54e8e5,0,0,813,2632,813,2632
2b4e27c1c02d2c4ba3a4ee7c14157b28,46e650d7cb52188badab3182a0f263bf,1988,0,2800,2564,812,2564
def854523aaeb9eebe14438843830e92,96a4f11b395f35270fd2636f579f3dbd,723,0,2012,2812,1289,2812
3044944db724162dbdff957491e38648,a4bb0c903158e8e7ce9de2a265c02f8f,0,0,846,2812,846,2812
05454cd8006c310504af7d8c0f6adb15,9d75125aedb6838e37c21e5fd419a6f7,0,843,667,2515,667,1672
05454cd8006c310504af7d8c0f6adb15,0cab307846e0ff5ff6f302421c539605,2038,0,2800,2544,762,2544
05454cd8006c310504af7d8c0f6adb15,00a6b0d56eb5136c1be2c3d624b04dad,2094,550,2800,2267,706,1717
f6867ba712cf0718e4fd47ba4e324f67,a50d63b7f09753bac4633eaf6b40eef8,2057,0,2800,2309,743,2309
5dda6d8053bfd85b51eab4828ac2ca38,1d2d976e15ee825c232ca55c29b12b80,1894,876,2800,2849,906,1973
6b136dc933598fbd66e8708b03c27fe7,11d41a6ef4906728e9a8161517b8f17c,1786,392,2750,3580,964,3188
def854523aaeb9eebe14438843830e92,d5baf658a0977c44494099c3b441f41b,905,0,2012,2532,1107,2532
f6867ba712cf0718e4fd47ba4e324f67,0da48e58433c464ce419fafde7cf2ac1,0,0,864,2812,864,2812
af3435a528c8a8bd438efd638463e109,d69538c08f038ef56786a5d22384d4be,0,0,942,3518,942,3518
1592c8550d176eee1005895899c9ee03,0f9c179c5a951d1299beb74c4a9ded4a,918,0,2012,2397,1094,2397
1592c8550d176eee1005895899c9ee03,6eed2d5a61abe323c02cab9634e40dc3,0,0,1083,2613,1083,2613
8c9e801f175f63e00194c78ec31cb30a,3289eb714abb344b64d219a8ab1ab9d7,1318,0,2012,2280,694,2280
05454cd8006c310504af7d8c0f6adb15,7cdb691ff16f1b871c879a6d58cac9fc,0,0,752,2613,752,2613
00f826160094668f09b06ec671efe0ab,da47364626596297303e23c158ab5af2,1952,0,2800,2768,848,2768
f6867ba712cf0718e4fd47ba4e324f67,2bb24bf51d89c671b61d5b9e69419e42,0,683,665,2591,665,1908
5dda6d8053bfd85b51eab4828ac2ca38,5860607776606d50d6f29354da824f72,0,0,982,3102,982,3102
5dda6d8053bfd85b51eab4828ac2ca38,ebe3dcc7f666a68b19a07453c5e9bb15,0,416,733,2924,733,2508
13b2c4305e4f2efd5635bed5222879e4,21beaa8d579c51e88abb4195f36934bd,0,343,936,2560,936,2217
6b136dc933598fbd66e8708b03c27fe7,015525b67aad191d376f0dfc3cd73e14,0,427,966,3580,966,3153
13b2c4305e4f2efd5635bed5222879e4,8746d17b8bad24bb81a98d56cb25eaa9,0,0,904,3518,904,3518
13b2c4305e4f2efd5635bed5222879e4,bcad604600b65e25d5ed612e12b140d6,1912,509,2800,3518,888,3009
13b2c4305e4f2efd5635bed5222879e4,e38b761829894a8934a4e13c9a4eaf80,1878,0,2800,2978,922,2978
def854523aaeb9eebe14438843830e92,99020532e59a403a5dbe730fabd3af06,0,0,1377,2812,1377,2812
5dda6d8053bfd85b51eab4828ac2ca38,06e9016404e243c796622068475ad941,1771,0,2800,3178,1029,3178
8c9e801f175f63e00194c78ec31cb30a,edb7bc35fbe0078026b151689828238e,0,493,748,2540,748,2047
a2b59892275f14beb886388de76b37f1,6a5c909282feecec4fd9e5b6bd5ec7bb,1009,289,2012,2563,1003,2274
a2b59892275f14beb886388de76b37f1,b9fd820fa0e3c00d52239f80c5179dc0,0,417,1003,2632,1003,2215
3044944db724162dbdff957491e38648,658ad20d0681e8d8c8c3e373d4ef9416,0,203,674,2812,674,2609
def854523aaeb9eebe14438843830e92,fdbed08266c2d076e8582af287d6de0f,0,117,1259,2593,1259,2476
a2b59892275f14beb886388de76b37f1,4d1a2ee80ffa18fa03ffc4596f75d39b,0,0,1043,2812,1043,2812
8c9e801f175f63e00194c78ec31cb30a,bd1ef058f227fe1cd246a02dfb979c86,1335,561,2012,2812,677,2251
8c9e801f175f63e00194c78ec31cb30a,651eb0e226d22ea19ab8e4b05a13f7e8,0,0,844,2812,844,2812
a2b59892275f14beb886388de76b37f1,5483c87f955fd0a4bc55e27cc9a81ce5,579,0,2012,2812,1433,2812
ee13646de89c94bdaa6d0cb751f1c3eb,9d828bc638fcdad9c77cffbac4e9da61,1181,0,2012,2378,831,2378
ee13646de89c94bdaa6d0cb751f1c3eb,fb54805d9d414c65b05a946fad64eec1,0,324,785,2812,785,2488
996f730d95ab29a5bc20c13ebbc6ca20,2579ede697d1e7fcc46b856d2d9188ce,0,53,737,2713,737,2660
0495f34b7e812055495bade68af0143e,b482f0058d566883a4fd6917caf4316f,2067,616,2800,2616,733,2000
e48afe5b26e0bfcd168d190b01098e12,4c5565fc8885e9b45d3df74c65a84cc5,0,253,1282,2788,1282,2535
ee13646de89c94bdaa6d0cb751f1c3eb,8dbec33fe2b638cfa610e542e3dfafef,0,0,831,2812,831,2812
e48afe5b26e0bfcd168d190b01098e12,97cf20cd31c36d52104eae8cdf257927,741,233,2012,2812,1271,2579
ee13646de89c94bdaa6d0cb751f1c3eb,af40b177eb81535e1ba20d9488e35a4c,1182,85,2012,2812,830,2727
ed15d3e9852d8d470165cd7df776d9d9,bdb74da862dadb08581552ccb407dc99,1819,0,2800,3518,981,3518
ed15d3e9852d8d470165cd7df776d9d9,00553b5bec54e20dc9ae52331ff12095,0,382,941,2900,941,2518
ed15d3e9852d8d470165cd7df776d9d9,3a6aacfab50c25d01f0747d244f20ab0,1979,175,2800,2519,821,2344
00c3c05f7ff415d71fae16ae999c178d,e1f62ad3c8a8a42d2f93826654385a11,2072,717,2800,2679,728,1962
0495f34b7e812055495bade68af0143e,022a7a7f03174e5a5ebc626783d1ff9d,0,0,1002,2685,1002,2685
0495f34b7e812055495bade68af0143e,a09e2fffd1d56473eb238e4fb08b7127,0,585,989,2644,989,2059
ed15d3e9852d8d470165cd7df776d9d9,ab2b894a52538abb0e7947f80a9b5bb5,0,0,1023,3518,1023,3518
0495f34b7e812055495bade68af0143e,7e4b0fc7554e741af9ab636d6655473e,1877,0,2800,2722,923,2722
00c3c05f7ff415d71fae16ae999c178d,3036c524e9b84d03d91630b2b4f4ce9c,0,0,718,3518,718,3518
996f730d95ab29a5bc20c13ebbc6ca20,757ed7327c6454d80673355e0feec4da,1978,327,2800,2621,822,2294
00c3c05f7ff415d71fae16ae999c178d,033e4f9ee05749cd591c958aa873dc8b,0,512,797,2439,797,1927
e48afe5b26e0bfcd168d190b01098e12,affe3b3efeb8318f47b28bb31f9564ab,760,0,2012,2812,1252,2812
996f730d95ab29a5bc20c13ebbc6ca20,ce0119a74a28ca8070b4022c1e148a5d,0,0,929,3518,929,3518
5003d7a34c3a2cac23b9a881e5af642a,420742c859a1ddf1e00f88c7ebf542b9,0,0,925,2738,925,2738
5003d7a34c3a2cac23b9a881e5af642a,0153484d2471a8cee37036e37225ba94,1862,0,2800,2957,938,2957
146078e6ec74effe3e2a62a47f2eddfc,0d818b48634b775f4c15cc0dd8a56b69,1712,128,2800,2763,1088,2635
146078e6ec74effe3e2a62a47f2eddfc,f94f942fb8e0475ac7fbff0085b80d66,0,0,1098,3240,1098,3240
00c3c05f7ff415d71fae16ae999c178d,ff03cd3501d931e245db01ad363fc6ef,2116,0,2800,3415,684,3415
a2ed63879a40e18e597582777bb1ee65,715ef37a03f87cdf38528e0a27f5a20c,0,0,736,2475,736,2475
a2ed63879a40e18e597582777bb1ee65,834e83afd291faceb6d37a5e280167ec,2089,898,2800,2588,711,1690
146078e6ec74effe3e2a62a47f2eddfc,4b70826af58a544dfa81943d13f3e357,0,596,1059,2576,1059,1980
5003d7a34c3a2cac23b9a881e5af642a,dbb0691bd8332e7038f8fd9846ea903d,1959,476,2800,2384,841,1908
a2ed63879a40e18e597582777bb1ee65,182f58e80fd3551bef1c3931b1a3e653,0,1002,672,2748,672,1746
5003d7a34c3a2cac23b9a881e5af642a,f8bd9329bf5a99b64598e5e6a72d53df,0,1024,881,2873,881,1849
146078e6ec74effe3e2a62a47f2eddfc,81b6f4fef96fce3681aba2e3dafdac88,1608,0,2800,3518,1192,3518
e48afe5b26e0bfcd168d190b01098e12,1cf560df7375fbf6b43ab2d5ff46cdf4,0,0,1290,2812,1290,2812
996f730d95ab29a5bc20c13ebbc6ca20,40674bae0259c165902ef648b8294024,1916,0,2800,3518,884,3518
6d8c3c9c76d188898650dd2d0ded040c,1bfd5caa6265f6bf9a580fb1e0cf74a5,1584,0,2800,2673,1216,2673
6d8c3c9c76d188898650dd2d0ded040c,66d6bc787cfb5ef35f6a825f52e97472,0,47,1178,2558,1178,2511
a2ed63879a40e18e597582777bb1ee65,b78441077e0095d3943a324ffa5457e0,2035,0,2800,3156,765,3156
e563dae9d13e3391fbc9117ced619ac6,765f804359b1ba523dd9474c81b0706f,0,0,1112,3518,1112,3518
6d8c3c9c76d188898650dd2d0ded040c,b3c262e1bbfff2cf41ed634808a37eeb,1808,258,2800,2440,992,2182
ae83adafe4b1ac249047369d6749745a,4dcbac80200ab00071ff8ad5e6519f32,0,0,1135,2812,1135,2812
e563dae9d13e3391fbc9117ced619ac6,37df0dd483797744fc687251dcd95525,1713,531,2800,2700,1087,2169
ae83adafe4b1ac249047369d6749745a,ac601975538d16d077eac2a7316e1c3c,0,19,1427,2812,1427,2793
e563dae9d13e3391fbc9117ced619ac6,584ac860cf79440f5e9d6ea68b7dcb9f,1827,0,2800,3518,973,3518
e563dae9d13e3391fbc9117ced619ac6,5d827a572faca9a3f1d769ab3c132968,0,446,1138,2667,1138,2221
88a4d9bfedcafd2c6d9270d182a0368f,401077d1db2c6ea9043b50c96ead0176,2178,0,2800,3518,622,3518
88a4d9bfedcafd2c6d9270d182a0368f,0d51a3c427a6f3046d11c1db29ac764e,0,0,654,3518,654,3518
88a4d9bfedcafd2c6d9270d182a0368f,23a591a30b5708df25ee881b130de44e,2188,584,2800,2396,612,1812
88a4d9bfedcafd2c6d9270d182a0368f,dbdad34a5f66685fcf7bc5e541b09446,0,793,568,2533,568,1740
ae83adafe4b1ac249047369d6749745a,a52f4ba42b4fe7f20a39041def9d1a67,643,0,2012,2691,1369,2691
71f6fd534b6c617911383d09fec4ee60,41f80bedd6be03cc3cdc2ef4ddac3892,0,0,1173,2812,1173,2812
71f6fd534b6c617911383d09fec4ee60,54c84b3ea740bc230ab5ff47f533ed33,865,16,2012,2812,1147,2796
71f6fd534b6c617911383d09fec4ee60,1daecc5c72244d3273ff24fa0b4afd6d,835,0,2012,2812,1177,2812
ae83adafe4b1ac249047369d6749745a,d1995ba5e429c2aee4248eae76519acb,700,0,2012,2812,1312,2812
de471670cd6713998cf5e0c697f77e49,9cc20a6da1274bab4746bf1ce94282a0,0,749,942,2605,942,1856
1cef624ae6a6aad01caaad6cb6892886,6a292c6e1cdf400a1ff4f94a3cedd1bb,0,723,700,3137,700,2414
1cef624ae6a6aad01caaad6cb6892886,dc4b6c34989e4638cdc7e942f998004e,2116,470,2800,2450,684,1980
6d8c3c9c76d188898650dd2d0ded040c,7eccd2484408732c29b7b73cc4a7f257,0,0,1300,3518,1300,3518
de471670cd6713998cf5e0c697f77e49,327c0998f7f129808fac7ab52bf0e552,0,0,926,2468,926,2468
de471670cd6713998cf5e0c697f77e49,7358c737a28f8a879694e0dc2dfe0cb7,1907,748,2800,2569,893,1821
de471670cd6713998cf5e0c697f77e49,9926b74921244252ad691bc993e18df8,1929,0,2800,2460,871,2460
71f6fd534b6c617911383d09fec4ee60,62b2a7090a997503cec2b11d0eb26ee4,0,0,1201,2812,1201,2812
fa34e6e8952b1790d28d828164520354,fb06a224807051f785c22378299b3d86,0,0,785,3518,785,3518
1cef624ae6a6aad01caaad6cb6892886,238f2be603a399de52aded85b76194ab,1947,0,2800,2315,853,2315
1cef624ae6a6aad01caaad6cb6892886,1cec2b1cb0592e7024af2e3810d4b985,0,0,829,3012,829,3012
6ca695ad951d27b12fa8c92538174c43,3af5c0fb080bf823da0a50e223fd3119,1948,0,2800,3518,852,3518
6ca695ad951d27b12fa8c92538174c43,9aa1c3bd97490f4fcb215b1746844580,0,651,775,2673,775,2022
6ca695ad951d27b12fa8c92538174c43,e0157a5aa6abf99cd520e7591a21843d,2039,741,2800,3518,761,2777
fa34e6e8952b1790d28d828164520354,50a4c069a4eb8bea6bd46761eecda03b,2097,477,2800,2612,703,2135
fa34e6e8952b1790d28d828164520354,31e6aea7ff7e1279559bca015eee386d,0,848,692,3518,692,2670
6ca695ad951d27b12fa8c92538174c43,657c1c2d61416be09fa00ccb22c07504,0,0,733,3518,733,3518
fa34e6e8952b1790d28d828164520354,011ae2b44e19d1008ad31c02bd9bca62,1991,0,2800,3399,809,3399
ecf23dfece05e009f4bbdd8fc386efde,1f4e4c2039476a9884bdd84c20d1484f,2234,731,2800,2295,566,1564
ecf23dfece05e009f4bbdd8fc386efde,e9f60c6702fa4dfe424362daa1b95e46,2036,0,2800,2419,764,2419
29bfec1e3b5a67751abc3dbf46df3e62,ac931a4197a261179856c898dd2a943f,0,381,741,3135,741,2754
29bfec1e3b5a67751abc3dbf46df3e62,1399570f25c09f046761cd7603c655aa,1809,740,2800,3518,991,2778
3a35eb2c0576cf10861bc2442babffe5,2909023cb8470072de9368a7b88f17de,1907,470,2800,2552,893,2082
3a35eb2c0576cf10861bc2442babffe5,a93d39e6c0bf49f40068ff2e6f4f6f34,0,329,885,2523,885,2194
ecf23dfece05e009f4bbdd8fc386efde,9a02785120c9f836553cc66f4e6152c8,0,773,884,2709,884,1936
29bfec1e3b5a67751abc3dbf46df3e62,d9e90ddbfbf7172461e93a0e4e97b880,0,0,882,3518,882,3518
722bd21f58462eca8a067063ab42cbde,d29ce623cb827d263b7effa9c30f850a,2057,0,2800,2775,743,2775
3a35eb2c0576cf10861bc2442babffe5,bdaf3b28d1255fed45df39f64fc78aba,1851,0,2800,2997,949,2997
3a35eb2c0576cf10861bc2442babffe5,caaf1eaec923b3ca01ef31665549a488,0,0,952,3144,952,3144
29bfec1e3b5a67751abc3dbf46df3e62,1115225b7f3464dbee690e17941e051e,1840,0,2800,3518,960,3518
ecf23dfece05e009f4bbdd8fc386efde,ac10af93e98f6923aa72cb9e1fce3953,0,0,924,2512,924,2512
adc826bd02d1fb01f0d0dc6f9bc1ed52,34e7a8cf79a620ab2a59bf362a574744,1987,671,2800,2624,813,1953
722bd21f58462eca8a067063ab42cbde,f129e0774ee7f06cc5344f6bb201c355,0,571,719,2334,719,1763
f07a9f0a91715d159fcfc5b93eeaf425,ef0002f40b9a49c6d81b0c93af199f79,1190,373,2012,2422,822,2049
f07a9f0a91715d159fcfc5b93eeaf425,9ac26826295762a117757b92a0876b9a,0,297,753,2461,753,2164
f07a9f0a91715d159fcfc5b93eeaf425,52ba28c3e4f635780410f7a06d93191a,1074,0,2012,2812,938,2812
722bd21f58462eca8a067063ab42cbde,d1f6c63e5d180bed67c08cd3e3ae076a,0,0,779,3025,779,3025
722bd21f58462eca8a067063ab42cbde,2389cf8c115dad3bb19911ffc3b7257a,2147,633,2800,2458,653,1825
f07a9f0a91715d159fcfc5b93eeaf425,b26e425dd623c1f2e8ab8de8a15bbecd,0,0,820,2579,820,2579
adc826bd02d1fb01f0d0dc6f9bc1ed52,9a343d58d9596b694effdc38d702239a,0,749,806,2800,806,2051
adc826bd02d1fb01f0d0dc6f9bc1ed52,6b7388ce42e6fc45fe95525ef6ae8f06,0,0,867,3518,867,3518
c5144a17e03e838e162e975172c806e6,f1ecb226b218db4a746196b493e843eb,0,0,698,2675,698,2675
c5144a17e03e838e162e975172c806e6,d63679c003389d719ff32c180924b166,2238,838,2800,2458,562,1620
c5144a17e03e838e162e975172c806e6,afd6e7748f3d103bce3ec740663fa6a4,0,766,652,2507,652,1741
6b37e6b1c2372793646bda3c08c2dec2,bd314dbcac27dbb4c89598bb8db805d6,2180,782,2800,2626,620,1844
6b37e6b1c2372793646bda3c08c2dec2,9e306caa745f64d5eacdb126448e6052,0,612,663,2549,663,1937
c5144a17e03e838e162e975172c806e6,7a18762601296bc3a0ae3f1699b57283,2218,0,2800,2549,582,2549
adc826bd02d1fb01f0d0dc6f9bc1ed52,9d2524e9e0abb43b2789dc49a46414fc,1955,0,2800,3518,845,3518
5b3e8561d3617327a027a25250049e29,f4ce89c9aaa8fa112075ac3ebf640fca,0,631,1455,2926,1455,2295
6b37e6b1c2372793646bda3c08c2dec2,c7f7b0ae6b023372a5686f294eb1681b,2074,0,2800,2519,726,2519
6b37e6b1c2372793646bda3c08c2dec2,4a1e88b074878a295dde43ee720e641a,0,0,686,2330,686,2330
7e2756a84f8f06503274948e9ab26b23,78f16d0871cf33fb9a96c779566b48bb,1715,363,2800,2734,1085,2371
7e2756a84f8f06503274948e9ab26b23,abbc963761ee996fa3970dc82aefc936,0,365,1063,2784,1063,2419
7e2756a84f8f06503274948e9ab26b23,213b092b05238d1ce53f971392729ad9,0,0,1111,2627,1111,2627
7e2756a84f8f06503274948e9ab26b23,174734d9962a3439d5843f14a41bb403,1601,0,2800,2759,1199,2759
97f2fb59099605a04fdcc9a8ea0e1211,3e7af5bd8ff5fa995ba59c18cf157d8d,1957,0,2800,2598,843,2598
ce3dfd15c61a77dfbf004123dec61a67,aa27c45653dce1e8ea28e6bc3e7ebdf7,0,294,1406,2990,1406,2696
5b3e8561d3617327a027a25250049e29,9141ca4d3d4ac09ff393f40aee8d3a92,1279,0,2800,3518,1521,3518
5b3e8561d3617327a027a25250049e29,a36f0de3fb934679bfb11e96a8eb6c81,0,0,1571,3518,1571,3518
5b3e8561d3617327a027a25250049e29,88dae7a813cd4f1fa9ff6b90c5b53e54,1288,221,2800,2669,1512,2448
f60769cfef6d74b7240210b6151beacf,95e801fe2ffa3e763ef35f62a9097a01,0,850,859,3358,859,2508
f3fff8b8a928f5c3ee8cb7f2076ad585,f2f23da0f9c769ac9cd3b76d8a57202e,1795,159,2800,3518,1005,3359
f3fff8b8a928f5c3ee8cb7f2076ad585,f985452e6124bb7b2047da8f8463f613,1609,0,2800,3509,1191,3509
13f135b23fbca421d92c45a7e18c4593,2b217e87073f6ea171ab6d5e2034aae3,0,749,728,3064,728,2315
13f135b23fbca421d92c45a7e18c4593,29c0ac2b58f986d85f1778312f9866c9,2039,0,2800,2646,761,2646
f60769cfef6d74b7240210b6151beacf,865c5a06b5a8bb29ddb2aef94c217a88,1740,0,2800,3036,1060,3036
f3fff8b8a928f5c3ee8cb7f2076ad585,c302cdcefc4ca342305c1cbae8dc4be5,0,147,1009,2606,1009,2459
97f2fb59099605a04fdcc9a8ea0e1211,54f8dce3a645c0e7b8cfa789f313d11f,0,0,933,2431,933,2431
97f2fb59099605a04fdcc9a8ea0e1211,3560b8cb556cb3a8eef5f47a4f2533c5,1951,521,2800,2487,849,1966
a1e80aa0d99c27285dd5ab8cfec01199,bcf519952c8abc5583c3764d0900ed61,0,374,1038,2828,1038,2454
6d852de518cabf8f6c797c4d9d7de1c0,7c52e9992836f5ada32b72e68c635970,1780,0,2812,2694,1032,2694
779d6135933ba2e335846cdf10df650e,0899cd9d5d49ad67bb7faf1d3ddfefb0,0,0,1292,2812,1292,2812
ce3dfd15c61a77dfbf004123dec61a67,1cd299963d47ff979d5ce424ec7098b0,0,0,1542,2882,1542,2882
f60769cfef6d74b7240210b6151beacf,bfda70b40b0bfe84c4fa65aa51fcc6b2,0,0,937,3479,937,3479
779d6135933ba2e335846cdf10df650e,148f7f2bcf20e85bcaaa04fa80b6aa08,716,60,2012,2646,1296,2586
779d6135933ba2e335846cdf10df650e,89610b2160b7ba4b1b26fe89efaa14bb,0,210,1235,2812,1235,2602
a1e80aa0d99c27285dd5ab8cfec01199,81e04c1d8e97236c9fabe11919487764,1752,108,2800,3518,1048,3410
d0c7b0c665082e592efe4653567112a3,379cda9cb37d3f127e209d6cba0e2185,0,394,857,3382,857,2988
13f135b23fbca421d92c45a7e18c4593,d5cba9addf76e1ab491d4c4d71e80477,0,0,716,2882,716,2882
97f2fb59099605a04fdcc9a8ea0e1211,cb2152d981927df4a5838d22fb450823,0,647,864,3518,864,2871
f3fff8b8a928f5c3ee8cb7f2076ad585,74dec18f128c7286e98db2d4cff2ea06,0,0,1166,2983,1166,2983
6d852de518cabf8f6c797c4d9d7de1c0,56e6be3a9219a18cb29fb012b692040d,0,0,1108,2715,1108,2715
ce3dfd15c61a77dfbf004123dec61a67,994144e8639cbef4982d0c30e0c71b7d,1364,0,2800,2879,1436,2879
d0c7b0c665082e592efe4653567112a3,d469f317a0f8b83482bfdbdfed4961d1,1906,0,2800,2597,894,2597
a1e80aa0d99c27285dd5ab8cfec01199,d339d6808e8aacf1075bba6805eaa892,1659,0,2800,3518,1141,3518
6d852de518cabf8f6c797c4d9d7de1c0,1695efebc4bb92eb5a0a7b07d4a745c7,1868,353,2812,2781,944,2428
a1e80aa0d99c27285dd5ab8cfec01199,dfe1105a4dfbe9493fdfecb48a777ea7,0,0,1307,3104,1307,3104
f60769cfef6d74b7240210b6151beacf,5714fe6bf48184a21fea1b8e89fe4c19,1923,0,2800,2688,877,2688
c3a3994d3dd2d24ffe6351a30f6cbc77,a5668e211a71d7dbc4ef52b070162424,1696,440,2800,3518,1104,3078
c2b4a13bdad3ca6d2bfbe507412f75ad,377c23064848fd370c5322f72d03015c,1218,112,2800,2884,1582,2772
13f135b23fbca421d92c45a7e18c4593,01a3a99db634b05fc19f2d06ac49d32b,1963,0,2800,2581,837,2581
ce3dfd15c61a77dfbf004123dec61a67,6d02ea4698ee4d1912cfcf5c15416a0a,1246,0,2800,3046,1554,3046
97cc68cf9a9f34952ce15e379b65ae4e,7952ebcc907e2e92691731cc4b69eade,0,299,1044,2963,1044,2664
779d6135933ba2e335846cdf10df650e,e05633f3efa21a54237901c14886fcf2,711,0,2012,2735,1301,2735
6d852de518cabf8f6c797c4d9d7de1c0,e7c534f3c4d99a2a017cd64191b73923,0,240,1077,2812,1077,2572
97cc68cf9a9f34952ce15e379b65ae4e,bc35484af16343cb2df618d39362119d,1676,0,2800,3518,1124,3518
c2b4a13bdad3ca6d2bfbe507412f75ad,5f50dc85d7f9c704492ec7db9a368de5,0,258,1585,2859,1585,2601
c3a3994d3dd2d24ffe6351a30f6cbc77,0b70e7adcd87e4ceacd7cea1f57c7ea8,0,0,1094,2842,1094,2842
97cc68cf9a9f34952ce15e379b65ae4e,50dc3aca8da34cdbc6b3c304de7c618f,0,0,1137,3017,1137,3017
c2b4a13bdad3ca6d2bfbe507412f75ad,70f5109708b07c03b74b2dc41ce77418,0,0,1628,3518,1628,3518
951bdaefb75e22a0a9198ac2b820fd45,620770a58cd163dcc500eb3ecd370640,981,0,2012,2812,1031,2812
d0c7b0c665082e592efe4653567112a3,aca355ee600aba9a9df817c08cd52f27,0,0,917,3106,917,3106
c3a3994d3dd2d24ffe6351a30f6cbc77,2f2a8f08ceaa71f188c25ed7291bc673,0,541,1047,3518,1047,2977
c2b4a13bdad3ca6d2bfbe507412f75ad,3bfc0dab4fd637384faed536998339a8,1336,0,2800,3323,1464,3323
d0c7b0c665082e592efe4653567112a3,68d677a3b01e6f82ab56f644b66f2d6f,1902,420,2800,3518,898,3098
c3a3994d3dd2d24ffe6351a30f6cbc77,e80dbaf8eacc1e6c7305ea95d18f4248,1713,0,2800,3518,1087,3518
97cc68cf9a9f34952ce15e379b65ae4e,f98cb19ee06f038be90549fe0b260aea,1794,418,2800,3001,1006,2583
951bdaefb75e22a0a9198ac2b820fd45,4b0b5cf1b6195b2a3682be6899e29ae1,0,0,1027,2812,1027,2812
caa4eba9b95ac07e8063ff87e90b60ee,4918d7385208ba67814a86605637b976,0,687,875,2855,875,2168
6cda0975cf8b47c8f1895f5cec201182,d038ba2ddf408d3a9116e818b04ffb87,1677,0,2800,2836,1123,2836
6cda0975cf8b47c8f1895f5cec201182,5f684c092ea82e6ce621989c51199b59,0,478,1203,2723,1203,2245
6cda0975cf8b47c8f1895f5cec201182,6f6a2508282c16452887f6ee07355368,1630,74,2800,2413,1170,2339
caa4eba9b95ac07e8063ff87e90b60ee,7b549f942e9d784917db7b0edac198e1,1822,0,2800,2797,978,2797
caa4eba9b95ac07e8063ff87e90b60ee,091dc893dddea4a89829a7d26559af27,0,0,965,3223,965,3223
caa4eba9b95ac07e8063ff87e90b60ee,b8354495f8a75fdff22d34890a074f63,1887,514,2800,2689,913,2175
e4247d6ed1e06fef6ee129a5bc0368c8,5a25cd77e9a2ebbad7d2e46f6372700f,1871,0,2800,2946,929,2946
e4247d6ed1e06fef6ee129a5bc0368c8,f17c5306c164c71ab3f821a5b355e226,0,693,834,3518,834,2825
6cda0975cf8b47c8f1895f5cec201182,c2bb59f53f41cfc61509b3e03a3d5209,0,0,1117,2535,1117,2535
e4247d6ed1e06fef6ee129a5bc0368c8,deb0cc0fa9aa38217bdbe55c77420153,1946,578,2800,3518,854,2940
951bdaefb75e22a0a9198ac2b820fd45,8329681947d914798732317f9e91ca7a,0,339,973,2812,973,2473
8f008446f53aaf838302ec845ee1189d,5030e924e719a073e1d2d809d5a68163,0,756,879,2822,879,2066
488a4c8c303ff5d396f876c9339d8c42,6e5d48793ec1409d0cf59a4db97de280,0,0,1132,2667,1132,2667
e4247d6ed1e06fef6ee129a5bc0368c8,f17fc4c1f8e6a6b5804536c4bb83d2a5,0,0,879,2773,879,2773
488a4c8c303ff5d396f876c9339d8c42,b246aa81472f909c3951c8e3990423c5,1629,0,2800,2957,1171,2957
8f008446f53aaf838302ec845ee1189d,92465209061a5e8c343c5fcaa70ac220,1955,0,2800,3279,845,3279
b14693f2928c6e65397ca9a11a2f23c7,b8d037e6fac156772eac3b9e37e0bf22,1892,0,2800,2479,908,2479
951bdaefb75e22a0a9198ac2b820fd45,6a2794332b3226170b7e441d76970f20,1007,550,2012,2812,1005,2262
488a4c8c303ff5d396f876c9339d8c42,3c41c74e2c30d44bfb03d5953f4bd076,0,554,1024,2562,1024,2008
488a4c8c303ff5d396f876c9339d8c42,b9795f3ead57ab19c32d62413033de76,1696,763,2800,2840,1104,2077
8f008446f53aaf838302ec845ee1189d,40b898fdec398c16d22c58d5d1bd857d,0,0,949,2493,949,2493
b14693f2928c6e65397ca9a11a2f23c7,cf18774c6738c7c3560115fc1a115b16,1723,854,2800,2663,1077,1809
b14693f2928c6e65397ca9a11a2f23c7,68ba3d5a68d18bb303c861c0d376847c,0,0,911,2305,911,2305
b14693f2928c6e65397ca9a11a2f23c7,1c4f6406e873dbbd47429f6a5070c531,0,758,962,2666,962,1908
8f008446f53aaf838302ec845ee1189d,0a8fec5108d9cd3cd1f0d053db50f531,1970,717,2800,2714,830,1997
f9b9d3c214c10fa252823cd4aaab269e,6b6b65d46cf68b3673b9a59c4cce9fc8,1778,0,2654,2685,876,2685
bdc1f8421da54f78324143bc594507a3,fe410b7e068ba9221082a6507c90a20a,1432,0,2800,3282,1368,3282
f9b9d3c214c10fa252823cd4aaab269e,1cbc0ae5d67abccd58a4ba6d657d921e,1976,871,2654,3580,678,2709
2f4d26ae21e1fb85ec2d97f9464aadff,bf1ce13381a17526b933cde12004241c,1744,406,2800,2588,1056,2182
55d30432099d803d6e0f429077eab1c1,1bbea868c8923b4cda175fba730985f1,0,269,983,2316,983,2047
55d30432099d803d6e0f429077eab1c1,e2e9bb81a1a9249afb1d6ebd26bbef6d,0,0,910,2549,910,2549
55d30432099d803d6e0f429077eab1c1,4eca4386e50046dfcedec22637717410,1085,0,2012,2664,927,2664
766bd15aef37708b0fdb29c90f9be903,b307f8e0ab659df259b9e643a1bf802b,0,0,720,3444,720,3444
766bd15aef37708b0fdb29c90f9be903,15c1a9a0bd50d19cf3b8ea4a180c1e22,0,663,670,3518,670,2855
55d30432099d803d6e0f429077eab1c1,ddbfb231ae871c5eed646bae227155a9,1051,0,2012,2401,961,2401
f9b9d3c214c10fa252823cd4aaab269e,6fc5602c42980b6b8039cf294cc5239f,0,1093,505,3580,505,2487
2f4d26ae21e1fb85ec2d97f9464aadff,bc749de755cbcd48c2d39ec1f60f2ef4,1761,0,2800,2598,1039,2598
2f4d26ae21e1fb85ec2d97f9464aadff,2671a2eff9d050a10d8bebe42e4c9cb9,0,554,1028,2659,1028,2105
b5098cc669dfbf9f161b51d8b772f932,d8e45328cce0decf5f8fd6d327c5991a,0,269,1270,2812,1270,2543
f9b9d3c214c10fa252823cd4aaab269e,e567ff48ab7b3433358767476ca685f4,0,0,634,2495,634,2495
b5098cc669dfbf9f161b51d8b772f932,04321bf9718b3fbcb904aff875422efe,765,0,2012,2751,1247,2751
766bd15aef37708b0fdb29c90f9be903,78d6b6c3e063e6c0ba1a45bd8a48bd0f,2105,418,2800,3518,695,3100
58f6fcf2fe4ad60364b444833f8ccddb,e47a2709ac82c2b28daabca02c50d686,1886,324,2800,2239,914,1915
b7259d25743d3048a9c7d54b81fa38c9,de2aa1ca3fffd42addb4d48e0717cec8,1111,174,2012,2433,901,2259
b5098cc669dfbf9f161b51d8b772f932,5d76c73cb930cddd3a9f5460bec48fb6,0,0,1371,2795,1371,2795
a235482f737d9a3baa8313c8f4db16d6,6334ea4f303af58784d84f399dae396c,10,0,2012,2812,2002,2812
b7259d25743d3048a9c7d54b81fa38c9,9039d3f11bd731d33b48de76f600e57b,1111,0,2012,2661,901,2661
2f4d26ae21e1fb85ec2d97f9464aadff,fbe89362c0679ef85b12823a1a3fd3de,0,0,1027,2540,1027,2540
58f6fcf2fe4ad60364b444833f8ccddb,02a8e10e58c2163abada818605c0743f,0,597,865,2474,865,1877
b7259d25743d3048a9c7d54b81fa38c9,934fa8ba5dd43a27902169489b760574,0,135,877,2213,877,2078
766bd15aef37708b0fdb29c90f9be903,9f4ef65ba2832d2de47bd790c76d6f2f,2007,0,2800,3518,793,3518
58f6fcf2fe4ad60364b444833f8ccddb,abc1f0325291356d1bd6f40219528239,0,0,946,2599,946,2599
a235482f737d9a3baa8313c8f4db16d6,328eedacd3e604d5134801aa78f1340c,0,0,2006,2812,2006,2812
58f6fcf2fe4ad60364b444833f8ccddb,b8b9100296e0887eff59702dd8513148,1772,0,2800,2486,1028,2486
dd476d7a528bb214a2211916a7a20e8a,f9d937f2b39e3bf5dab51c3b25c29207,1851,573,2800,3416,949,2843
a235482f737d9a3baa8313c8f4db16d6,2a3e213d2c7e72a55182ab3cd2e1897c,0,0,1963,2812,1963,2812
f56badcf93bd70fd79c3a4d4124f3d13,7ebd3fad1855a5e522391a24cb07318f,1722,0,2800,2907,1078,2907
f56badcf93bd70fd79c3a4d4124f3d13,1baaa169dc0f60697c5e09aef109441c,1840,696,2800,3518,960,2822
f6784d487e474ae5cd959d5f212237b6,964fd3575216a4a709e9cb976dea6c7e,0,420,859,2504,859,2084
f6784d487e474ae5cd959d5f212237b6,27434d69aaa30a5a5effefbd3bc3b000,1948,355,2800,2420,852,2065
dd476d7a528bb214a2211916a7a20e8a,75ddd8dd9fdf96c9277eea7a06a824b8,0,0,952,2800,952,2800
f56badcf93bd70fd79c3a4d4124f3d13,008806238e583d4a6a0e3049aa05aae2,0,816,969,2949,969,2133
db3496ccd5594bd8beadea2c30b957a1,62cf9088494d7c004b704f43c54206f2,1943,315,2800,2401,857,2086
3308acec043abc520659f69c9090ef09,1b85ddba316b272ab9c551fb637b862f,1292,0,2800,2737,1508,2737
f56badcf93bd70fd79c3a4d4124f3d13,c1d5ad21d0735c94862fefd81f428660,0,0,1092,2759,1092,2759
db3496ccd5594bd8beadea2c30b957a1,a6c139bb53a5723948439c689f4192a1,0,598,817,2630,817,2032
bb2b0a6e66ec5da416d2d1c56b5c9390,eee20a9d50952dae69557a9b6e4a079b,1950,0,2800,2353,850,2353
f6784d487e474ae5cd959d5f212237b6,fa6021c7e446d74add7f7f31b1d44954,1918,0,2800,2594,882,2594
bb2b0a6e66ec5da416d2d1c56b5c9390,bd728d8d04453c84609d9bf336e6d81a,0,1050,889,3518,889,2468
bb2b0a6e66ec5da416d2d1c56b5c9390,a5ec0e85e4227168dfa0dc45c372206e,1870,384,2800,3509,930,3125
b5098cc669dfbf9f161b51d8b772f932,e9453da2f023e8763e54446e6d61abad,777,0,2012,2812,1235,2812
f6784d487e474ae5cd959d5f212237b6,995cd864061f0088bf2db4a97b82fb35,0,0,956,3241,956,3241
bb2b0a6e66ec5da416d2d1c56b5c9390,d96a4f9fbc87f7cace9a21140355f73f,0,0,965,2297,965,2297
a235482f737d9a3baa8313c8f4db16d6,7e2ac68b81c14f458e7323f2f8951cf2,21,0,2012,2812,1991,2812
6f2831eedfa6f93a2eee50506c3c366f,49305a9a6e1a6054a7822118a8d22f18,0,626,951,2836,951,2210
db3496ccd5594bd8beadea2c30b957a1,eb2eea7f784a99f78371f7ca54fc7097,0,0,818,3125,818,3125
8b202f831f93639ebcb9cccccec03b09,486b652b4a66dbf2fe47c219780d3eb4,0,0,1161,2812,1161,2812
6f2831eedfa6f93a2eee50506c3c366f,fe2e58de096e17d55aa89983efa13076,0,0,1187,3518,1187,3518
8b202f831f93639ebcb9cccccec03b09,001ade2a3cb53fd808bd2856a0df5413,918,0,2012,2812,1094,2812
8b202f831f93639ebcb9cccccec03b09,a18495357a02efdaeb5da2db67467991,0,0,1135,2812,1135,2812
6f2831eedfa6f93a2eee50506c3c366f,2d6565f181c19257e6daa25a819ecdb4,1852,464,2800,2583,948,2119
3308acec043abc520659f69c9090ef09,d463fef6027b92d68dc5c5102a2bddda,0,0,1506,2834,1506,2834
8b202f831f93639ebcb9cccccec03b09,b8a5dccad0d098308ff3296000716b52,948,0,2012,2395,1064,2395
db3496ccd5594bd8beadea2c30b957a1,04641f4ded035d9cea5310a7c9122287,1967,0,2800,3518,833,3518
dd476d7a528bb214a2211916a7a20e8a,dbcc46b6f70696fa4cf91e688501a81e,0,487,960,3353,960,2866
dd476d7a528bb214a2211916a7a20e8a,589727a5060a12948310b214e983e6d5,1843,0,2800,2703,957,2703
3308acec043abc520659f69c9090ef09,3911c580ef32c6bb34fffa5eb03cc1aa,0,382,1489,2689,1489,2307
6f2831eedfa6f93a2eee50506c3c366f,280cdd0dbafe4288375af22b007bf515,1645,0,2800,2720,1155,2720
3308acec043abc520659f69c9090ef09,28c261bf9fa9bf819553894a1b15ad36,1256,534,2800,2992,1544,2458
b7259d25743d3048a9c7d54b81fa38c9,ddb0e7f4335f9123e341ba38ee271038,0,0,840,2340,840,2340
bdc1f8421da54f78324143bc594507a3,ff855bb564ac1085a2af6027f1639f59,1548,335,2800,2799,1252,2464
cd5fad67474650c1e03f802f4637605f,b473ec35ce942ac9e6500cba3b9160c7,0,424,971,2881,971,2457
fe042502144842f20ce8bd9dcb1f7203,ec0b304e24c9156bf4788648f5f77302,0,447,1449,2850,1449,2403
cd5fad67474650c1e03f802f4637605f,14c749742016113438e7027a18437d58,0,0,1053,2733,1053,2733
bdc1f8421da54f78324143bc594507a3,002f7204f82358ad735cd13fea03343a,0,298,1199,2742,1199,2444
fe042502144842f20ce8bd9dcb1f7203,3b4af64e14722ea42e3dd7afd5871a21,1411,0,2800,2687,1389,2687
313753d339f80e5bd99aba04ec692d49,b4c2758abe00fa882f78a631e5e3f8a2,1701,665,2800,3518,1099,2853
fe042502144842f20ce8bd9dcb1f7203,54b2cbf21afc423aa9c8233821009a79,0,0,1536,3063,1536,3063
cd5fad67474650c1e03f802f4637605f,f7792d4a803fd58eb546ed87aad2915b,1764,0,2800,2894,1036,2894
cd5fad67474650c1e03f802f4637605f,27d699798265975d9e079ee78e0ec998,1809,364,2800,2829,991,2465
fe042502144842f20ce8bd9dcb1f7203,6f834a16cf6652ae3640bf8a51777276,1322,0,2800,3518,1478,3518
8a88123df0d5aebd8018641e1abc7f41,71b4de1a621968fe975b8b5b3bf5841b,0,446,1115,2760,1115,2314
8a88123df0d5aebd8018641e1abc7f41,4f5aba0635272bf76805c0936fe6b19f,1731,0,2800,2621,1069,2621
8a88123df0d5aebd8018641e1abc7f41,6944f7f4a5ce3e67e77d88884db4da18,1713,557,2800,2835,1087,2278
8a88123df0d5aebd8018641e1abc7f41,9f0aa52db7e2b81563203a25aa8119af,0,0,1159,2643,1159,2643
313753d339f80e5bd99aba04ec692d49,4cbe115b284c57c237a0289a31cdb10d,0,0,993,2267,993,2267
313753d339f80e5bd99aba04ec692d49,00f5b5679f02609e7c8894336082e15d,0,548,1136,3518,1136,2970
313753d339f80e5bd99aba04ec692d49,47f85589984544f92894e587e9405f1f,1946,0,2800,2304,854,2304
01c3c13f0b852aed00b5147c21d0e649,81bf78c982ca444852fa95af7d96429c,0,0,1159,3580,1159,3580
01c3c13f0b852aed00b5147c21d0e649,03b3656c726cbe0d79c86a25d4296559,0,263,1168,2602,1168,2339
2e1f57baf6e3e742404c401b0999cadb,d8ed78f14ec7ecfb57b360833c36f4a2,0,863,584,2710,584,1847
2e1f57baf6e3e742404c401b0999cadb,64e88bc3716211bb2fc5dae3ca9e5b92,2192,356,2800,2267,608,1911
01c3c13f0b852aed00b5147c21d0e649,40a196059322084cbce62642c216b215,1616,0,2812,3278,1196,3278
2e1f57baf6e3e742404c401b0999cadb,0e3db7bbea14c6dd5dbab7b95bfe82e4,2088,0,2800,3222,712,3222
01c3c13f0b852aed00b5147c21d0e649,8c7e6e033f0be620335d5287f9396838,1805,240,2812,2551,1007,2311
3eb7275a01360c0a941f800941b54202,bb64922739841bfd6d7bd956941b7fcf,1561,125,2800,3518,1239,3393
6dd70ceb2de92ca6f8ce938fb5ba6c5c,1521df805c886bc03512c95dd859ed84,0,1058,668,2909,668,1851
2e1f57baf6e3e742404c401b0999cadb,58dd3e4e85cf4f93c0bfac39b046a331,0,0,659,2695,659,2695
6dd70ceb2de92ca6f8ce938fb5ba6c5c,31bdf5c522ff2fb6c64b3aed4d566444,2173,834,2800,2746,627,1912
61efd0076df88c0c73c5fc35d80250c6,966a2a45050080795d3734acdb2e8fdc,0,368,939,2593,939,2225
6dd70ceb2de92ca6f8ce938fb5ba6c5c,1d7e7a11192884999be3187937d3ba58,1963,0,2800,3518,837,3518
61efd0076df88c0c73c5fc35d80250c6,5958af0919b802ec7bc0b36a71a87ad5,0,0,893,2452,893,2452
6dd70ceb2de92ca6f8ce938fb5ba6c5c,55c18ba4ab103d94baa4cd4f9304ef7e,0,0,842,3518,842,3518
3eb7275a01360c0a941f800941b54202,939fdc0880bf4bc937bef168bb5fb518,0,0,1253,3068,1253,3068
a29e393de8cbee539c1bdabb9f4d7077,db998662a029e26f16aa62af97dfdb41,1040,216,2012,2338,972,2122
3eb7275a01360c0a941f800941b54202,a1a6e2b1fbdcb54519e1bb28eaea1cd4,0,380,1232,2778,1232,2398
61efd0076df88c0c73c5fc35d80250c6,7dc59cca4a08036d69af07b79e098d3d,1835,674,2800,2769,965,2095
61efd0076df88c0c73c5fc35d80250c6,080e798dfe138f8d82bee5c05a90a01d,1859,0,2800,2660,941,2660
df7c81d477ed6a29aa8e6e49c1719d03,ecf434b8a30df44b537faf2c5979c376,909,247,2012,2366,1103,2119
3eb7275a01360c0a941f800941b54202,52b50a4f3084c3e818ae80ad800951d8,1498,0,2800,2722,1302,2722
a29e393de8cbee539c1bdabb9f4d7077,6357f03b19241ed4d229d2a4a561b8d9,0,287,819,2397,819,2110
bdc1f8421da54f78324143bc594507a3,028cd95e334ed277aadc7c50c024d962,0,0,1312,3406,1312,3406
df7c81d477ed6a29aa8e6e49c1719d03,4986bc4a59f07c2c74c06688b647e6c3,872,0,2012,2643,1140,2643
a29e393de8cbee539c1bdabb9f4d7077,ca1af45306ee25a31587f3a3edeaeeba,1169,0,2012,2399,843,2399
a29e393de8cbee539c1bdabb9f4d7077,2e6297addaf188d434420fcc90bd8a85,0,0,782,2390,782,2390
df7c81d477ed6a29aa8e6e49c1719d03,7be2e5f9ade68ae2bfe4e5edb4968654,0,0,1169,2660,1169,2660
df7c81d477ed6a29aa8e6e49c1719d03,db70c6572ab2f8633feb484aa6d7d38d,0,400,1153,2477,1153,2077
d8d0bc6e58b11efa2f86a9c0986b038e,20ee729d5785e12a699415a410b2f790,0,405,944,2714,944,2309
221067cbc2d67f5c9e5a8755dfbd9293,4c8a5fd3643b5fa203ddc5d2611f2174,0,425,855,3518,855,3093
e40fedb349dd8c71dcf7465d478ce36b,134e2bec0d2ae92539ca5919cfc31f4e,0,286,965,2548,965,2262
a788185673c0b783dde8546a0e569ea2,34cb3815943af4b20513ff11c3e1b871,0,523,990,2718,990,2195
99458be10b74b7a9ed2f0bd91478ac3a,3d5b4225c9605e944629ac98e7ed38bd,0,0,1064,3518,1064,3518
d8d0bc6e58b11efa2f86a9c0986b038e,96eb9c4bdf059f2f8da825bfc0a3ba69,1750,110,2800,3380,1050,3270
e40fedb349dd8c71dcf7465d478ce36b,9fda4e703c9818dec0ca953a3fce8bd6,896,27,2012,2369,1116,2342
e80eddabf1341b8235b40daa58c31114,db7354efcddd360ebbba84110209fecc,0,218,1039,2812,1039,2594
221067cbc2d67f5c9e5a8755dfbd9293,d6241761a00359b74d95c81121835f04,0,0,1076,3443,1076,3443
d8d0bc6e58b11efa2f86a9c0986b038e,53c092e62d94e3193734c7bdf81a6b49,1777,0,2800,2723,1023,2723
99458be10b74b7a9ed2f0bd91478ac3a,e10005f192499b43bec85a5b75c5205c,1969,719,2800,2923,831,2204
b4af77205b86dac60f95a1e995f4c14a,b934cbba248e3072f93a27ad0bc842ab,1848,399,2800,2643,952,2244
e40fedb349dd8c71dcf7465d478ce36b,d203e4a53c50f04387ec211ef6998c64,879,0,2012,2611,1133,2611
221067cbc2d67f5c9e5a8755dfbd9293,49d5badefd184850a290189c4bec9cad,1945,125,2800,3518,855,3393
e0dc92574a3cac133c4544486c3540a4,c33d689ee6fd3e241e1ef0bb0d3142bb,0,14,1051,2812,1051,2798
d8d0bc6e58b11efa2f86a9c0986b038e,24f4b3ee73279c3140902d6d267cef13,0,0,925,3518,925,3518
99458be10b74b7a9ed2f0bd91478ac3a,5700469390ec03e4f272a766a5cd6732,0,464,909,2777,909,2313
e40fedb349dd8c71dcf7465d478ce36b,8a424774dedc1ccf8f280f9d44e915c7,0,0,1039,2665,1039,2665
b4af77205b86dac60f95a1e995f4c14a,3f56970879ff5d8300c84e438e71d201,1784,0,2800,3283,1016,3283
a788185673c0b783dde8546a0e569ea2,692d5a79ffa932fa918eaa464a69a4ba,1759,96,2800,2506,1041,2410
b4af77205b86dac60f95a1e995f4c14a,e73311b5a4387010e5d3743a940a4e3e,0,469,1149,3518,1149,3049
e80eddabf1341b8235b40daa58c31114,f23bc7fcb363e1e3e4a2df7d6ff722c1,0,0,932,2812,932,2812
a788185673c0b783dde8546a0e569ea2,0c0a37038410aaece1126a9bbaf9e01c,0,0,1043,2628,1043,2628
a788185673c0b783dde8546a0e569ea2,9fd544556ab9004c26f2872c537af1d1,1833,0,2800,2537,967,2537
e80eddabf1341b8235b40daa58c31114,2fb2e2b0c8e16eb5ac4f6918cb76a1c6,1072,274,2012,2812,940,2538
99458be10b74b7a9ed2f0bd91478ac3a,a6350e10e58c2c74370c430a54c639cc,1816,0,2800,3518,984,3518
e80eddabf1341b8235b40daa58c31114,4d0b3ea8bdf667bdc32e7f5230cae928,1058,0,2012,2812,954,2812
221067cbc2d67f5c9e5a8755dfbd9293,b1faeca0674e67f4bd2df622ca0c13d1,1753,0,2800,3450,1047,3450
56e5871781ef0323b297c6fa20722bd8,789a92d8f50bfacdc7bdbcc46798d0d5,0,721,693,2557,693,1836
56e5871781ef0323b297c6fa20722bd8,a8407b381ff56f58225be053f303b060,1283,235,2012,2145,729,1910
56e5871781ef0323b297c6fa20722bd8,0a7643e505ebde7571d50f202d4fdce4,0,0,819,2516,819,2516
e0dc92574a3cac133c4544486c3540a4,aee8818979bb62ff9b731f45cbd90022,0,0,980,2812,980,2812
e0dc92574a3cac133c4544486c3540a4,cd3cc5b6814968ba054aab11f163695e,1000,0,2012,2812,1012,2812
258aa8285a5968883f917c4dfa57a60e,35b63c132c81b45f9e17946278fcc617,0,362,1156,3518,1156,3156
e0dc92574a3cac133c4544486c3540a4,452eaf4a0111e06203b33091daf80c64,965,209,2012,2812,1047,2603
258aa8285a5968883f917c4dfa57a60e,432b0463a9df44e2e96e31ff1ddf3cdd,1646,197,2800,2891,1154,2694
56e5871781ef0323b297c6fa20722bd8,5c9a857746a26d6a55278106e1c74799,1177,0,2012,2553,835,2553
0cf2229eb9317a9ec6f29f9961ac1f2c,1451201f3683c6cbd7a4a5c6e09f8675,2180,641,2800,2747,620,2106
b4af77205b86dac60f95a1e995f4c14a,aedd473a95d8a4b1cb1280c0ae3d5eac,0,0,1125,2977,1125,2977
0cf2229eb9317a9ec6f29f9961ac1f2c,6f3348467aae7c0534c487b037a7cc33,1988,0,2800,3518,812,3518
258aa8285a5968883f917c4dfa57a60e,69d7ee18b66363ef76ad1a926cf10f9d,0,0,1164,3518,1164,3518
258aa8285a5968883f917c4dfa57a60e,75743a180913339916df66c07ec2558d,1618,0,2800,2872,1182,2872
0cf2229eb9317a9ec6f29f9961ac1f2c,b88772025fcbb622cf3ec61dbdc26bc4,0,290,663,3518,663,3228
e4e532ffe300e63d6f20388f5f048c75,f7a91522dddc78e743719480f30f061c,0,689,619,2656,619,1967
e4e532ffe300e63d6f20388f5f048c75,bda75ec9730d605b3561b170c2d89712,2249,589,2800,2473,551,1884
0cf2229eb9317a9ec6f29f9961ac1f2c,25d6153cba094c6f5a525f6344a43f0e,0,0,789,2989,789,2989
e4e532ffe300e63d6f20388f5f048c75,a9a08bb27aed90399ba80dec0cbb2488,2003,0,2800,3518,797,3518
e4e532ffe300e63d6f20388f5f048c75,1f15aa98d8a252cc0f7a5e98573973b2,0,0,719,3518,719,3518
097c66575d9571e426065011b3c00f2a,54cb18c9dfdf39b50113edcb4562a794,1944,576,2800,2627,856,2051
097c66575d9571e426065011b3c00f2a,2712a95031ea4c883b32d046009bf464,1921,0,2800,3518,879,3518
fa1933577d68577bea4b69f64e9fcfe8,63e1883f2279342ae4c6e59d01f855c2,2105,0,2800,3518,695,3518
fa1933577d68577bea4b69f64e9fcfe8,c640d08023d8c8d87c1ea4366dfcd163,2241,562,2800,2714,559,2152
097c66575d9571e426065011b3c00f2a,b37d167ccb6a077b748d074c64c58194,0,718,1006,2854,1006,2136
933609849e477b2daf41aef84ebe7e09,03cc3ac3bddf6d8378c13803f5ba3b17,1781,200,2800,2068,1019,1868
097c66575d9571e426065011b3c00f2a,1f7b47130301336df57dca5ba6d5dd68,0,0,1077,3518,1077,3518
003700f3c960e0b9bca2b8437c3dbf05,17c3d032d611eb3d1baf3434d62483a1,1985,188,2800,3474,815,3286
fa1933577d68577bea4b69f64e9fcfe8,2d5dc91afd2096e845a93217268cf8f1,0,712,609,2844,609,2132
003700f3c960e0b9bca2b8437c3dbf05,51b47f9024ccad1356354f56ac916f29,0,735,714,3518,714,2783
5c32aac989899542513be63d6b2d392c,f99e08afa8e94624cc4e4d71b272c44d,0,92,912,2551,912,2459
5c32aac989899542513be63d6b2d392c,d1ae40fad0e989938b7b9e75366c6334,0,0,968,2598,968,2598
c13b634ee7384ad3aeb8f0bea694da85,19189466123f991dfd57d7b963c9c908,0,872,665,2475,665,1603
c13b634ee7384ad3aeb8f0bea694da85,7608ec044f4025c5686414b85a1dc91b,0,0,641,2389,641,2389
003700f3c960e0b9bca2b8437c3dbf05,3944b33b99c98e763763b9da54b4f41c,0,0,758,3105,758,3105
c13b634ee7384ad3aeb8f0bea694da85,ea02c94391ccfec3eb069160b44f6eb3,2185,679,2800,2300,615,1621
8662844ffa8734588464845a8e36cdc5,11293fde35e71f13d3b01e4725337810,0,0,1058,2812,1058,2812
09f306bf9ce24860fc5f092b7a622d8f,76a25b7cfbd84eef4ccf823b29fbebf6,1272,381,2012,2389,740,2008
8662844ffa8734588464845a8e36cdc5,2bee33d8a60a4e1dd488768069450df1,0,536,891,2543,891,2007
933609849e477b2daf41aef84ebe7e09,7578868b45fec6595d315a6d14bef577,0,0,1105,2357,1105,2357
09b079d78e1f35e2a6919ac44dbf2a8e,e72f64087d46be345c2bb15eb01396bd,0,688,1049,2606,1049,1918
003700f3c960e0b9bca2b8437c3dbf05,552a67df6d68b8f9498db7cadd23b0e0,1971,0,2800,2378,829,2378
fa1933577d68577bea4b69f64e9fcfe8,0c406b5045ecc40a6fc3afaeb7b47b6a,0,0,857,3518,857,3518
09b079d78e1f35e2a6919ac44dbf2a8e,c72f340f53c8a8acd3566cf239af8463,0,0,953,2770,953,2770
09f306bf9ce24860fc5f092b7a622d8f,4eb06aa6f06dca049227448a458620f0,1217,0,2012,2812,795,2812
09b079d78e1f35e2a6919ac44dbf2a8e,5f055a9d811d6a2fca00bacf3db343c9,1695,719,2800,2681,1105,1962
2cf866b3ff9260a8f185cc8800ff48c5,0c494ca5f77a33564242f87315cb7411,1911,518,2800,3518,889,3000
5c32aac989899542513be63d6b2d392c,6d6043edf4236b8f59f97107d5621f55,1789,0,2800,2771,1011,2771
2cf866b3ff9260a8f185cc8800ff48c5,2110382bb36992406ef1b6055b61694e,1938,0,2800,3518,862,3518
09b079d78e1f35e2a6919ac44dbf2a8e,a1bfd3352af9f087e3bebc7daefc8861,1829,0,2800,2624,971,2624
5c32aac989899542513be63d6b2d392c,bd2bff7835aed1a2242f9e021ef29d07,1883,161,2800,2449,917,2288
6cd70b477d181bc5bf2078e11b902a90,644632d9f9cdcc566e0408cf8bd1aaa9,1979,721,2800,2741,821,2020
8662844ffa8734588464845a8e36cdc5,08382f717cffee8c369e4f39d990c0a6,1055,342,2012,2415,957,2073
09f306bf9ce24860fc5f092b7a622d8f,246dd03da42a1e615a3acfab32013636,0,248,748,2469,748,2221
933609849e477b2daf41aef84ebe7e09,7d35cce8a843a0a87626b6e21c3122f1,0,301,1084,2199,1084,1898
6cd70b477d181bc5bf2078e11b902a90,38847fe91381d71a8018c5de16d93fa8,0,535,773,2627,773,2092
933609849e477b2daf41aef84ebe7e09,32d61f35c719b93c108d5a71f90a7379,1798,0,2800,2441,1002,2441
6cd70b477d181bc5bf2078e11b902a90,ad35db96437cf6bc64f312a325a1e6d9,1855,0,2800,3518,945,3518
2cf866b3ff9260a8f185cc8800ff48c5,0881005cf9b80a034201902ec4ec0ce7,0,0,1010,2536,1010,2536
aa5697b24fa63558a6840e9e6b5863f8,9d633d1d93b79aec6a2238134bc5075f,1917,0,2800,2343,883,2343
2cf866b3ff9260a8f185cc8800ff48c5,22fded4ecdd318e8775b2d8db8f91b23,0,0,990,3518,990,3518
1d6708c18a5e13bd1946bddd58b995f2,a27dbe34e17762acbbdc362730d0aceb,1816,215,2800,2375,984,2160
aa5697b24fa63558a6840e9e6b5863f8,da1cf79d592114337a6e5702d2d166e6,1897,0,2800,2773,903,2773
aa5697b24fa63558a6840e9e6b5863f8,89ae3b17786ed8b46a5e30fe831a6ee0,0,235,969,2673,969,2438
6cd70b477d181bc5bf2078e11b902a90,e5f193fb1657200e713b0c53fab925b2,0,0,849,2746,849,2746
c13b634ee7384ad3aeb8f0bea694da85,0d449385da79a624a1e6414f157452b5,2181,0,2800,2415,619,2415
df940c8dad05ec9fa20bd763e37d49b7,e9ddcd292fdc6b6dc956294cc0e87f88,1979,0,2800,3518,821,3518
1d6708c18a5e13bd1946bddd58b995f2,c803d4141931e237c8c956073e4bdc27,0,0,1014,2667,1014,2667
aa5697b24fa63558a6840e9e6b5863f8,a3ff2363acfe380fe12caa40f91a5a5a,0,0,913,3518,913,3518
8662844ffa8734588464845a8e36cdc5,36754c0f650914a1b989d34064a6ee8c,917,0,2012,2812,1095,2812
09f306bf9ce24860fc5f092b7a622d8f,da5e82a5977bb803e898fd1b859548ca,0,0,711,2812,711,2812
df940c8dad05ec9fa20bd763e37d49b7,2879725015afe0156bf8b5e295136ddd,2126,913,2800,2783,674,1870
1483d67f5ebff33b5d3da109ee658679,303d1fcac119dda4b15b267b4c96d2b8,2100,429,2800,2148,700,1719
1d6708c18a5e13bd1946bddd58b995f2,921995496598718092293c888633c2a4,0,417,1023,2596,1023,2179
cdf3b444b576fabcc053c19779a25b6f,927f72c0e1c5e59b5dffabe2c6156eec,0,627,655,2708,655,2081
1483d67f5ebff33b5d3da109ee658679,de281332b89732be7604a741cd73118e,2042,0,2800,2488,758,2488
9cfff74352074d4cdbf70b090bd1fb81,6ccfac9619f1f7cb23d1130818f3ed9f,1907,0,2800,2805,893,2805
1d6708c18a5e13bd1946bddd58b995f2,e186e7abebe74d4a0158303a98dd69cf,1848,0,2800,2781,952,2781
9cfff74352074d4cdbf70b090bd1fb81,58b1ceea94f5a86b548cd55e972e0433,1869,446,2800,2485,931,2039
df940c8dad05ec9fa20bd763e37d49b7,bfd774c3fea3b7a9bae2d1bfba1cf5a7,0,449,682,2493,682,2044
9cfff74352074d4cdbf70b090bd1fb81,5f91a0b8081980d703b345111884e651,0,0,987,3486,987,3486
1483d67f5ebff33b5d3da109ee658679,fc706af25d47234e0b0ecc503bac8c4d,0,276,736,2315,736,2039
cdf3b444b576fabcc053c19779a25b6f,6b4e82cf5e560361f633aa715b0ae667,2177,573,2800,2752,623,2179
1483d67f5ebff33b5d3da109ee658679,13da145a98494fe9938f0caa8dd3074d,0,0,721,2561,721,2561
9cfff74352074d4cdbf70b090bd1fb81,d49202960680ad17a8bac0206002b2f3,0,326,1000,2598,1000,2272
cdf3b444b576fabcc053c19779a25b6f,d323d0b13773d735619b709276ef2f17,0,0,805,3518,805,3518
cdf3b444b576fabcc053c19779a25b6f,8ece1e3ee7cacf0f66bcd7f604f3252e,1964,0,2800,3518,836,3518
df940c8dad05ec9fa20bd763e37d49b7,9f63e7d767a3361df11d8aaec234aaef,0,0,793,3518,793,3518
b62991c22da16b2b54c45fcc14bd7731,5f34bbcc010048ef7ebe4b16d049f46c,0,0,988,2525,988,2525
b62991c22da16b2b54c45fcc14bd7731,5ed94773d01ee8266af5982f7c602794,1772,0,2800,2662,1028,2662
051759f945f430b4815467203077a296,f8bf0b12fa78ce2cfc9db295a1cf72a8,2013,0,2800,2509,787,2509
051759f945f430b4815467203077a296,3f15d796ee5091af374985f14c88f2f4,2165,748,2800,2659,635,1911
b62991c22da16b2b54c45fcc14bd7731,1a07ec178a9b03db81f1bfb1828d3798,0,222,954,2687,954,2465
051759f945f430b4815467203077a296,dba624b4657212e6f2160f01b05f0c79,0,501,605,2361,605,1860
051759f945f430b4815467203077a296,0b08ffe438f7296dadb30471a86a2065,0,0,722,3048,722,3048
b62991c22da16b2b54c45fcc14bd7731,8a69a3fd18fb04b8b391927d225edb61,1805,0,2800,2527,995,2527
8f5af84cac43e3d019f20610e1b87e72,ce0bc9dc7d6b92bccfabe7ad85421d74,0,728,733,2791,733,2063
f41beebef3f4ee01ad4f43a0aec29e24,c53a759052e08aa345d9a4f58a8fb844,1939,948,2800,3035,861,2087
f41beebef3f4ee01ad4f43a0aec29e24,cc9cdf2fde6ffc6ad0d4af6aa8e6bab5,1756,0,2800,3317,1044,3317
f41beebef3f4ee01ad4f43a0aec29e24,ee2a1aa31e7fc4ff83d9070c37993a3c,0,664,935,2784,935,2120
f41beebef3f4ee01ad4f43a0aec29e24,74bf41cc3de403a30d6616f2cf5e1f07,0,0,961,2854,961,2854
1b43d2adcf3f300c550d3030b16c861f,298bd294e8ca43bcf3c66574a66682c6,1911,0,2812,2381,901,2381
8f5af84cac43e3d019f20610e1b87e72,ab81a7a043dc9175cbb7c5a310bd3cd3,1923,0,2800,2361,877,2361
75ea702c01809c3189bd48c518a4705f,1af22cd46ef1eb057a5af9d8a7bf33c7,0,559,565,2287,565,1728
a90e9bb390e07942ee8e749fb57003c3,96d55923aa8415e45baa586b7a51c717,1987,0,2800,2511,813,2511
75ea702c01809c3189bd48c518a4705f,a0269222487bc948d7ec951f20a75beb,2257,371,2800,2132,543,1761
a90e9bb390e07942ee8e749fb57003c3,5a5e4c9c66053045fefc0407076f0dea,0,730,890,2718,890,1988
1b43d2adcf3f300c550d3030b16c861f,5fb79402e56f9fe17bb7adafe792cb07,2068,760,2812,2949,744,2189
8f5af84cac43e3d019f20610e1b87e72,db283bd542ce1d3b395e8f32adb84f15,2073,501,2800,2411,727,1910
a90e9bb390e07942ee8e749fb57003c3,b0d2fbc004346f845ed78209983f740d,1895,645,2800,3518,905,2873
bbeab2738ef4d6ffcc0e1598f99c911b,d68e257f6efb6b6024430c337fe39d86,2183,0,2800,3518,617,3518
a90e9bb390e07942ee8e749fb57003c3,052b8ed1c054b3a767ab304005933c55,0,0,952,2482,952,2482
1b43d2adcf3f300c550d3030b16c861f,4d59a1f3bc1183b998c28b18f531fb9d,0,455,738,2613,738,2158
bbeab2738ef4d6ffcc0e1598f99c911b,028b94203f1f6a3335e20dfad5b68948,0,750,525,2505,525,1755
66b5a33279b9cafb3e238b7f76a2a19b,ad83ade95a0add0f60ebf5bfd1c70ad8,1864,0,2800,3337,936,3337
1b43d2adcf3f300c550d3030b16c861f,db72a9a3c5827c1982b9b6d953c3dc04,0,0,891,2253,891,2253
75ea702c01809c3189bd48c518a4705f,03bc212124aba1eea604e6ae3ce49c3e,0,0,754,3518,754,3518
bbeab2738ef4d6ffcc0e1598f99c911b,1ff8f0c6b372f3f11b293140a277cab1,0,0,689,3518,689,3518
8f5af84cac43e3d019f20610e1b87e72,04e5043b9f227da644d59979b3c6f635,0,0,832,2214,832,2214
bbeab2738ef4d6ffcc0e1598f99c911b,cbea227770ea873a2a427d852b87ba93,2344,576,2800,2623,456,2047
5e865fe053e5327a160dd92be04b239f,0d3319df35994cc6de2b767a4f26bdd2,0,0,1005,2619,1005,2619
7529892e32f78b88cb9ea75970c20de0,0e1eff7c2d605c08b78bf2598a1a4dd4,977,0,2012,2186,1035,2186
75ea702c01809c3189bd48c518a4705f,7e6c8a20f9bf273b925896d7046eca9d,2111,0,2800,2722,689,2722
7529892e32f78b88cb9ea75970c20de0,dc044b85fe2edef0735d86372b3219ab,907,0,2012,2756,1105,2756
766f6d23ccc0285e7c096112a7df39c1,f7b7476251cc259536c1b683138449a8,0,280,768,2405,768,2125
dcd7d6677620cac2e1f43c83aed35e30,fcbfad161758ed8ff37d8f6c1c8a7b2f,0,457,846,2490,846,2033
7529892e32f78b88cb9ea75970c20de0,509bd0a8d3be4469ba6d9a40887bb88b,0,0,1148,2812,1148,2812
d0c9ed546f54159e70a051805c9f7499,9ec12e9e3d882ca7256d6befeac31b0b,1960,570,2800,2613,840,2043
c8c318393f00aaf37cd93ceeec9ad81a,529cc1bd2d1da3db0d2efd2aee1e0087,0,680,1030,3015,1030,2335
766f6d23ccc0285e7c096112a7df39c1,5a950613454d1e3c93969401513436d9,0,0,881,2405,881,2405
c8c318393f00aaf37cd93ceeec9ad81a,acab0f41402fb8dad5d7a2b60f4b02f8,1773,261,2800,2669,1027,2408
ab20f9e095cf7f9d38f14b73cc774305,880fffdead4ea5ab8f8491e9469899b0,1792,602,2800,2602,1008,2000
66b5a33279b9cafb3e238b7f76a2a19b,90ce1ded629563ad5c3444fd2b432209,2011,706,2800,3518,789,2812
d0c9ed546f54159e70a051805c9f7499,6fce44a9101a0851e8057e2d36339c17,0,0,1008,2680,1008,2680
c8c318393f00aaf37cd93ceeec9ad81a,3c13c5296cf21c3d7659d27b0c361c22,1661,0,2800,2539,1139,2539
5e865fe053e5327a160dd92be04b239f,534ea70c2c08ec573155dc6230a6673c,1705,0,2800,3518,1095,3518
dcd7d6677620cac2e1f43c83aed35e30,cc5353fea3433a4b1b82465209a39cb1,2003,698,2800,2592,797,1894
02a306f125729d279538ea3dde4f262a,a35b8986274c675c008ec264d25bf0fd,0,866,1046,3203,1046,2337
d0c9ed546f54159e70a051805c9f7499,a4ef06156baf80056cf6c7ade733240e,1856,0,2800,2662,944,2662
766f6d23ccc0285e7c096112a7df39c1,fa5a9ac50d4e6bc74efe6c1d2ef2ac4b,1327,336,2012,2429,685,2093
dcd7d6677620cac2e1f43c83aed35e30,5d74e01d7c6e4f09be10bb1d87ae1b11,2042,0,2800,3250,758,3250
c8c318393f00aaf37cd93ceeec9ad81a,086b90042bc6ef6dc247414159e30cd4,0,0,1112,2839,1112,2839
5e865fe053e5327a160dd92be04b239f,9c273892d4f72b25c63b0d26ff02259c,1741,573,2800,2533,1059,1960
7529892e32f78b88cb9ea75970c20de0,a8039340c9429814cff5e9ee01284e24,0,186,1001,2276,1001,2090
2c0b42fbb6a8c0bf90d1fb133d49797e,76375f1cd0b0d90a24007f4672982449,1284,241,2012,2190,728,1949
66b5a33279b9cafb3e238b7f76a2a19b,43993a357688e18caef09213b007247b,0,0,865,3312,865,3312
02a306f125729d279538ea3dde4f262a,a8d69c109fb59f9b20d3f60bf727b6f7,1767,483,2800,2888,1033,2405
3cc4bbf1fc50eb210133b066c4fe27c1,7ff4d7e95c1ee9be9dc90119d5d22eea,2043,607,2800,2646,757,2039
2c0b42fbb6a8c0bf90d1fb133d49797e,1d6170dd49f8e25d01844c9eae9a8b39,0,231,667,2231,667,2000
ff02ce510218e943fba03aa113761fc4,71935033d3e1f247b7e18345dcacaf3d,0,1084,792,2933,792,1849
66b5a33279b9cafb3e238b7f76a2a19b,a1045349334b9c1cab7598853e574cea,0,680,848,3518,848,2838
ff02ce510218e943fba03aa113761fc4,5b1dbb4ff19223769c689f1eed27255a,0,0,925,3518,925,3518
dcd7d6677620cac2e1f43c83aed35e30,527a6003d43afecdd8777e1d59c9d9f7,0,0,785,3306,785,3306
2c0b42fbb6a8c0bf90d1fb133d49797e,9ae04a3c033cfed432a440426d478fa2,0,0,729,2661,729,2661
d0c9ed546f54159e70a051805c9f7499,061c11537a514e894a296a7d72064a90,0,624,846,2638,846,2014
5e865fe053e5327a160dd92be04b239f,ee5ad71a48d5bd4a7e719718b50d9129,0,687,1039,2647,1039,1960
2c314c0a8f364d1a8889bb555d3d04c9,495ee7dfa06f4e580526397e188a13f0,0,712,871,3518,871,2806
8c70fec7f857576c7235aa425caeebad,8871b68d4a9e7a3fe7c49f0f42a4c0ba,0,895,862,2845,862,1950
02a306f125729d279538ea3dde4f262a,62920323da267f6a7c30adf394aa05c4,0,0,1255,3518,1255,3518
ab20f9e095cf7f9d38f14b73cc774305,ae009491bc6de895693fb1aae3837dac,0,0,974,2353,974,2353
02a306f125729d279538ea3dde4f262a,45be4204429090f71b39c34953c6433b,1569,0,2800,3267,1231,3267
3cc4bbf1fc50eb210133b066c4fe27c1,bf6e7f6ab4df12ac8c6442a7cd84ff0e,0,314,721,2650,721,2336
ff02ce510218e943fba03aa113761fc4,a117220edeb226a01fda9a8a88c2d319,2036,975,2800,2914,764,1939
766f6d23ccc0285e7c096112a7df39c1,395a05d8a1f4344f1286452e851b7d1e,1178,0,2012,2494,834,2494
ab20f9e095cf7f9d38f14b73cc774305,bd02df779abc10036bfded2a80f3cce6,0,514,933,2507,933,1993
2c0b42fbb6a8c0bf90d1fb133d49797e,930273b97054d0b66386afb88a95e795,1306,0,2012,2578,706,2578
2c314c0a8f364d1a8889bb555d3d04c9,fb90604f039d294a931b94442e7f8b73,1936,0,2800,2800,864,2800
3cc4bbf1fc50eb210133b066c4fe27c1,fbb9995b551a510b59a3273067ebf635,2026,0,2800,3518,774,3518
8c70fec7f857576c7235aa425caeebad,5de4256a27e138078b12d6e0f3a8c74f,1804,0,2800,2754,996,2754
2c314c0a8f364d1a8889bb555d3d04c9,529e907813e24ea0c7434c95812f3a44,0,0,948,2751,948,2751
3cc4bbf1fc50eb210133b066c4fe27c1,e5da47fecf6900df0fb107f9a9203d0d,0,0,756,3518,756,3518
8c70fec7f857576c7235aa425caeebad,83325ac7c54b43dcc6f9f14409e0b917,1883,652,2800,2810,917,2158
8c70fec7f857576c7235aa425caeebad,33610017251625bd609bb2b12df68bb6,0,0,1005,2668,1005,2668
2c314c0a8f364d1a8889bb555d3d04c9,421afeb5f9dd7b64b84ac8335b14b247,1843,382,2800,3518,957,3136
ab20f9e095cf7f9d38f14b73cc774305,889093fb7a824c937d193a61dfda34a1,1761,0,2800,2566,1039,2566
ff02ce510218e943fba03aa113761fc4,8c878e5c90ebedbacda370ea7ea526e9,1916,0,2800,3518,884,3518
72eb70deeb1df7551b28c7b30b8f034c,c8673267271111cc481f2793d94eb565,0,698,636,2572,636,1874
72eb70deeb1df7551b28c7b30b8f034c,0512eba40f343332df4758ea376de0dc,2082,817,2812,2750,730,1933
54e1f904c900481e1b438f4fb5a07719,4749ed4ec3b6ada44c0f5de9c211c71e,0,454,830,2812,830,2358
72eb70deeb1df7551b28c7b30b8f034c,e545e097d1899ad897dbdde82ed2bb97,1908,0,2812,2923,904,2923
54e1f904c900481e1b438f4fb5a07719,4dd42d0d2c497e5a6aa687b5a94da8c3,1169,260,2012,2292,843,2032
54e1f904c900481e1b438f4fb5a07719,d61da661e3ca7c6d1f603c3e596bd07e,0,0,731,2812,731,2812
72eb70deeb1df7551b28c7b30b8f034c,e579d7a7361e460066d86a92b169606d,0,0,742,2867,742,2867
44547b977313c66f106c07f99e492ee2,12284c56ca4887b1747c1f45bce853f1,0,873,790,2812,790,1939
54e1f904c900481e1b438f4fb5a07719,694cc5e9a255efb1ecc488c667801804,1204,0,2012,2812,808,2812
44547b977313c66f106c07f99e492ee2,f8bbdcf948609aea0b384583364379e5,1998,0,2800,3518,802,3518
1fab19889657f4a6d25b6ed0018e58e6,9892d72c575194896ab6f67f3de90360,1995,617,2800,2480,805,1863
c30a66a9d2c2f02edb9eaa037f6d48d5,182af461d51c287f1ee92d1880cd88b6,0,670,808,2715,808,2045
c30a66a9d2c2f02edb9eaa037f6d48d5,d4aca60025e686c500cee071cfa3071f,0,0,862,3050,862,3050
44547b977313c66f106c07f99e492ee2,08a64894ac411114c25dd709e2bcc471,2099,590,2800,2547,701,1957
c30a66a9d2c2f02edb9eaa037f6d48d5,4365cf634c09b5376a1f18fa3b0df528,1955,0,2800,2978,845,2978
1fab19889657f4a6d25b6ed0018e58e6,ce878ca1e688580f0c9bfa2de2cac255,0,0,961,3518,961,3518
c8b98ec621e15b34e49608a1afb11b02,b1efac584a2c752e8aa40915c64700f6,0,481,1054,2677,1054,2196
1fab19889657f4a6d25b6ed0018e58e6,a342b3b1b9c95a47aacf9a014aaf34f4,0,650,964,2596,964,1946
1fab19889657f4a6d25b6ed0018e58e6,c174a49b39a66ac00323006c5db89c09,1891,0,2800,2542,909,2542
b4fe06383379a0760f9086dae96f7309,4d8240bb337c15f3b0e016ebdf0a97ad,2029,0,2800,2566,771,2566
1889846b24ee710ca76492ee53922397,f09073564905c2f98bef3f7a967de6bb,0,267,516,2290,516,2023
1889846b24ee710ca76492ee53922397,2d489228909a82586874fbe239456149,2304,871,2800,2568,496,1697
b4fe06383379a0760f9086dae96f7309,cb431ef185f6d6b81f5ed47f0952c162,2031,471,2800,2562,769,2091
6f5188b8ccefeb7c3d2d3e9e50a7b28a,cc68f0a6796f990ac32d5c081df38d6e,1629,0,2800,2295,1171,2295
c30a66a9d2c2f02edb9eaa037f6d48d5,2022ad89e0f9203efe451250142b7e10,1990,549,2800,2638,810,2089
1889846b24ee710ca76492ee53922397,e147a90ddb39c49edba2a730b4f76e49,0,0,785,2986,785,2986
c8b98ec621e15b34e49608a1afb11b02,b5e75ab4a453f924f386345f7575e260,1772,543,2800,2839,1028,2296
6f5188b8ccefeb7c3d2d3e9e50a7b28a,11bdfadb5386599a9466e5d112b42372,0,225,1187,2708,1187,2483
6f5188b8ccefeb7c3d2d3e9e50a7b28a,e2ede95703bbb06a4ef1b1a6f351f035,0,0,1192,3122,1192,3122
2f8faaff1d77da03e61899fe2522baed,1d3584823a76e8d497f02d4be31ccd27,0,0,755,3518,755,3518
1889846b24ee710ca76492ee53922397,148081c84b96e878ac1b59ad91e89a5f,2087,0,2800,2534,713,2534
104f0163c60c0deb83ae910d3eb9083a,83cd298ce7c86584c99e3779b6aec113,1523,490,2800,2757,1277,2267
a69b86575a09c57820b5781e58feecf1,6426f4d6db76dc0f31ffbe389068695c,0,0,864,3518,864,3518
a823101ebd6bb6f016859854b18caa35,dd0912e6b0d77c27d98e4499ff83867a,1841,138,2800,3518,959,3380
a69b86575a09c57820b5781e58feecf1,ddc54dac8508373b59dba89abf7c64d4,0,469,866,2693,866,2224
104f0163c60c0deb83ae910d3eb9083a,79639327c9240d94ebb3a6014afb0085,0,455,1141,2628,1141,2173
a69b86575a09c57820b5781e58feecf1,0fd26bc1dac3acc56b2e9773602eb50b,1972,0,2800,3254,828,3254
44547b977313c66f106c07f99e492ee2,62bc0c3735b87acc2c86f5c80497149b,0,0,858,3518,858,3518
6f5188b8ccefeb7c3d2d3e9e50a7b28a,23470268f47f1ea61977bf70392e3dc0,1509,0,2800,3518,1291,3518
2f8faaff1d77da03e61899fe2522baed,ac7bae9fcdc14cb24046671fe4aaadd5,2088,620,2800,2616,712,1996
b4fe06383379a0760f9086dae96f7309,9a728250069ba3419ccc1f35b94bd252,0,0,768,2468,768,2468
b4fe06383379a0760f9086dae96f7309,6d133197b18d549024e8ee19ce0cbb76,0,846,770,3007,770,2161
f315e9031921e0cb2e46546d9e1a82b4,de83a09728948ef3f144bde673740b98,0,0,821,2534,821,2534
a1456f12587ef4ad0f3c3986699ae310,738991a1cc340ab7f3a7bb7bb6606cde,0,731,688,2993,688,2262
104f0163c60c0deb83ae910d3eb9083a,1394ad26120be8509c605baf94b218c2,0,0,1113,3518,1113,3518
c8b98ec621e15b34e49608a1afb11b02,699a83869a9021238bfcdb296e6efdf7,1759,0,2800,3518,1041,3518
03b20d85c1c4438574a80ea68c6e5564,acbc0758f9ace5d7e07540e3c207bccc,1616,0,2800,2606,1184,2606
a823101ebd6bb6f016859854b18caa35,936558f3be5eda08dd20df2ff567b090,1704,0,2800,3129,1096,3129
a823101ebd6bb6f016859854b18caa35,3726c2691a29eb8511ab8ef23903028c,0,538,892,2826,892,2288
104f0163c60c0deb83ae910d3eb9083a,e8a9d818b6b1e0d7e8f679df61761ba3,1564,0,2800,3518,1236,3518
a1456f12587ef4ad0f3c3986699ae310,fd8b05200a3bcc8c129147fb2c70d8d3,2124,520,2800,2415,676,1895
f5d2bee5cad38ebb282de2494704f7d5,7226abbe8cac259f60723ee5333147dc,0,0,752,2656,752,2656
f5d2bee5cad38ebb282de2494704f7d5,14a70a00ea83cd19b5f0e2914a1575dd,2037,497,2800,2525,763,2028
f315e9031921e0cb2e46546d9e1a82b4,b935a88da92aeaf62abd6e6386cbbf09,2079,0,2800,2527,721,2527
a69b86575a09c57820b5781e58feecf1,babc89518a19a9fd5841827d26859734,2072,696,2800,2836,728,2140
f315e9031921e0cb2e46546d9e1a82b4,34226656d994c38b0bb90ca0eefc5a06,2182,565,2800,2409,618,1844
a823101ebd6bb6f016859854b18caa35,60042eaeed1cc47127aa9983d7e8cbd3,0,0,1399,3470,1399,3470
c8b98ec621e15b34e49608a1afb11b02,ac0b6db76c3a5fb88a776bf54d0353ca,0,0,1059,3433,1059,3433
1902f78dd41ade9f6f6de8a4e571eb1e,56158b5aac38880aacb62329929c2230,0,0,675,2443,675,2443
a1456f12587ef4ad0f3c3986699ae310,050f772d0948d72982131db1db950d27,0,0,906,3518,906,3518
a1456f12587ef4ad0f3c3986699ae310,851ce9bbe4ff1bc135460ec660580ed5,1836,0,2800,3518,964,3518
968f72a200354163e45343aeeead090d,a0d8764fd9aab586c329e0458f120ee5,2103,980,2702,3086,599,2106
2f8faaff1d77da03e61899fe2522baed,b887585e37e73f4491d5fbaecb67561e,0,853,686,2952,686,2099
c5edb376bde7f9672551c3a253b8a6f5,6bb3cef1a61d674d98941602ef432a05,1922,0,2800,3518,878,3518
03b20d85c1c4438574a80ea68c6e5564,e17d4b4d056d1c907ddac93f6826b2cb,0,0,1136,3518,1136,3518
f5d2bee5cad38ebb282de2494704f7d5,d0d64b0c3c74d7b5c1835327a8b036c3,0,411,788,2448,788,2037
968f72a200354163e45343aeeead090d,ca01b7c17aa7819bbaf4d21bbc823f5a,1954,0,2686,2542,732,2542
2f8faaff1d77da03e61899fe2522baed,c9e99ed966646b0ccb4c0e7f11650ccb,1972,0,2800,3518,828,3518
3088303b3e24ebf2c23b38099ced5067,2ff0e32c4669fc0a09ecdee65ce1c2f2,0,0,1073,3518,1073,3518
3088303b3e24ebf2c23b38099ced5067,27199825fc2590bd9f483e3c93f69c6c,1729,509,2800,2946,1071,2437
1902f78dd41ade9f6f6de8a4e571eb1e,4a97666bfc0fcacbe5509c2bfd9368e9,0,808,784,2628,784,1820
508b6353e0460148f29506c36bae2378,cb56acd9d543ec65aafaff7740165876,1906,482,2800,2559,894,2077
1902f78dd41ade9f6f6de8a4e571eb1e,ced3695b965fae62ca56018e6b794380,1997,734,2800,2565,803,1831
968f72a200354163e45343aeeead090d,58a360f883c8fd91abe7922eb22b8844,0,0,871,2766,871,2766
c5edb376bde7f9672551c3a253b8a6f5,d0b2bbd41b45888deceb63c75b2f7903,0,600,664,2686,664,2086
f315e9031921e0cb2e46546d9e1a82b4,d3231a303aca7029d61bc932a3fb6945,0,599,716,2540,716,1941
f5d2bee5cad38ebb282de2494704f7d5,955d96a0171f3f7b6da5e788decba0fa,1969,0,2800,2617,831,2617
3088303b3e24ebf2c23b38099ced5067,4fb583c161a4ba4b66320b1e835e0f50,0,578,1096,2961,1096,2383
3088303b3e24ebf2c23b38099ced5067,ababe58257feb1692b3d4f238bd6fba5,1794,0,2800,3518,1006,3518
508b6353e0460148f29506c36bae2378,cdfe050d8a82598242215c6a051c1bee,0,448,863,2559,863,2111
c5edb376bde7f9672551c3a253b8a6f5,75ada18b95255302ff6718bdf2f16e0d,2084,491,2800,2567,716,2076
8abaf178e500859d0a532bf34a4ce595,c07913233d9119af17fb07e09717aa30,0,0,1215,3427,1215,3427
03b20d85c1c4438574a80ea68c6e5564,020a5433c9b16a5c493b5d9902d08e90,1733,0,2800,2401,1067,2401
c5edb376bde7f9672551c3a253b8a6f5,084eabd478f0c2f28dd97a35e566f993,0,0,794,3518,794,3518
1902f78dd41ade9f6f6de8a4e571eb1e,81d2f68d7060fa96cb877b5c757a8dd3,1963,0,2800,2506,837,2506
968f72a200354163e45343aeeead090d,5ef0d14bdfb0c58dee2076c25a443cd5,0,741,633,3580,633,2839
508b6353e0460148f29506c36bae2378,53e26c9b9b677a7ed0d9954069138076,1806,0,2800,2910,994,2910
8abaf178e500859d0a532bf34a4ce595,be50a17b04aed1c7708217318ed8ba83,0,503,1197,2762,1197,2259
8abaf178e500859d0a532bf34a4ce595,4534c3c2134dd7c3892079ceb8357c90,1483,284,2800,2743,1317,2459
508b6353e0460148f29506c36bae2378,e91c04069930ccb017f9f435e861a34f,0,0,937,3135,937,3135
8abaf178e500859d0a532bf34a4ce595,ffb1b04b11a4f3570f0aa2f8c2d4c97b,1586,0,2800,2627,1214,2627
03b20d85c1c4438574a80ea68c6e5564,d357f66869073f1932b1255368235378,0,0,1097,2517,1097,2517
f19d7b364ea4ae74f3fb2cf4071d2a90,24c7dab80c18943c9a6465693cce82eb,1824,0,2800,3518,976,3518
f19d7b364ea4ae74f3fb2cf4071d2a90,178aaa51e1f4adc2e4d174fa93c25728,0,375,796,2704,796,2329
f19d7b364ea4ae74f3fb2cf4071d2a90,69b76a93a888afc6e61a3438aa3f8960,0,0,919,3518,919,3518
7f963609784d8aefc1630fc89429230c,ec707d9f0985ed8b70cde8c742dfa6d4,0,0,912,2636,912,2636
7f963609784d8aefc1630fc89429230c,fde809a7f6983722a8682ee4e4e2e06f,0,0,926,2816,926,2816
a6dcb325438706a3f2b432fc7416a670,c08e5a4673ea84dca981a472f9c34f56,0,0,945,3198,945,3198
c3ca9224cad73120c67fdc8c6076ae59,da0e8c7dea67cbb854c11feaf1f9dc4b,1997,121,2800,2587,803,2466
f19d7b364ea4ae74f3fb2cf4071d2a90,7d4d38daad036ac1409ff77afe7d2dc9,1994,629,2800,2665,806,2036
96fc1c34748d57b25addfef264901941,2991ea549549430f337d9f3e257a5478,1780,474,2800,2572,1020,2098
a6dcb325438706a3f2b432fc7416a670,6d874366adff2736861afc970cff7cb3,0,558,986,2741,986,2183
c3ca9224cad73120c67fdc8c6076ae59,d034db07892149f7bfe0dfdafba859dd,1990,0,2800,2745,810,2745
7f963609784d8aefc1630fc89429230c,3891ab43b615495ec7db33fd48244bec,2013,909,2800,2796,787,1887
e2aa6b1125d61017c06120b2f317e803,7e1c0fa32a1924fc7f80c5efbc3753d8,1057,275,2012,1994,955,1719
e2aa6b1125d61017c06120b2f317e803,25ac5f0760e43d223f67bca6eeae9c4b,0,0,867,2288,867,2288
a6dcb325438706a3f2b432fc7416a670,909713f76c23c91706848a14e19bc9b8,1791,0,2800,3518,1009,3518
c3ca9224cad73120c67fdc8c6076ae59,0b503590229e878b6f6468929896d01b,0,0,933,3518,933,3518
7f963609784d8aefc1630fc89429230c,8dfbbafb123abcd8628279780dc5c719,1948,0,2800,3518,852,3518
cdcd972ce43c67edd8ca5d3abe8e168b,5e32aebf1b96d2617378ea98e91f93cd,997,0,2012,2812,1015,2812
ccb1e43a399e7fd78c52cfebee30c244,f45e982aee3d7e3fd39e57113179b1b5,0,410,1034,2603,1034,2193
ccb1e43a399e7fd78c52cfebee30c244,1fd044794f7ea00b8750bec70ca6660a,1762,248,2800,2353,1038,2105
a6dcb325438706a3f2b432fc7416a670,46a964f81f86069e4e8ed5f0be6bd22b,2011,746,2800,2792,789,2046
cdcd972ce43c67edd8ca5d3abe8e168b,4613ea1114e969c4581308cb7b496366,0,0,827,2812,827,2812
9bc8a6fe32d26a988e56bd490f0f245a,4d6b7e5b8c70d5456bd73de6ad717e3a,0,0,708,2812,708,2812
96fc1c34748d57b25addfef264901941,2b0d1a11f23fe35db16bb55c9e8a40bb,0,434,911,2811,911,2377
e2aa6b1125d61017c06120b2f317e803,68b9c839ee6c806fb84b5d4071b30eb9,1220,0,2012,2288,792,2288
ccb1e43a399e7fd78c52cfebee30c244,f11b3bbdd779bd98bb97964dcad56f9b,0,0,1171,2981,1171,2981
cdcd972ce43c67edd8ca5d3abe8e168b,3a29f7603a11aaec7c4eebe2da53b34c,0,192,925,2812,925,2620
96fc1c34748d57b25addfef264901941,675fff653602c943f09293f90ae4aaea,1725,0,2800,2668,1075,2668
9bc8a6fe32d26a988e56bd490f0f245a,df869616476436bfbb6f33ae35e19350,1401,0,2012,2263,611,2263
cdcd972ce43c67edd8ca5d3abe8e168b,7a2f359181703d3b6a8e0fc02e3e7ca3,1036,129,2012,2812,976,2683
c3ca9224cad73120c67fdc8c6076ae59,90d066adab8c0b542bd8b5e92a4b3909,0,135,841,2623,841,2488
fbc135926b71e4f85482ba9d756ba3f8,5a7f462a602b9f351d0ece0ddc786bbc,2019,30,2800,2695,781,2665
a3e63eb667df1e858d3ac3305ebcf90f,95a6d5caa17a9971539a6ed373ce6154,987,286,2012,2535,1025,2249
63b872fe16a03cba95b17aa582d6df85,60fafaf810c5967c7f3bc03ebca7591d,0,0,1080,3518,1080,3518
fbc135926b71e4f85482ba9d756ba3f8,da175816e0baf0dbb3ae12a8048bc1f0,1977,0,2800,3518,823,3518
63b872fe16a03cba95b17aa582d6df85,27aa9beb9479f608be6095ecdad482fa,1818,410,2800,2681,982,2271
e2aa6b1125d61017c06120b2f317e803,9b7d10a2cf0b1667c7a6c564e58217c3,0,320,942,1922,942,1602
154a7065ed1abcb896c710ad60945fae,4436b9f8b37862a40664623b04f073fb,1926,985,2812,3054,886,2069
ccb1e43a399e7fd78c52cfebee30c244,22e96a5a20e807001756f361411fd2ce,1702,0,2800,2909,1098,2909
9bc8a6fe32d26a988e56bd490f0f245a,4c7785838c1dc42ef7628cc59b6618d8,0,606,456,2812,456,2206
63b872fe16a03cba95b17aa582d6df85,592fc7ae253f7e6d8f070f06c5d3bed0,0,66,1058,2595,1058,2529
154a7065ed1abcb896c710ad60945fae,c679f0f385cf7f61f89c32ddb309f4ca,0,0,960,2603,960,2603
a3e63eb667df1e858d3ac3305ebcf90f,936e3bc1761cc232fdba458100df1663,880,0,2012,2507,1132,2507
154a7065ed1abcb896c710ad60945fae,3b434c91380a44de33b6ceabedb27791,1988,0,2812,2626,824,2626
fbc135926b71e4f85482ba9d756ba3f8,fd3aa9b61fa2a3ec0b8b30135be833f7,0,424,867,2445,867,2021
9bc8a6fe32d26a988e56bd490f0f245a,d4c999e9058f9e8a94546e242b7e861b,1538,579,2012,2232,474,1653
c442f5ec6619e92c612982a484ee2ef9,79cdcbe4c5ec95881339a23de9c4eae6,1739,205,2800,3355,1061,3150
fd8c76829d146086bf10d4b55352fd2b,516fe2cea511fc94e22f6045fbd9cd18,1974,419,2800,2495,826,2076
fd8c76829d146086bf10d4b55352fd2b,13550d88d67670e1cb4deabc4c5ae7fb,0,620,796,2600,796,1980
fd8c76829d146086bf10d4b55352fd2b,5e6f12d2321e250057403c11c0469992,0,0,848,3518,848,3518
96fc1c34748d57b25addfef264901941,d32f5452ae3f2a052bd6a4987a53b00d,0,0,938,3518,938,3518
63b872fe16a03cba95b17aa582d6df85,6384ca00895628a4d922d72015121dcc,1750,0,2800,2722,1050,2722
c442f5ec6619e92c612982a484ee2ef9,6e2a43a759c278d020af49d6f1cc4c60,0,0,1061,2779,1061,2779
154a7065ed1abcb896c710ad60945fae,637a682bf73af247cd475e676f01308c,0,732,906,2809,906,2077
1c682f03417c4ab9f4fdaedc0860f869,c606dfd302bfcac910deca531281dab4,601,0,2012,2513,1411,2513
1c682f03417c4ab9f4fdaedc0860f869,5964085880e885be1e96f1de5633561c,0,0,1341,2812,1341,2812
0c5f6c2c7d54ea684199afdabb89cd46,ba1ce027a8bbb1768e50de383eb0dac0,0,0,1132,2989,1132,2989
c442f5ec6619e92c612982a484ee2ef9,77ebabdec0c212fbfc09f69db9fa7101,0,239,1006,2699,1006,2460
c8c4ad97a63b2266a85a4c3970c62445,ffac3a7b3a170e003d489d32ba4d4c7d,1757,464,2800,3518,1043,3054
fbc135926b71e4f85482ba9d756ba3f8,bd3166839aa21c335ed84523006fe182,0,0,826,3518,826,3518
1c682f03417c4ab9f4fdaedc0860f869,fdb97964cdb42e63f423bbf03765b538,0,0,1218,2442,1218,2442
a3e63eb667df1e858d3ac3305ebcf90f,f35b24ec4fbe4ca13728ac0d2b7a1ac7,0,237,982,2629,982,2392
c8c4ad97a63b2266a85a4c3970c62445,bf29aa51d14bcd0cf3d7a41cea558018,0,0,1027,2999,1027,2999
a3e63eb667df1e858d3ac3305ebcf90f,20ba7813d3c4737a03ce0b5d786b8e62,0,0,1029,2812,1029,2812
fd8c76829d146086bf10d4b55352fd2b,ff8e18407caa6b325c07273910c49f43,1994,0,2800,3518,806,3518
1c682f03417c4ab9f4fdaedc0860f869,caa3b972f6f886a5f602e4441d42efc8,622,0,2012,2812,1390,2812
c8c4ad97a63b2266a85a4c3970c62445,96b9c0bf39887d45830fa808b7defcbc,1785,0,2800,2791,1015,2791
4c8369a1d7e9a24a3f87ba845874e5e2,a176e3e6b68bb3eeb1fbd5eccfca7feb,1710,454,2800,2530,1090,2076
0c5f6c2c7d54ea684199afdabb89cd46,7ea660efdc45153d9ecfcede4468a092,1648,0,2800,2945,1152,2945
c442f5ec6619e92c612982a484ee2ef9,1f06ab447d9760868935a57d76978e27,1733,0,2800,2866,1067,2866
0c5f6c2c7d54ea684199afdabb89cd46,125f7c3e28536c90a2129f20a96795a7,0,493,1094,2759,1094,2266
4c8369a1d7e9a24a3f87ba845874e5e2,bb3644f1243942b7c8f6f0ac2e66db35,0,603,1154,2807,1154,2204
c8c4ad97a63b2266a85a4c3970c62445,494127ceb781c5e9598ab2399acadfe5,0,153,1012,2744,1012,2591
cdd0e3c3b97ff2b4d736a6941b1c89a4,ab6a31b324672cba71ee124b408f9162,0,0,1332,3518,1332,3518
0c5f6c2c7d54ea684199afdabb89cd46,f1ba45021cf801cdba385627688642e1,1815,420,2800,2641,985,2221
cdd0e3c3b97ff2b4d736a6941b1c89a4,34f0741d45b22423cd79a2e6674566d2,1496,0,2800,3518,1304,3518
4c8369a1d7e9a24a3f87ba845874e5e2,d85a843957e0428f513e7601a3e6880a,0,0,1184,3454,1184,3454
415a2428c6c74461894dc8e34cfa5f7e,609861cdb3a598ed03aea53540321115,1788,0,2800,3518,1012,3518
4c8369a1d7e9a24a3f87ba845874e5e2,751a80eff6f56d6894f4d31cb215f64a,1734,0,2800,2590,1066,2590
ba52f3cbc475e325b4879e1b63e1915d,43447ddd5d6d053aada1e11fe2f5ae10,882,0,2012,2812,1130,2812
acd3cc43ce5a06fd675064af7bb64364,494a5c33f8ca0bd1e6295ff08642d0c2,0,58,708,2035,708,1977
1354c02d14e80e82c3b5c612a2c40c61,e3afd1e8e737483421a801d2b5500a98,1736,582,2800,3404,1064,2822
415a2428c6c74461894dc8e34cfa5f7e,22b9f665620ddfc00b52f1e7323620af,1822,515,2800,3473,978,2958
ba52f3cbc475e325b4879e1b63e1915d,6aad41f7488e1ef6d9f422345c6618ba,0,111,1145,2812,1145,2701
48b1bf3c80a3f96fecc075032a39367e,c0e2fd5bec86a9369abf0869b43e2d05,1799,0,2800,2816,1001,2816
48b1bf3c80a3f96fecc075032a39367e,d169095547daf9596247c2cd3a2d7d3e,2018,776,2800,2994,782,2218
415a2428c6c74461894dc8e34cfa5f7e,aa9dea38020411442ff9bd072a85dca1,0,386,1012,2730,1012,2344
cdd0e3c3b97ff2b4d736a6941b1c89a4,44ec17c43c3f171fcb388daee1fd8da3,1497,117,2800,2869,1303,2752
fbf530e24be55a3b96e018d153b6a438,91e5e08900c6c01ab23b00277ee5561b,0,0,933,3518,933,3518
debeccc5bb400d91b5d917864b1d7083,4fa2be44305ec609322d1be290ac89a0,1948,331,2800,2480,852,2149
cdd0e3c3b97ff2b4d736a6941b1c89a4,bdfb117f4e1ef26feaa0c208fea4738f,0,360,1416,2954,1416,2594
48b1bf3c80a3f96fecc075032a39367e,12d1e53411c3ef73685083c0190be343,0,254,825,2484,825,2230
acd3cc43ce5a06fd675064af7bb64364,f0c50d7c2684e2aa56d1310fb64c5f7c,0,0,733,2527,733,2527
fbf530e24be55a3b96e018d153b6a438,6920209e5f24a2f469130dec9edc2977,1896,0,2800,2716,904,2716
a69b323399fdd1987528dd3df66a2453,c85dc33e909b4862b3490e3a6eb6bdbc,0,0,1057,3021,1057,3021
48b1bf3c80a3f96fecc075032a39367e,015edb61b63eb965121d6167b483786f,0,0,947,2809,947,2809
acd3cc43ce5a06fd675064af7bb64364,6faa6c1440338976b85d222f747f6eff,1268,296,2012,2344,744,2048
c671e6c298c398f2d34a3a6d8cff902a,12172bee53f86c4de56c9e0a806bbe10,1156,0,2012,2812,856,2812
f0a24a4e455c6f95479ff57e67a24257,9d3c977a43334f911e16de28cb768929,0,475,900,2517,900,2042
1354c02d14e80e82c3b5c612a2c40c61,daa6368d30c13c98286880e1e27574a2,0,454,1125,2670,1125,2216
ba52f3cbc475e325b4879e1b63e1915d,9508a566bd26310dfcd48999a16e3701,0,0,1208,2812,1208,2812
acd3cc43ce5a06fd675064af7bb64364,be05f494886a71273f7dbe255862f6f0,1208,0,2012,2812,804,2812
debeccc5bb400d91b5d917864b1d7083,597809d064f471eee93a0dffdaf9c39d,0,772,714,2721,714,1949
1354c02d14e80e82c3b5c612a2c40c61,51375d3e6ecbbf994c2be8eaaa8c80a1,1645,0,2800,3518,1155,3518
1354c02d14e80e82c3b5c612a2c40c61,064df309f0478afc3be47ee9f222b854,0,0,1139,3518,1139,3518
27cd1ac67b433c3f7a36b9f766fbcc2e,c24f377bb802e5f34d501f3a55da906c,0,0,805,2857,805,2857
f0a24a4e455c6f95479ff57e67a24257,990dc11c35bbd7d73ec1dee848ca390a,1943,854,2800,2765,857,1911
c671e6c298c398f2d34a3a6d8cff902a,0b3b70a2446835353488e9de0f22b4d7,1233,139,2012,2812,779,2673
2fe156e5ce59814559b0a9f01de006df,9f826a40d34bfc315906c3cc20e32f47,1837,0,2812,3580,975,3580
415a2428c6c74461894dc8e34cfa5f7e,53aa97e5635e6a30eed9ab52a6d6d5e9,0,0,892,3518,892,3518
2fe156e5ce59814559b0a9f01de006df,94e81289c5b5678e4b6e4017e1296121,0,0,724,2853,724,2853
ba52f3cbc475e325b4879e1b63e1915d,560dfda989d17a96dff238fa2c309deb,900,0,2012,2486,1112,2486
fbf530e24be55a3b96e018d153b6a438,dc17968522ee909b849a382582606fc4,0,447,987,2748,987,2301
a69b323399fdd1987528dd3df66a2453,39351e7de289dc464c8c47fd178e3c18,1832,0,2800,2960,968,2960
a69b323399fdd1987528dd3df66a2453,7c034757e6207320792c9cadf0e7b6c8,0,0,1001,2877,1001,2877
f0a24a4e455c6f95479ff57e67a24257,45945c98c2efe181decfcfce8c88d586,0,0,859,2724,859,2724
c671e6c298c398f2d34a3a6d8cff902a,89d28be57f0f9cdfe1ea998c462cc5ff,0,0,772,2779,772,2779
debeccc5bb400d91b5d917864b1d7083,40b9dfa1eec8b3f94171ca765e8d430e,1911,0,2800,3518,889,3518
fbf530e24be55a3b96e018d153b6a438,fbc5de54b066499005789d4d1274fc46,1777,314,2800,2585,1023,2271
c671e6c298c398f2d34a3a6d8cff902a,1177ef8ea1ea7fdcada8bc97a796d754,0,167,837,2812,837,2645
27cd1ac67b433c3f7a36b9f766fbcc2e,edb86c055e11360f5609ab1a18382764,1828,0,2800,3518,972,3518
27cd1ac67b433c3f7a36b9f766fbcc2e,2795c8febc2b642abbb9771b9f1591cd,0,0,891,3518,891,3518
2fe156e5ce59814559b0a9f01de006df,7fd757ca1303a6a62f157b83f1f0c929,1852,882,2812,2955,960,2073
a69b323399fdd1987528dd3df66a2453,58e39cb8a217bc9983c1ecbbdf2788f7,1891,27,2800,2749,909,2722
debeccc5bb400d91b5d917864b1d7083,79e9957342ba32a864d8a300873f2b91,0,0,871,3518,871,3518
f0a24a4e455c6f95479ff57e67a24257,43280e1518232a72e47b26ea60e2dd04,1925,0,2800,2893,875,2893
2fe156e5ce59814559b0a9f01de006df,557a2c3c6d82872584e701efecda7d0f,0,1029,766,3059,766,2030
27cd1ac67b433c3f7a36b9f766fbcc2e,32329079daed5a4e3ffb75ee4decb17b,2024,475,2800,2720,776,2245
65bc74e1464436c80e233f94bd5c120b,3fa543154890f6b178db8c7d273b086a,1484,0,2800,3047,1316,3047
65bc74e1464436c80e233f94bd5c120b,72e6d50f6ad7a71cae295ae76ef65c0e,0,524,1314,2883,1314,2359
5ee619d5a5ae60e93039e85216f56eae,fa898f33ab8d3773e592b827eae3ed16,1913,0,2800,3518,887,3518
9dc019aebde9e991a3cecd083991ee0d,e2e3e576991129315bfe76683798a270,0,0,909,3329,909,3329
9dc019aebde9e991a3cecd083991ee0d,48b384011179739cee2635b6b5e6e5c5,1930,320,2800,2765,870,2445
65bc74e1464436c80e233f94bd5c120b,db048da7df4be51f4007bab0236ee16f,0,0,1273,2949,1273,2949
65bc74e1464436c80e233f94bd5c120b,ee6a73ae30bcb7399ecb1d77a2fab712,1479,626,2800,3518,1321,2892
555f181d07aea483d0d0de346098bc4b,8b326a22133cad71ba32e43237542338,0,0,971,2812,971,2812
5ee619d5a5ae60e93039e85216f56eae,8ee444c21b4152204f05ef7b5358005f,0,426,802,2652,802,2226
555f181d07aea483d0d0de346098bc4b,d0cdbda92a78df01a94210455d28dd79,1161,217,2012,2402,851,2185
555f181d07aea483d0d0de346098bc4b,48127edc2bac5ad479f798d24b7ab532,1005,0,2012,2540,1007,2540
9dc019aebde9e991a3cecd083991ee0d,eaf5d5f900fd20f016d8b28d116b5f00,0,716,736,2807,736,2091
555f181d07aea483d0d0de346098bc4b,040c1ec439cb43a37d2e260ff3be41b6,0,0,988,2441,988,2441
5ee619d5a5ae60e93039e85216f56eae,1c4b91ebd23e615806ac91bca945e03f,2017,586,2800,2763,783,2177
5ee619d5a5ae60e93039e85216f56eae,17f5002ee3df64911781868016b10c36,0,0,852,2776,852,2776
7c7ffc2d3b0e52e2fab46ebc0b6435a1,cac140da2f0ef27cd1e5b63a73dde73d,0,743,633,2573,633,1830
7c7ffc2d3b0e52e2fab46ebc0b6435a1,098264a2f3dfc30b2d5b80a00cb2ba5d,0,0,715,2638,715,2638
9dc019aebde9e991a3cecd083991ee0d,9b7af926af492c67ca3484199bd47fbb,1884,0,2800,3518,916,3518
7c7ffc2d3b0e52e2fab46ebc0b6435a1,0ba90b5af2525f6258a0dbe3bf9dd47b,1288,0,2012,2549,724,2549
53e742eb8e91caa870b5dc1fafeec048,b88af0288b5edd58234e1480d4c1d5f5,1191,0,2012,2175,821,2175
53e742eb8e91caa870b5dc1fafeec048,36f9a4ed4aa9577f75902081bc6e2319,0,111,647,1967,647,1856
53e742eb8e91caa870b5dc1fafeec048,97369d2a405adf5c50851138e66aa9a2,0,0,910,2117,910,2117
53e742eb8e91caa870b5dc1fafeec048,4a780ef51296339404db2a8dac102fcc,1063,0,2012,2812,949,2812
7c7ffc2d3b0e52e2fab46ebc0b6435a1,5c186981ff7125f2766408c656262ec6,1366,581,2012,2371,646,1790
85428c96b187e0f34a93b31f2457a503,9a0cfd51614d1b8a4371e64d2adfd18d,0,909,712,3070,712,2161
825a572d61762a3ce212d135892a9f5a,0ce23b78f3f82b2b01bbb461cb94903e,0,0,1287,3518,1287,3518
825a572d61762a3ce212d135892a9f5a,fbbab49c6cc80c4d3ca5c34800f0ae3e,1581,310,2800,2734,1219,2424
85428c96b187e0f34a93b31f2457a503,a2269ffb7e3c495645f2d613e44c7924,1711,0,2800,3341,1089,3341
825a572d61762a3ce212d135892a9f5a,7c56e72a37c2bc776c3a8f59fccdf0b5,0,471,1204,2851,1204,2380
1bdca5a1fd4412b2f94aa8871d1f0107,66aee03a82ea36c596727083e0e49141,2194,612,2800,2751,606,2139
9ec3039bf215173edf48a8b4f23ad56a,8338207743a394ab8b56b5b920fc30b6,0,0,627,2840,627,2840
8a4e105bdca79202d38bb3be2a7af967,412ac89e9bcee21177afff03777f83c8,1148,431,2800,2666,1652,2235
9ec3039bf215173edf48a8b4f23ad56a,55a1fd53521c823e063f605baab56d5e,2339,941,2800,2547,461,1606
8a4e105bdca79202d38bb3be2a7af967,d44d9ee8d56e6d1ef3ec02802219c2ff,0,0,1458,3518,1458,3518
8a4e105bdca79202d38bb3be2a7af967,b15cc4100c48e9469705cbb65daafb3b,1270,0,2800,2770,1530,2770
8a4e105bdca79202d38bb3be2a7af967,c2ba1cfe081f014efa463e3ac720c8d4,0,379,1470,2659,1470,2280
c41989d0e50dd3098cba172bd0efb216,ed97bb29d505630b4a030ba71c00705a,0,0,1104,2631,1104,2631
3852e7f01c152a96a6524c842e4ec7c8,1f2549b88ad00860b9db313b251442db,0,0,1001,2372,1001,2372
c41989d0e50dd3098cba172bd0efb216,e4e2e4f13c2f1b7a9a2f25dc9cc22306,0,0,1111,2698,1111,2698
c41989d0e50dd3098cba172bd0efb216,0a75d6d91e17c92cfef52944bc13a657,1703,147,2800,2598,1097,2451
85428c96b187e0f34a93b31f2457a503,bd79e9b1806d995463b314b7aa4b3d39,2133,95,2800,2377,667,2282
cc41a6e2ed7d7e1b18c3fdfe364989b2,9247970fc81fb236fadd0a01bab62647,0,0,862,3137,862,3137
1bdca5a1fd4412b2f94aa8871d1f0107,4c8436b73252442ecdbe2975fe08fd0c,0,0,804,2861,804,2861
1a16d31e2645cc351c97861d3e47ed8c,af0c0fea36bbb9bf3252321cca4e275c,1752,698,2800,2658,1048,1960
cc41a6e2ed7d7e1b18c3fdfe364989b2,e266b0cc1706777a4dd08f369bdbaac3,0,669,793,2569,793,1900
c41989d0e50dd3098cba172bd0efb216,53c59855f76f94ea16a99949fb653cb4,1684,0,2800,2915,1116,2915
2e96258e2e7515964f092646df36237a,503c4a4511780ef24512ee3eaf7590c8,0,0,716,2328,716,2328
1a16d31e2645cc351c97861d3e47ed8c,99fdaa4199ab6336b4545afe858ebc81,0,803,1066,3518,1066,2715
1a16d31e2645cc351c97861d3e47ed8c,0973fb7038cadd96651459fa64e00536,0,0,1067,3229,1067,3229
3852e7f01c152a96a6524c842e4ec7c8,41f22c3edafa8aa2c7ecf2079a468c66,1097,0,2012,2401,915,2401
2e96258e2e7515964f092646df36237a,1179fac917b7753f53d27cdfc6774657,1916,603,2800,2612,884,2009
2e96258e2e7515964f092646df36237a,95f631f9bd06bbf2afd4b726244a1cf5,1982,0,2800,2383,818,2383
09a9e785395b9109fbcb54c0cdbf4f12,f4b8a9fe3b0f621e1a7a83d025280ab6,1269,0,2012,2812,743,2812
2e96258e2e7515964f092646df36237a,b02c0b48570537dbe2427d49fb932ae3,0,995,717,3518,717,2523
9ec3039bf215173edf48a8b4f23ad56a,2b46a6fc2c076cfc187b385f6a6f40e6,0,1124,455,2762,455,1638
1bdca5a1fd4412b2f94aa8871d1f0107,7e3af1e278a303c1725461acc3cc8742,2008,0,2800,2954,792,2954
1bdca5a1fd4412b2f94aa8871d1f0107,f3942518b13979d5ebe7634d416b6800,0,960,652,3186,652,2226
430d1e08131752a7c6fabe09b7a075f5,9ee6de6b2ce12cc3585358b79904016c,0,0,1177,2983,1177,2983
cc41a6e2ed7d7e1b18c3fdfe364989b2,07eaa16b2ca0320f67823a5762ccf4d2,1984,0,2800,3172,816,3172
eb31b0ea6cc3f39080a2f7a9d450c743,75d12e7e16bf9cdb85a013709a8cba79,1066,375,2012,2603,946,2228
cc41a6e2ed7d7e1b18c3fdfe364989b2,f2141b9b6c75c8f1b3a45e1509dbcf15,2008,778,2800,2697,792,1919
1a16d31e2645cc351c97861d3e47ed8c,85eefc38fd89472c11a37adfd5f0d536,1796,0,2800,2557,1004,2557
2eb43b600583138fab67a8e46028c020,485b02f11d2cc4eaac8d50b8ecb595fc,1843,0,2800,3518,957,3518
09a9e785395b9109fbcb54c0cdbf4f12,85cc6eb46993e6525a3b879aea769062,0,0,839,2523,839,2523
d58b1a495ba1f4728555ec9ea8539f6e,bf5b25e046067242ff988e54c5945d63,1869,0,2800,2314,931,2314
6cd57fee0ebe3ffd5a2243ecdd11a591,bd8288af5567382dfe502a8555165f3d,1744,0,2800,2669,1056,2669
6cd57fee0ebe3ffd5a2243ecdd11a591,bdb9e596c21c5ba27dc5518830fcfd1d,0,477,833,2569,833,2092
eb31b0ea6cc3f39080a2f7a9d450c743,1dda87c5adb8efb52c1e559ea4cabf54,0,350,1240,2626,1240,2276
0beea01833f683e0dfa50229b3fcabe7,04de974520dbdfbaa07c6f87b510d15b,1475,504,2800,3518,1325,3014
09a9e785395b9109fbcb54c0cdbf4f12,db3d24caffbb3814596361025e73aca3,0,324,606,1991,606,1667
3852e7f01c152a96a6524c842e4ec7c8,13a2ceb16a8d45e37c34a84726f119d6,1028,0,2012,2812,984,2812
3852e7f01c152a96a6524c842e4ec7c8,a95bbf922847c5ac1e4069d7ad0401e7,0,0,1013,2812,1013,2812
6cd57fee0ebe3ffd5a2243ecdd11a591,7059c34b40b7caad71181041565c04b7,0,0,1057,2743,1057,2743
6de4c07e3b63046a008b6877cac3e7e2,da03e14055ef891c72a01398e8def53b,0,0,1437,2812,1437,2812
2eb43b600583138fab67a8e46028c020,acc5dfeb238e1d64aab8ae14b9ef0f0a,1962,612,2800,2663,838,2051
d58b1a495ba1f4728555ec9ea8539f6e,75f187c95864ae548b69eda2191ce11f,0,0,957,2280,957,2280
9ec3039bf215173edf48a8b4f23ad56a,10c8843264e1faeb12b99e8e83be00ad,2045,0,2800,2763,755,2763
6de4c07e3b63046a008b6877cac3e7e2,f7b4816d62121ed7bbf850d52456c199,613,0,2012,2812,1399,2812
eb31b0ea6cc3f39080a2f7a9d450c743,626d9144ab105af67e6ab1b00397531a,0,0,1226,2812,1226,2812
430d1e08131752a7c6fabe09b7a075f5,9e0b7823a5d1f206f099ddd6ecdf5949,1555,501,2800,2860,1245,2359
a30e102fae5cc688dadef1bd51d9dd39,63065136e418148ba973940d6b99a889,0,0,845,2316,845,2316
1fe77db1e47d9133c2bc799fc2e3c4ba,15da976c10d2047685a607d11db4115a,1852,280,2800,2323,948,2043
6de4c07e3b63046a008b6877cac3e7e2,93c27e2ad14fab1024caab711ff178d0,591,0,2012,2560,1421,2560
09a9e785395b9109fbcb54c0cdbf4f12,f6eb4ff66a955641bed5644b5c15b838,1472,706,2012,2284,540,1578
0beea01833f683e0dfa50229b3fcabe7,6ea1d4ac12bc26f49c6a21e574594641,0,288,1481,2933,1481,2645
825a572d61762a3ce212d135892a9f5a,e098d6dc3921db1200c97a13c1b89d78,1392,0,2800,3026,1408,3026
2eb43b600583138fab67a8e46028c020,ba5ecda4bb3e16d1a71a7206271ab62f,0,0,973,2537,973,2537
85428c96b187e0f34a93b31f2457a503,2e6110c61ec0b9b355b805f8883030b2,0,0,1410,3518,1410,3518
1fe77db1e47d9133c2bc799fc2e3c4ba,b9c7003b914d3d659c7fb4ee168784cb,1871,0,2800,3518,929,3518
eb31b0ea6cc3f39080a2f7a9d450c743,2373df6761803e7499ded779193bc96c,1061,0,2012,2549,951,2549
6de4c07e3b63046a008b6877cac3e7e2,526667a8cdf9eefbd9e3e1c2999ed5e6,0,416,1403,2812,1403,2396
a30e102fae5cc688dadef1bd51d9dd39,b9a2202d32f0ab60a4e6942002a61bec,1205,0,2012,2448,807,2448
a30e102fae5cc688dadef1bd51d9dd39,3d9cef3a31534329d3b28f572d3d764b,1252,0,2012,2161,760,2161
6cd57fee0ebe3ffd5a2243ecdd11a591,6c1b899ccd12398bd6f143f4d408ddd4,1784,550,2800,2715,1016,2165
0beea01833f683e0dfa50229b3fcabe7,b51baac55f21190367531b42e9be40f3,1384,0,2800,3518,1416,3518
d58b1a495ba1f4728555ec9ea8539f6e,19615dc1d469b3b115af1e06944cff24,1680,609,2800,2769,1120,2160
2eb43b600583138fab67a8e46028c020,9f208b762c310764f9c9318bb7e1b503,0,515,1002,2711,1002,2196
0beea01833f683e0dfa50229b3fcabe7,0e440d8ba48bed5e2ba214d4718ad1dc,0,0,1475,3518,1475,3518
1fe77db1e47d9133c2bc799fc2e3c4ba,f7d9acd8e1f576d801c24f90ad5a99d3,0,0,803,3518,803,3518
d58b1a495ba1f4728555ec9ea8539f6e,8115f2ff86dd14e9077b2b930fe16d38,0,699,1050,2915,1050,2216
430d1e08131752a7c6fabe09b7a075f5,0343fc32a39fdcfc21fb13906e9cc6ca,0,437,966,2689,966,2252
1fe77db1e47d9133c2bc799fc2e3c4ba,91f01e407f632c7d2370e5dd106f1c85,0,267,859,2623,859,2356
430d1e08131752a7c6fabe09b7a075f5,3fa4c624ad4f72c16d00eb9c4590584c,1459,0,2800,3033,1341,3033
c54f63e69a185ce893d5ecfeaf0472b9,d61daafe063bcecf932440aa97a349cc,1367,0,2012,2253,645,2253
41cb3ea74fe31cb958f1778756530caa,5b943aafecf07fc8e2a7f756102b1bf1,0,0,966,2694,966,2694
a30e102fae5cc688dadef1bd51d9dd39,208ef61c0c5213eaea6f6d37aad8fe32,0,0,921,2812,921,2812
c54f63e69a185ce893d5ecfeaf0472b9,97167058c9bee6a49253ead4411dc64f,0,0,741,2220,741,2220
5e6223b2b7e41ccf246c948cce61dc64,a393a491826a33e0ba7c9e31b38ead49,1956,0,2800,3181,844,3181
5e6223b2b7e41ccf246c948cce61dc64,ec5f114896b5c33585b239a2ed34df5d,2079,744,2800,2795,721,2051
b4c5aee22f52e5b3b337d3b1b3bffed2,5c577f31106235d8845680b50e6f3ae6,1503,0,2800,3518,1297,3518
41cb3ea74fe31cb958f1778756530caa,bfb062130056c55302c662933bcba9ba,1932,0,2800,2732,868,2732
b4c5aee22f52e5b3b337d3b1b3bffed2,4bfccd82fa26811b3d622955b0ca2ce9,1647,708,2800,3083,1153,2375
ad39689f1bea2e0aee2574488f06d231,277b0b12ab9f956f7412b96fffa858d6,2056,642,2800,3518,744,2876
9158a0b468ec50c25a871422e815ac82,f5db264bc522c2821ecaef54ecbf3f6d,0,0,815,2381,815,2381
5e6223b2b7e41ccf246c948cce61dc64,3f41e1acc2be249bac2dc601633f7e99,0,549,835,2814,835,2265
517798b7f911bff1c58e3a2ffb5b20de,c4b6b497c59c1682b9f2408c3fbcddc3,1625,490,2800,3518,1175,3028
33f046c74bfab78afac4b8bf34ff4450,7df88bcfa6fcef9a794cbd02209fb98a,0,413,1234,2580,1234,2167
e30005d4053d59354227c6e5726b6d84,63e41616b9f23b2040c5aa5acf578ac1,0,0,1126,3518,1126,3518
ad39689f1bea2e0aee2574488f06d231,fb16653152c4808c9e759888d15e42c4,0,0,805,3471,805,3471
e30005d4053d59354227c6e5726b6d84,f5f40c65669072cd55918fc246236d57,1696,0,2800,2936,1104,2936
5e6223b2b7e41ccf246c948cce61dc64,a164ae0daebd0d84305d29c1c0746ff4,0,0,852,3518,852,3518
9158a0b468ec50c25a871422e815ac82,6efb7572351ad555968afe6c713a9ba4,0,617,814,2555,814,1938
c54f63e69a185ce893d5ecfeaf0472b9,300fccc0aeeb46b5052426404ed53041,1096,0,2012,2812,916,2812
e30005d4053d59354227c6e5726b6d84,529a88cf3a2e2f4c851762b29e3e0c59,0,540,1066,3518,1066,2978
41cb3ea74fe31cb958f1778756530caa,9f15a43937030fa5296a6706500a2a9e,1835,0,2800,2336,965,2336
41cb3ea74fe31cb958f1778756530caa,6e87838f44cb55d62493cec948d161dd,0,402,1044,3518,1044,3116
ad39689f1bea2e0aee2574488f06d231,81b1fcb074a8eb55d2fa04c662408097,1950,0,2800,3518,850,3518
517798b7f911bff1c58e3a2ffb5b20de,f864135df3aa0ac4a67e8d04addcb40d,0,425,1252,3474,1252,3049
9158a0b468ec50c25a871422e815ac82,bd95ab37157520d1b0eb195da3d3c0b7,1948,566,2800,2513,852,1947
c54f63e69a185ce893d5ecfeaf0472b9,4ad937e56f0b8b6bd163b51eea539a60,0,0,905,2812,905,2812
e30005d4053d59354227c6e5726b6d84,565fe9d90439470947b3e9e71e6fd679,1687,187,2800,3518,1113,3331
517798b7f911bff1c58e3a2ffb5b20de,fa060b5599fa8b522a4848f291acd803,0,0,1252,3518,1252,3518
81e5d60d92ece42568866e7ae7d62966,7b811f7a766c7715ec95fc5ac9289850,0,482,1004,2513,1004,2031
ad39689f1bea2e0aee2574488f06d231,852092131d24851ff0e927b68cce2db7,0,751,736,2687,736,1936
9158a0b468ec50c25a871422e815ac82,7f3cc003fcf982954c3658b9b1f30ee0,1922,0,2800,2505,878,2505
a9bb2640a73143e1e01d18a0f9aae79a,c1247d1574aa25733beb4fa62d771bd5,0,0,1082,2546,1082,2546
8149ba17bb4de636d09e5bdc87559a72,b75cb0c15be7936059a916c75c047331,0,752,740,2622,740,1870
33f046c74bfab78afac4b8bf34ff4450,e6a776fa322346763bbc720422115c9b,1845,0,2800,3518,955,3518
b8260aedf084615fd9a768b919dab26d,53a71e29071c3fd96de7a7638dbdf3fc,0,0,932,2644,932,2644
a9bb2640a73143e1e01d18a0f9aae79a,b30379debb8584167076ee68ca5f022d,1868,0,2800,2718,932,2718
c9881e07b3445a6fb8aa5f11d6d2413e,45b1879e67c9b1e1f17b6590fca88c9d,0,0,1081,2720,1081,2720
b8260aedf084615fd9a768b919dab26d,fc55e5849093325138a4288eaf13b904,1814,0,2800,2752,986,2752
81e5d60d92ece42568866e7ae7d62966,8c8bd20ad289f024dc1890259ea86620,1674,0,2800,2592,1126,2592
5153e88dd13c157fc0f783f7ffea13b6,0c5aaae0f50b51936ff1e03fa5f14f64,0,479,997,2699,997,2220
c9881e07b3445a6fb8aa5f11d6d2413e,ab888e330d9cf42d6cb22868d6573dfb,1760,684,2800,2883,1040,2199
b4c5aee22f52e5b3b337d3b1b3bffed2,3e9672bbcf2c0c2fa896a61321aaafed,0,193,1229,2899,1229,2706
8149ba17bb4de636d09e5bdc87559a72,cd85d7aa577cd5e31056c283a36fafc1,2136,0,2800,2517,664,2517
b8260aedf084615fd9a768b919dab26d,aca078e5e5458361f34dc821f303729f,0,563,929,2672,929,2109
517798b7f911bff1c58e3a2ffb5b20de,b29e6643d452ffc2f5bb1615a96d027f,1579,0,2800,3518,1221,3518
8149ba17bb4de636d09e5bdc87559a72,2c183af87535b1f24ba81a2dd5d643a1,0,0,808,3132,808,3132
b4c5aee22f52e5b3b337d3b1b3bffed2,5e119f05dc168eae6ab5241f57f66e0c,0,0,1357,3518,1357,3518
81e5d60d92ece42568866e7ae7d62966,a77ebb763cd26013f17818b0d6ecfb92,1734,820,2800,3280,1066,2460
33f046c74bfab78afac4b8bf34ff4450,a414b02debdc488913ce5d0c7cadd7b7,1609,618,2800,2759,1191,2141
33f046c74bfab78afac4b8bf34ff4450,7aba7f5552521967e9a331c2e605740f,0,0,1291,3518,1291,3518
8149ba17bb4de636d09e5bdc87559a72,2ebd21814357273e47607176b7574b89,2126,695,2800,3518,674,2823
b8260aedf084615fd9a768b919dab26d,40d96fc9a3911f13a18d5e2d279809bc,1825,175,2800,2423,975,2248
81e5d60d92ece42568866e7ae7d62966,f2305852fbe1a91881e23a405fe8e9c0,0,0,1060,2665,1060,2665
a9bb2640a73143e1e01d18a0f9aae79a,8bd3a0398ed54b1150987793e6530669,0,469,994,2747,994,2278
5153e88dd13c157fc0f783f7ffea13b6,27b70c82f74157f28210003c01a7cc92,1901,374,2800,2439,899,2065
c9881e07b3445a6fb8aa5f11d6d2413e,06f80e7c3144a542dd0011cc4a73f81c,1727,0,2800,3518,1073,3518
a9bb2640a73143e1e01d18a0f9aae79a,162870eb04880d1ec7291bcf8c2da46c,1994,385,2800,2535,806,2150
c0a5c2aa46319f9017c7c2200bf27437,57b9cda8559ac815b0bb34f5595684e4,0,385,744,2741,744,2356
c0a5c2aa46319f9017c7c2200bf27437,5d364483c8244dad00e96000ee50f059,1440,0,2800,2895,1360,2895
f42ed000649d73fdd086deeaf4071fae,6b5946da00ad1759a9b2c55193f75a72,2004,481,2800,2419,796,1938
c0a5c2aa46319f9017c7c2200bf27437,cc51e91c2af4435552cd066ceacc1000,0,0,1327,2719,1327,2719
c9881e07b3445a6fb8aa5f11d6d2413e,1bc0bb5082b6f20d9dea0014ae5276db,0,0,1099,3518,1099,3518
5153e88dd13c157fc0f783f7ffea13b6,d4a35930924c228321fd8bf453a9dbe8,0,0,978,2648,978,2648
c0a5c2aa46319f9017c7c2200bf27437,0e1386ec2ee06600354b8af925fef26e,2094,195,2800,2334,706,2139
f42ed000649d73fdd086deeaf4071fae,440d420e74a8e614e5aa97ee423f9d75,0,0,809,2449,809,2449
5153e88dd13c157fc0f783f7ffea13b6,a2b38b574179f1d8fb667fae28ce28a2,1880,0,2800,2718,920,2718
f42ed000649d73fdd086deeaf4071fae,23637f89d3257f8fa73334c6b35b6e3c,1972,0,2800,2438,828,2438
f42ed000649d73fdd086deeaf4071fae,b8c76db3b0e0a738231c618d180ec160,0,681,812,2639,812,1958
83effae712b4b965495275a674aa5532,aa8cccb0995b6e0bf55298a7a9ff1801,1894,0,2800,3518,906,3518
83effae712b4b965495275a674aa5532,4dd3bb1658a3d780fbcafb4bd6364858,1935,664,2800,2593,865,1929
83effae712b4b965495275a674aa5532,4d0137d92d4c512bd0507513e54bb6ad,0,0,975,3518,975,3518
8fc66918e804d7108c8fbe17300cbddc,df88a20d4331fa70796cb586a1069b06,1727,313,2800,2448,1073,2135
a30afa6492fa358ec4604fe3bb7fad67,5512b595b962913fd5976d9c7f18a79e,0,732,786,2624,786,1892
8d9c92e1d808b589b1fa5c49a0061117,77081f00e1d7459c35ba959064415c53,0,810,635,2804,635,1994
8d9c92e1d808b589b1fa5c49a0061117,26646ea8006425b81bdaf3c892512071,1991,503,2800,2498,809,1995
a30afa6492fa358ec4604fe3bb7fad67,516c86718151d775155c5ee0c0e3982e,1904,434,2800,2486,896,2052
a30afa6492fa358ec4604fe3bb7fad67,3f7d25ddf090ba1aeddf44da8bfb467a,0,0,861,2660,861,2660
e78752236734d6a2ef34eecc176630e7,b5dca625c1e8d6a3af1a75c99427b99c,0,0,879,2812,879,2812
1ec03e288e2398a6590fbd4f2586d3a4,573e25dfc5c243bbab2063d13eddbc9c,0,564,835,2818,835,2254
e78752236734d6a2ef34eecc176630e7,49156442708dd5e06be90af9ec6a27a5,1163,0,2012,2812,849,2812
e78752236734d6a2ef34eecc176630e7,e56ddeae3799dcd40fad1cf595657ce0,1314,600,2012,2555,698,1955
e78752236734d6a2ef34eecc176630e7,751ffd4e7b6a723b109c57b4d60edc9b,0,423,749,2451,749,2028
a30afa6492fa358ec4604fe3bb7fad67,3395f78e187c13f3bbe06dde28621421,1867,0,2800,2506,933,2506
db35fcd3f24283d42b1e6ebaf7167b65,c73072b5144c9f83940545f9da8fdd70,1727,502,2800,2814,1073,2312
a26cb9cfe94c80967e01e491fffa1451,999e7b32ac2637691885f23576265c30,0,531,980,2668,980,2137
a26cb9cfe94c80967e01e491fffa1451,8fecd0bbde2c05ec2096bbfd1aa4c862,1822,781,2800,2905,978,2124
db35fcd3f24283d42b1e6ebaf7167b65,aa7bd339125053c345f00c751c514e75,0,254,957,2901,957,2647
1ec03e288e2398a6590fbd4f2586d3a4,c48a1ad464d87a3d075a9a9bcc2e239b,0,0,890,3518,890,3518
70c20fc3e2be3b202246c61a45dbac6b,84db56ceb47524471981b58e71d5aba3,0,182,1001,2812,1001,2630
24f98ac8cc135d3c62c5415b235534de,3a6cdfd8d229da664e70f62e0b9b9a66,1474,0,2800,2573,1326,2573
7728b2ca1e862b123c3f493a10a13af3,a6370e819152894423089bd8bfe1cced,908,191,2012,2812,1104,2621
1ec03e288e2398a6590fbd4f2586d3a4,d269259f287fe5574ef1d01343a16772,1880,0,2800,3518,920,3518
70c20fc3e2be3b202246c61a45dbac6b,38d23c91270e2336cc3f97403caea848,0,0,1130,2812,1130,2812
1ec03e288e2398a6590fbd4f2586d3a4,da58ce80bc1f938cfa2ad3f3706b171e,1949,516,2800,2770,851,2254
7728b2ca1e862b123c3f493a10a13af3,cbaa6229a829dac6313e05375176ff41,0,0,1071,2512,1071,2512
096b3e19ddb9f0bf48d6786c815d4be0,ac825e8d5cfa3c07d430e7e1dbcf97ce,1806,8,2800,2385,994,2377
096b3e19ddb9f0bf48d6786c815d4be0,47d7f4880a2c03d84175bd960c58105d,1835,0,2800,2970,965,2970
0fbeb0c0568911d2e9508e1eca010a32,798c522d1e19dd3d49f8f23302e158cb,1824,376,2800,2414,976,2038
934855113008f410df76cc1cadb41b0b,c6593b29709b683b9603fbbf3d9da8a7,0,0,825,2404,825,2404
096b3e19ddb9f0bf48d6786c815d4be0,13235383915c2b982d5495989920ce9e,0,0,946,2685,946,2685
8fc66918e804d7108c8fbe17300cbddc,d03440d969f6bf060655bc6761b74c09,1587,0,2800,2601,1213,2601
24f98ac8cc135d3c62c5415b235534de,92822f55b4e5dd81f78d3544eee96174,0,0,1342,3518,1342,3518
24f98ac8cc135d3c62c5415b235534de,3d399749ff4e7127b9b59b7bc59357a2,1470,0,2800,3518,1330,3518
096b3e19ddb9f0bf48d6786c815d4be0,1d7c344aef7a474b68ea70086cd9c65d,0,307,978,2611,978,2304
a26cb9cfe94c80967e01e491fffa1451,813a01d07975ec8c0574bfdbd3057adc,1917,0,2800,2928,883,2928
e306d39a128d0ca813e9384c65211df8,eb581f2aeff0894dc8b73e9b9e7a4879,2158,722,2800,2510,642,1788
934855113008f410df76cc1cadb41b0b,0b6aa27ac46bbfd8eef56fda6e22a90c,2110,406,2800,2238,690,1832
db35fcd3f24283d42b1e6ebaf7167b65,5c66ed31577f44bca37411fcbe6bfe1e,1738,0,2800,2685,1062,2685
3d1bb77c5d7262fd7a1575e8b6b4193f,51bcc02c6b408dbe14ff5c20f01bb4e6,0,0,963,2517,963,2517
7728b2ca1e862b123c3f493a10a13af3,b97c9fad39e788f0857d8d1a86dad2c2,0,214,1021,2358,1021,2144
70c20fc3e2be3b202246c61a45dbac6b,713d2be4b18fa97907ce4963769d9551,986,0,2012,2812,1026,2812
0329c6ca872263f3fc66123b12b39693,f2c3de05b6bdb1d8c3f731f512d464dc,1882,600,2800,2573,918,1973
934855113008f410df76cc1cadb41b0b,aabb2b0c1e0697bd2427c8397216ceeb,0,592,763,2485,763,1893
14d63e3f591e8b454264a00eab22d8bd,ed119dc4eef07a4828e7aa68247d14bf,2069,211,2800,2220,731,2009
0329c6ca872263f3fc66123b12b39693,dc9875a594c4e7591215f209f40d7ebe,1922,0,2800,2654,878,2654
24f98ac8cc135d3c62c5415b235534de,d3f2ec809eddcadb8d458ea80eeadc87,0,0,1301,3207,1301,3207
0329c6ca872263f3fc66123b12b39693,b4f0fe7257e4392bff552e0bca3bca52,0,0,1039,2782,1039,2782
0fbeb0c0568911d2e9508e1eca010a32,fd84868df24fb2bd3f132f33822a709d,1757,0,2800,2832,1043,2832
0329c6ca872263f3fc66123b12b39693,7dfc9c796d53d9bfb2bcb979d7a30731,0,292,994,2540,994,2248
934855113008f410df76cc1cadb41b0b,784c43ddc1042b99c59145330bfd47ff,2127,0,2800,2831,673,2831
97f341ac6777f7806b36e6c5f819c2c2,5d0775521b089cd028909179de79ee90,0,798,988,2887,988,2089
70c20fc3e2be3b202246c61a45dbac6b,0a56c1ecb12c59d67823a20d68163b62,1068,99,2012,2812,944,2713
db35fcd3f24283d42b1e6ebaf7167b65,a6b8e6120d18ee23c2792b1d312f6245,0,0,924,2760,924,2760
3d1bb77c5d7262fd7a1575e8b6b4193f,32f2dc561ee0948b2a7b7c5b2cea9057,1874,0,2800,2736,926,2736
468af6ce346100e22b41d30b8305cf3d,5af3d28a16eca9d3c4d8a73da74574fd,0,767,793,2786,793,2019
e306d39a128d0ca813e9384c65211df8,183012e148ae0b5f40b133cfc17e9dd7,2109,0,2800,2188,691,2188
8fc66918e804d7108c8fbe17300cbddc,a21a9536914af28635d4f8555ef2a14c,0,924,977,2997,977,2073
0fbeb0c0568911d2e9508e1eca010a32,0c48ef2d25c7fe685e4a9d20b676c3a7,0,0,1010,2595,1010,2595
e306d39a128d0ca813e9384c65211df8,cbd9046a142c5a461002a22b10e3a3ae,0,831,616,2597,616,1766
a26cb9cfe94c80967e01e491fffa1451,a24cd1712936478ddf34c6526762511f,0,0,1020,2618,1020,2618
14d63e3f591e8b454264a00eab22d8bd,b9e683157203616449d7e8cc0e8ba1ce,1947,0,2800,2730,853,2730
7728b2ca1e862b123c3f493a10a13af3,28ed95fc01cd37dcfd6c554df0489f97,861,0,2012,2812,1151,2812
e306d39a128d0ca813e9384c65211df8,6a1a455ff828e3ee82430a1031402ba2,0,0,686,2197,686,2197
14d63e3f591e8b454264a00eab22d8bd,1f985b5f4c314d3b70133c6f40af327b,0,0,861,2953,861,2953
8d9c92e1d808b589b1fa5c49a0061117,388cc60790c4810d0942a4ed22f82c78,0,0,752,2635,752,2635
14d63e3f591e8b454264a00eab22d8bd,b6da0f8b192941d0fb9dc39de7a8a391,0,254,854,2531,854,2277
97f341ac6777f7806b36e6c5f819c2c2,ba83cdf91bcfdef71cf678f3f0d4f932,0,0,978,2441,978,2441
97f341ac6777f7806b36e6c5f819c2c2,663addf3b8d8cf33a2ab8cd7330672f5,1896,0,2800,2442,904,2442
97f341ac6777f7806b36e6c5f819c2c2,910fee2ee4668bedced5c98360a5a7c1,1801,571,2800,2653,999,2082
8fc66918e804d7108c8fbe17300cbddc,312b76bdf707c9c84b73cbf24bda6b39,0,0,1104,2640,1104,2640
3d1bb77c5d7262fd7a1575e8b6b4193f,61732f33de96df3fb3690c1669a1103b,1926,282,2800,2445,874,2163
468af6ce346100e22b41d30b8305cf3d,8803a8c6c804a29bc08088a54d342c20,1946,515,2800,2439,854,1924
468af6ce346100e22b41d30b8305cf3d,eae99456e378ee4c58aea51de00a0499,1934,0,2800,2553,866,2553
0fbeb0c0568911d2e9508e1eca010a32,66d392ec44df82ac333d01411a01679d,0,467,1054,2505,1054,2038
8d9c92e1d808b589b1fa5c49a0061117,2f2187242a9953320abe76b6f0fdf940,1930,0,2800,3372,870,3372
3d1bb77c5d7262fd7a1575e8b6b4193f,a40d738bff6c7bf6ed1702908e0f532f,0,407,877,2526,877,2119
83effae712b4b965495275a674aa5532,7d85b547bfaa0783a9a3d6e08c29ab83,0,449,975,2599,975,2150
468af6ce346100e22b41d30b8305cf3d,31b560f17f52016a2d37f9ed1ff8e3d3,0,0,855,2643,855,2643
8db0ae3f034cb80683859e1affd3555e,64956a1f6f5fa1771222110a2da5c65a,0,0,905,2718,905,2718
f43b243ea95b66dfee3fecc66fcc2a8d,0fca71d1a58ccbe195f8044b6aadfc37,0,161,954,2540,954,2379
ba17277e8fa722e9405d0d3d0c1ac174,4f0b75a4d53ebd31eb54d68f03eb44a2,0,0,1119,2482,1119,2482
ba17277e8fa722e9405d0d3d0c1ac174,c8ad24558590675d1dc7c6b7cdbcdb0d,1752,411,2800,2566,1048,2155
8db0ae3f034cb80683859e1affd3555e,924c12b027d1d7e45dd189222554da32,1981,0,2800,3518,819,3518
ba17277e8fa722e9405d0d3d0c1ac174,28dcd7a3b2b76e57eec7de8884ca94dc,0,403,1045,2485,1045,2082
710828819992a362e76b04885e4d182c,fea6c390491e403f8999018887b9f0e8,1807,379,2800,2691,993,2312
f43b243ea95b66dfee3fecc66fcc2a8d,930165f3abda151e77829d3f0b6982cb,0,0,1065,3518,1065,3518
9f6730d7c74923504fa114fa2b258fe1,f4ed0cc643661349561edb87235232a6,1869,0,2597,2865,728,2865
f8b0454611434c2e639337dfbb021acf,00de9271afa392564274c478510555f1,1875,0,2800,2906,925,2906
9f6730d7c74923504fa114fa2b258fe1,215c5417b11d37fa86b21011dff06607,1934,1175,2639,3020,705,1845
710828819992a362e76b04885e4d182c,1edf5e3257aa5e26c6023ca6fa611b15,0,476,976,2658,976,2182
f43b243ea95b66dfee3fecc66fcc2a8d,22ac010031dd10806ecef6445af4ad39,1750,0,2800,2781,1050,2781
f8b0454611434c2e639337dfbb021acf,fedeebf43b6daf8c0091162684be94ef,1958,74,2800,2181,842,2107
f8b0454611434c2e639337dfbb021acf,3b2fa7f5a3f179e31858168fb69d68a6,0,106,870,2352,870,2246
ba17277e8fa722e9405d0d3d0c1ac174,abd555b761941903b8587b701bec3a1f,1706,0,2800,3518,1094,3518
6e78c42f6f4844c02eee616ac4e96469,9c2214f42640ed079a67f91ac33643f9,0,595,971,2728,971,2133
710828819992a362e76b04885e4d182c,4b0564b673a5727617917640e96abfe1,0,0,970,2946,970,2946
8db0ae3f034cb80683859e1affd3555e,04608280b5c5b5263b759f5690e3ad35,2088,759,2800,2657,712,1898
9f6730d7c74923504fa114fa2b258fe1,992f4c3e8959e2bfba0973b2f423be55,0,0,819,2958,819,2958
f43b243ea95b66dfee3fecc66fcc2a8d,103cbccdf46e167e1c2a62857cae3692,1800,0,2800,3413,1000,3413
710828819992a362e76b04885e4d182c,c3aeae46e32fa15555a5ceb9744dd22f,1667,0,2800,2868,1133,2868
6e78c42f6f4844c02eee616ac4e96469,98b30d99a8d3fa215d5b4206f0e29824,1782,189,2800,2364,1018,2175
6e78c42f6f4844c02eee616ac4e96469,09c9332376f3fb960f230bdc5290c15a,0,0,955,2555,955,2555
6e78c42f6f4844c02eee616ac4e96469,9b2c0aa4a7fcb2c03d5ba0ba94437e45,1816,0,2800,2544,984,2544
15a411e94e743361a5725ccf6b728ded,fc869569babcc087c18d01ff23b27a18,1173,0,2012,2093,839,2093
790aad76932a00be34b2470f82cc581a,81b27e0e16330ade869a17f26782af9d,1951,338,2800,3481,849,3143
1e0c16986a34925ae14616ff12595003,fc40dcf076ff4b62c8b98e4e34a37f04,0,733,837,2750,837,2017
ddfd49edc828c7a0a383d761aa308497,a25d542f56abbe163458bc10a75b4737,2168,201,2800,2095,632,1894
790aad76932a00be34b2470f82cc581a,b9c6ec862c2863d697c9b9f7c21c6ced,1969,0,2800,2574,831,2574
ddfd49edc828c7a0a383d761aa308497,5344a6d7c0263572dcf116dc37f944e7,2059,0,2800,2499,741,2499
ddfd49edc828c7a0a383d761aa308497,48077b50003f018e6e639ff1b42846de,0,576,680,2431,680,1855
15a411e94e743361a5725ccf6b728ded,7c6e84f9f6d99bc20b1c2a69af32bcc7,0,51,956,2431,956,2380
1e0c16986a34925ae14616ff12595003,6d8f09d117842c3194be5d74c937f4a1,1826,0,2800,3268,974,3268
1e0c16986a34925ae14616ff12595003,7e6822944a6955a75455db3aeba6d524,1885,216,2800,2280,915,2064
dfd8fcca22f36b1bb72f6569c364c505,b8a8954c89354f8a3a8e68e733c094fb,0,641,944,2767,944,2126
ddfd49edc828c7a0a383d761aa308497,30a5366e8e90abf8048a65f405ed5ed2,0,0,797,2556,797,2556
c12e12f140822510250eb5f7de726c9b,143dae7205ff238d2c057d039bc1c90b,1891,0,2800,2633,909,2633
c12e12f140822510250eb5f7de726c9b,08163257a305a3b3f16c1da1ed99eefb,0,323,926,2570,926,2247
5e584e3ceb1687140189d8c25930a8ed,a8b3815e648a06a32b382d1a3988768e,0,813,691,3518,691,2705
dfd8fcca22f36b1bb72f6569c364c505,176231bde8467593d16e06a2057c2370,1831,594,2800,2712,969,2118
9f6730d7c74923504fa114fa2b258fe1,5ccb28e90a26da8f77dd563918fdf68d,0,663,762,2432,762,1769
c12e12f140822510250eb5f7de726c9b,0273181a64f5bbc11d491b19965e31cf,1926,616,2800,2835,874,2219
15a411e94e743361a5725ccf6b728ded,e8807d2cd8bceca2378375fb986cf578,995,0,2012,2812,1017,2812
1e0c16986a34925ae14616ff12595003,0d6b40a67577401efcf40d487508d8fa,0,0,928,2873,928,2873
dfd8fcca22f36b1bb72f6569c364c505,d318b48c173c7c30badada5817cd33c3,0,0,1067,3518,1067,3518
45f566a684fe548f7d2d1302d349dd50,ad1d710b52c88674086d421ac3a17af5,1979,819,2800,2931,821,2112
8db0ae3f034cb80683859e1affd3555e,d4dbb185f31ba63cc659e2cbb4edfc12,0,454,835,2508,835,2054
5e584e3ceb1687140189d8c25930a8ed,b700d721492a44248583a7e1fddb8787,2054,938,2800,2802,746,1864
dfd8fcca22f36b1bb72f6569c364c505,114d913843a055357575b57d86f8305b,1835,0,2800,2648,965,2648
c12e12f140822510250eb5f7de726c9b,0161d5285a337b2a67dcdec29662b231,0,0,917,2748,917,2748
15a411e94e743361a5725ccf6b728ded,7f50dbf9a99c1372d0ec335f03a1037e,0,0,946,2812,946,2812
286f2bb4ff469729e77ee78bae6b0c79,b38b2ef37e6074d15187a2f15521c228,0,149,904,2322,904,2173
5e584e3ceb1687140189d8c25930a8ed,212d42f4a832126b40517127a0be6b89,2069,0,2800,2544,731,2544
9f540fdb6b5a6081cf79245a7ed13eb1,e6d2cddedfeddcddebb0a1e4b06da3c5,2069,0,2800,2707,731,2707
f7d86cbad32b4132d135e174f6e53df1,7d3a1bc23d6d0eb3a845684039c65c0e,0,325,1103,2788,1103,2463
10c30b2de133fc864a2f1699840a9ef5,5c39e1da3fbbe55b8cdfc981e18d45de,1949,0,2800,2609,851,2609
692b35a988ad9acd23a8497c4f53230d,1e612502d7db784b5ec375eeb4984b14,1904,581,2800,2453,896,1872
10c30b2de133fc864a2f1699840a9ef5,9eaebb7fe89e29269001f338dac60615,0,0,760,3111,760,3111
99288599d73af38b70043141516a2e49,7d63c706bd49476e7d38c34581dcdaf5,2018,430,2800,2265,782,1835
f7d86cbad32b4132d135e174f6e53df1,32fd6c0713eddb4f767f9e80aad2d43e,0,0,1086,2655,1086,2655
10c30b2de133fc864a2f1699840a9ef5,c06b2d89533490b12925bb0fd8edbb67,0,545,767,2552,767,2007
790aad76932a00be34b2470f82cc581a,d9acbd3bc96bbe506289741bd92fb290,0,646,918,2712,918,2066
5e584e3ceb1687140189d8c25930a8ed,2d8a95e98b2bccbcaf5201e068738b47,0,0,684,2496,684,2496
286f2bb4ff469729e77ee78bae6b0c79,7e400f4e97e43f42949ca48473453985,1051,96,2012,2386,961,2290
39e194480ac70cf2f9bbb848c4f609ff,fbc35ad6d58d1337a0afa4e1f21e8b48,0,459,851,2630,851,2171
f8b0454611434c2e639337dfbb021acf,9d2fe226cc5436d8f4e3401c8a591cb0,0,0,877,2767,877,2767
f7d86cbad32b4132d135e174f6e53df1,ab0fffbafc7f1fd0ebdd8b1a2f9c6627,1760,0,2702,3580,942,3580
10c30b2de133fc864a2f1699840a9ef5,11408c5c5a87818e74f53c9d05446057,2028,696,2800,2477,772,1781
9f540fdb6b5a6081cf79245a7ed13eb1,39ce8dd63d5a52129dbd7db98b79bf39,0,398,787,2396,787,1998
286f2bb4ff469729e77ee78bae6b0c79,6c99a21ba3cb9bb9434f9d98dd42327c,0,0,720,2694,720,2694
9f540fdb6b5a6081cf79245a7ed13eb1,35bc86dcb7e86d0e2ce35c0ab0f67658,0,0,824,3518,824,3518
286f2bb4ff469729e77ee78bae6b0c79,24695ecf8d7cc8bf8b51ed3dab981a6c,1162,0,2012,2745,850,2745
8b02518ce56014372cc0f54be5a14f23,c1129657c293683c30ad70e569b42cb3,2127,929,2800,3518,673,2589
85770f0bf3769aa63435c48de36443db,edcbd30ce17da883c027fcdde8a0ce85,1797,0,2800,3518,1003,3518
39e194480ac70cf2f9bbb848c4f609ff,5c7e498181187fa0f5d0c3e5e0807c86,1910,0,2800,2350,890,2350
8b02518ce56014372cc0f54be5a14f23,89cdceb9133e59a9b5fe37a62b46f4f0,0,587,658,2630,658,2043
8b02518ce56014372cc0f54be5a14f23,28d4b0e85abd888d8cdca58aa541d823,2018,0,2800,3518,782,3518
45f566a684fe548f7d2d1302d349dd50,a450d9229e403962a83ac990653943ba,0,0,811,3518,811,3518
39e194480ac70cf2f9bbb848c4f609ff,cdb20b55098e43c2741bdb8638f04228,1917,0,2800,2390,883,2390
f7d86cbad32b4132d135e174f6e53df1,1fc6c25e3832f3dbabe0d9e9dc85602f,1778,627,2702,2991,924,2364
650fb3b583ae83dbc90cda91c5821ab0,04ed6f03bf81f1f24b2c64b5355ca60c,0,442,884,3518,884,3076
1a19a9ee9f3b74089d951898648e467e,b8aed8fd4254b1319f944c822c6218d6,1761,365,2800,2628,1039,2263
9f540fdb6b5a6081cf79245a7ed13eb1,8cdd776892da01443bb50e2fb202dcf2,2082,0,2800,2371,718,2371
ca7eef8ee43ac2f3ebd26d71828060c5,1f7bb07eaac5c8a481783741da3fe50f,0,409,1228,2585,1228,2176
ca7eef8ee43ac2f3ebd26d71828060c5,3ee4747d0e6a6ae770ddd1775538df7f,0,0,1291,2638,1291,2638
692b35a988ad9acd23a8497c4f53230d,4752c9dc18d69d734a131c84e6bd7cec,0,699,921,2662,921,1963
39e194480ac70cf2f9bbb848c4f609ff,d02a266d00b4ff95a70fe4165e3b73f6,0,0,1030,2403,1030,2403
99288599d73af38b70043141516a2e49,6a338caee47f6df5d83a6f37aafd06ed,0,567,825,2403,825,1836
ef84574d27b45c3ff9b4da5bab2c3b1d,45a9c65f73d809f608686cb09db9ce0d,1200,0,2012,2137,812,2137
45f566a684fe548f7d2d1302d349dd50,84e2a1a044aa3b905b80c4917d638b43,0,328,818,2769,818,2441
fb197c8c603849f5c532a84f66a56afc,aaaaade15e41116667db62c61c8ef4e0,1990,0,2800,3366,810,3366
45f566a684fe548f7d2d1302d349dd50,4a911a83be4bc9091628152bd42238d3,1819,0,2800,3225,981,3225
ef84574d27b45c3ff9b4da5bab2c3b1d,5ace2855bb88f808a2a34c60dbf6374a,0,0,847,2250,847,2250
fb197c8c603849f5c532a84f66a56afc,bff6a4965519900e9e5ed743d711b77d,2038,233,2800,2743,762,2510
c4cea707dfc08d03aa0be615e2332112,2c30623c4758200d94beeef285e142ef,0,221,888,2812,888,2591
ef84574d27b45c3ff9b4da5bab2c3b1d,c6808f19d7b64b98b6a70cdddd563675,1144,0,2012,2812,868,2812
ef84574d27b45c3ff9b4da5bab2c3b1d,815be4facab6c07a41325d69b6146dc7,0,0,872,2812,872,2812
692b35a988ad9acd23a8497c4f53230d,170afd7199b12a7b130f77bf6a07d717,0,0,831,2572,831,2572
fb197c8c603849f5c532a84f66a56afc,efcc411165409decfba2015178217a4d,0,93,825,2235,825,2142
c4cea707dfc08d03aa0be615e2332112,c3b09eb597aa52dfa3c52b4dd77f89ce,1104,0,2012,2812,908,2812
692b35a988ad9acd23a8497c4f53230d,210aa3db21e36dbb86315c2d2027b7ae,1830,0,2800,2718,970,2718
c4cea707dfc08d03aa0be615e2332112,0047aa1ae897453c44092f0552966d04,0,0,998,2812,998,2812
0715ced612d54a49563d8bac985a7c31,d86a7c95566b39b6fba5950a7035e1c3,0,525,984,2573,984,2048
c4cea707dfc08d03aa0be615e2332112,88d52fef24b430a7a5915f1c55a73f9d,949,0,2012,2812,1063,2812
85770f0bf3769aa63435c48de36443db,4d223d1e95b9ac2617f9f6840bd495b3,1964,266,2800,3518,836,3252
650fb3b583ae83dbc90cda91c5821ab0,17a81abaca7db564dd43b64d8c54bfde,1821,594,2800,3518,979,2924
1a19a9ee9f3b74089d951898648e467e,f94ed5ce47b2b561bb75a50b69041c73,1658,0,2800,3518,1142,3518
ca7eef8ee43ac2f3ebd26d71828060c5,41ba5cf1c6a811292516b494771330f5,1502,0,2800,2685,1298,2685
85770f0bf3769aa63435c48de36443db,0baebce4a79ccc2a7ef064910873da52,0,404,814,3518,814,3114
fb197c8c603849f5c532a84f66a56afc,019670baba22a6c23822220f1dde0e72,0,0,843,2811,843,2811
0715ced612d54a49563d8bac985a7c31,175df64e162a9ed0216a682b2006b607,1987,756,2800,2815,813,2059
0ffa99ca39463adc47909e93e11ce159,43a52bf159ae6a665cc1b69a3c69c1f4,1907,617,2800,2330,893,1713
0ffa99ca39463adc47909e93e11ce159,4572b62152d066e8987ab317edcb9edd,2002,0,2800,2245,798,2245
0abe5b5aef645d15373b3ea4ec8c815e,ae31dc21afac2b112d700f5dbf9cde6d,0,443,1066,2708,1066,2265
0ffa99ca39463adc47909e93e11ce159,52384943ead4714dc26e09a8fa9981b2,0,0,754,2270,754,2270
ca7eef8ee43ac2f3ebd26d71828060c5,fcb66148d93e825defa88fb37b9f0867,1595,550,2800,2700,1205,2150
0715ced612d54a49563d8bac985a7c31,35fe7a84895f3023cab183c3f40ef3ba,1935,0,2800,2703,865,2703
0ffa99ca39463adc47909e93e11ce159,fdf26cdfe74aa4519413b07897b25209,0,608,654,2229,654,1621
650fb3b583ae83dbc90cda91c5821ab0,550af78bd900524246bb19683ceeb77a,0,0,962,2846,962,2846
8b02518ce56014372cc0f54be5a14f23,ade7e96a9e0ae87dc0e2adc8e74537c7,0,0,764,3491,764,3491
99288599d73af38b70043141516a2e49,d9a7f9b39cc9455a3026a952f742703d,1992,0,2800,2499,808,2499
1a19a9ee9f3b74089d951898648e467e,06ee17b6e588adcca9796ca5ed15437e,0,0,1144,3518,1144,3518
790aad76932a00be34b2470f82cc581a,0487d78751f8a153569bd55ebb27f1c8,0,0,896,2809,896,2809
0abe5b5aef645d15373b3ea4ec8c815e,1c844dfd70d3b5a33321c8609e60c2ac,0,0,1246,3518,1246,3518
5765674a2f148d9de9c0ca8308231738,687533d52dc4c595ecba32188a029f3f,1070,450,2012,2541,942,2091
0abe5b5aef645d15373b3ea4ec8c815e,5186599d881241c6546309e57f013889,1652,0,2800,3517,1148,3517
0715ced612d54a49563d8bac985a7c31,4623dab86b29551ef0342cb5d90b9359,0,0,929,2721,929,2721
91489fc5a74d1452737d06d7113837f4,a726e03b371093bf18cf884c39dad799,0,255,1046,2236,1046,1981
5765674a2f148d9de9c0ca8308231738,8f28ec0814d595e9e344ac4e30bfc270,0,0,868,2505,868,2505
91489fc5a74d1452737d06d7113837f4,a7215359f4ab5efc6d81f57543d0a8bd,963,0,2012,2489,1049,2489
8dea46f02939d5a36dda68fccdda4570,daf608ed05f1cccfe11a0012935140a4,0,0,789,2617,789,2617
99288599d73af38b70043141516a2e49,bc9f441425e64b9982168d6f1d3e3bc5,0,0,784,2537,784,2537
650fb3b583ae83dbc90cda91c5821ab0,e6c577cdec9183be0870b328a81fa54e,1703,0,2800,2769,1097,2769
5765674a2f148d9de9c0ca8308231738,4c27f3f589b802324b9c3a0a28d5b3e0,1077,0,2012,2812,935,2812
6f2591b3a72ae0d007a7f84813757bcc,0628787e9b6fbba099407be956c4bc45,2018,0,2800,2476,782,2476
8dea46f02939d5a36dda68fccdda4570,a6f6dacbac1e5bf33d69551b2db71c8e,0,356,643,2812,643,2456
0abe5b5aef645d15373b3ea4ec8c815e,02ea268cddde7cf3a9a88484a9b8d19c,1546,0,2800,3518,1254,3518
f9990aea4ea38c02e0606a2edf9bbced,cd3f65e401f72d414d3954a677d20c3f,0,516,725,2678,725,2162
1785f941abfc8ffc75be624d9e6d5f17,fdef102a89845c81d40fa6c8869fb99a,0,950,605,2660,605,1710
5765674a2f148d9de9c0ca8308231738,ba6d44b352d9f6ebec6ad767de7ff287,0,316,1006,2341,1006,2025
f9990aea4ea38c02e0606a2edf9bbced,604f7de06cb77f52b2694cabb012dcb8,2087,509,2800,2507,713,1998
6ab37fd9019921e5ea1f26869bde5636,5b52d99e1462bee6caaa4a75a12139f8,832,0,2012,2812,1180,2812
5051671fd96995d0b3248f6eb7e8a2bc,6cfcb65bb4298b6a908588a9be1ff808,0,0,1148,2950,1148,2950
85770f0bf3769aa63435c48de36443db,dfba57cf75724d976e3b044270c08131,0,0,1413,3518,1413,3518
1785f941abfc8ffc75be624d9e6d5f17,c9696e555b3ec7171832629cfa8fb6c3,0,0,633,3518,633,3518
56d2819d2bf616a63936873745b6ebf7,9d789f15004264385292c58904c46253,2118,182,2800,2439,682,2257
1785f941abfc8ffc75be624d9e6d5f17,c8b7b9893e749bbeb114a67c13f7d6d3,2135,0,2800,3518,665,3518
5051671fd96995d0b3248f6eb7e8a2bc,2a74ba51e0db4679a7cb6ec34ddc1250,1432,98,2800,3136,1368,3038
6f2591b3a72ae0d007a7f84813757bcc,dff394286a109ff7d6931933eb9bff20,2058,727,2800,2585,742,1858
56d2819d2bf616a63936873745b6ebf7,8fe968950cb130794f962be699877a85,0,633,714,2713,714,2080
8f447c29a7aa0c5aa2b8e8a852b01560,623e9b9473cf02690b2458ea54f85a33,1386,0,2800,3125,1414,3125
8f447c29a7aa0c5aa2b8e8a852b01560,59302684b3ec124d146c8098e6925c83,0,833,1211,3171,1211,2338
56d2819d2bf616a63936873745b6ebf7,ef584fd7364a94d2a9c944960ad861cd,1910,0,2800,2915,890,2915
1785f941abfc8ffc75be624d9e6d5f17,7491ff2f02d52ab4cb9a73d0967a1cfa,2243,685,2800,2317,557,1632
1a19a9ee9f3b74089d951898648e467e,1d0e38a0638d4235a0cde28343f74634,0,218,1137,2499,1137,2281
6ab37fd9019921e5ea1f26869bde5636,a6043afe6df7f13406ddacc58f22030f,902,0,2012,2812,1110,2812
5051671fd96995d0b3248f6eb7e8a2bc,ee9c00d96fb84aec2c5f1ab531f934e7,0,22,1146,2710,1146,2688
5051671fd96995d0b3248f6eb7e8a2bc,b1730c058b284f3d84413fbf7ddd5b6d,1571,0,2800,2876,1229,2876
6f2591b3a72ae0d007a7f84813757bcc,40163c7410685d5c23db75932b63c992,0,623,709,2425,709,1802
6ab37fd9019921e5ea1f26869bde5636,144f943f9d51f1b370e18d5e5eab9eb4,0,0,1146,2812,1146,2812
ae4b6f49514c32216a8aabb4b3ad026a,16772df2fc68173354ed7b5684e40a56,650,0,2012,2577,1362,2577
56d2819d2bf616a63936873745b6ebf7,0e53c702e0a8b0a0c8b6b9aea154d755,0,0,908,2711,908,2711
6f2591b3a72ae0d007a7f84813757bcc,70f1fb85ab449f1ba0b944c992a09a8b,0,0,700,2439,700,2439
9e8192d1faae0898ab26d0b3c891c1d2,81536d3548ac270c69890b12fa5c6178,0,0,862,2331,862,2331
6ab37fd9019921e5ea1f26869bde5636,a5ad01adc2d3988ab13ac9f6ca871966,0,0,1080,2812,1080,2812
9e8192d1faae0898ab26d0b3c891c1d2,2827bffb0eb159b00cda97dffd33924b,0,687,790,2405,790,1718
8f447c29a7aa0c5aa2b8e8a852b01560,3bb816e6cf7dc6b2bfbb442a18fbc643,1413,222,2800,2786,1387,2564
f9990aea4ea38c02e0606a2edf9bbced,e81ba3bce8c56a279ebba3afada5d5ae,1997,0,2800,2557,803,2557
87380c625dc6da2204124b1635aed5e5,aa3ceb736025cc0c8e3a0d641682eacb,1764,0,2800,2740,1036,2740
8dea46f02939d5a36dda68fccdda4570,a8865ec6338b1d69fd46643e1c8ac27a,1176,0,2012,2732,836,2732
87380c625dc6da2204124b1635aed5e5,c79f26b034f4ea65f07202e9c20363f7,0,0,1050,3305,1050,3305
9e8192d1faae0898ab26d0b3c891c1d2,98325e2b9e96c4423e9818411a7a862f,2037,593,2800,2416,763,1823
f67b58c505c8a02f408b3612251c83b6,8086d46267ba0f234cc301464fa07749,1926,0,2800,2462,874,2462
87380c625dc6da2204124b1635aed5e5,bea57b75683ce5e3c94e20117cc1b5db,1670,477,2800,2823,1130,2346
ae4b6f49514c32216a8aabb4b3ad026a,716141d4aefa3ac2bdfc97f9a74dbf01,0,0,1301,2636,1301,2636
9e8192d1faae0898ab26d0b3c891c1d2,26eff7e7822b45d98c11fc3e51b46277,2047,0,2800,2651,753,2651
ae4b6f49514c32216a8aabb4b3ad026a,37858478f893eb85f25e577538167e75,0,0,1285,2812,1285,2812
8dea46f02939d5a36dda68fccdda4570,6eb5bb437b0654e1f7d106ffb6eda0fb,1262,296,2012,2812,750,2516
f67b58c505c8a02f408b3612251c83b6,97072f74fc451a6dad166e38f90cdb38,0,527,752,2650,752,2123
96eecf0ca1f9548e7106b0a8a94af012,837ca62d7e9d1a5c6e458b1f61cd4969,1836,733,2800,2685,964,1952
f67b58c505c8a02f408b3612251c83b6,9fbf1b19f59a63c92c95463ffbef5280,2050,525,2800,3518,750,2993
96eecf0ca1f9548e7106b0a8a94af012,5d4b84f444f63cf51be200817b54b813,0,0,924,2504,924,2504
91489fc5a74d1452737d06d7113837f4,9e14538da3f830352d28a88890f7ba9e,0,0,999,2806,999,2806
f67b58c505c8a02f408b3612251c83b6,95d1547e84ff27d8c7bafc14fc3821d7,0,0,900,3518,900,3518
f9990aea4ea38c02e0606a2edf9bbced,79109e3f4882534cc64d7cad55dfa76f,0,0,788,2619,788,2619
ae4b6f49514c32216a8aabb4b3ad026a,ac315834dc489efe6d1e96d93ae8369d,626,0,2012,2812,1386,2812
87380c625dc6da2204124b1635aed5e5,3e8f35db4197d612e80351cbb286875c,0,455,1032,2775,1032,2320
91489fc5a74d1452737d06d7113837f4,899a09abd9ab542682b3a41724bcccdc,850,0,2012,2396,1162,2396
13e133d8027b6353d0adc172ec0e31f0,73609f5fcb0632f20a1f23d6a7b3246b,1147,97,2012,2368,865,2271
13e133d8027b6353d0adc172ec0e31f0,8fe8a63e3f5e38f28bd16e31f3206bde,0,12,878,2402,878,2390
96eecf0ca1f9548e7106b0a8a94af012,e2d707a8092fd20f7d902407825375f4,0,569,955,2513,955,1944
bd0211b013c5fd04a6bd0d1eaf0d3879,519cbcb9e040c9ddad7b71e9a442d238,0,0,819,3518,819,3518
bd0211b013c5fd04a6bd0d1eaf0d3879,b9d33830d08e67399d23d7afa2e78a98,1945,0,2800,3518,855,3518
bd0211b013c5fd04a6bd0d1eaf0d3879,02f4db45c7f384a0d105b7d81151dcfa,0,300,782,2489,782,2189
bd0211b013c5fd04a6bd0d1eaf0d3879,6b55eb30395cd94055a02041aa8cfda1,1941,95,2800,2477,859,2382
ca8fa818700bf2199842e9e59cf3fb7c,347b44bd8dad9081060fc3f5ab454839,0,307,920,2699,920,2392
13e133d8027b6353d0adc172ec0e31f0,39bd7be6614b97fefe3342c9c49126ad,0,0,864,2353,864,2353
72e20cbe6b184f495801df8a724a7ab3,39b5c4c22c8bc0783bece750fd68145b,1686,352,2800,2567,1114,2215
ca8fa818700bf2199842e9e59cf3fb7c,db1def12ea28d392772307d08efb9f7a,0,0,1072,3161,1072,3161
dbb3302bb31836789778338773e1d94e,444d041b13ab2c1793d0a1ff2ce8cf03,2048,515,2800,2552,752,2037
ca8fa818700bf2199842e9e59cf3fb7c,fb5da9fb94a4c4a528e21352c4368737,1707,537,2800,3518,1093,2981
96eecf0ca1f9548e7106b0a8a94af012,353cec1b1d6700a0e0b44bde1769caeb,1882,0,2800,2571,918,2571
dbb3302bb31836789778338773e1d94e,ed8da2043988788bd9b41618c3a0d088,1915,0,2800,3518,885,3518
72e20cbe6b184f495801df8a724a7ab3,b0efa315bab361ec4d8f7321b93a8164,1744,0,2800,2397,1056,2397
72e20cbe6b184f495801df8a724a7ab3,d8ef63e2bb197bec7bd407b2b3eaee0b,0,0,905,2310,905,2310
13e133d8027b6353d0adc172ec0e31f0,78b472d9bdfec57d3444db9fc82e29e2,1070,0,2012,2279,942,2279
dbb3302bb31836789778338773e1d94e,e2a4e6586c28864c082fce7e02fa81d5,0,0,891,3518,891,3518
dbb3302bb31836789778338773e1d94e,050019fe4c44e710ea7470e5d5610e7c,0,548,868,2729,868,2181
72e20cbe6b184f495801df8a724a7ab3,56f0ab9ec318c20b787fba8cee1a1291,0,644,1079,2828,1079,2184
2f6b3a127feb4804acf17072a03384e2,b409779a1187f355bad2668dce0bce0f,0,0,981,2505,981,2505
2f6b3a127feb4804acf17072a03384e2,49f386154887d9dccd1f15e16ea20c68,0,350,995,2491,995,2141
51eb306cd0a6329bb8227239b16425aa,b963f3f7c88a0c7d9726b0cfc49a51b3,0,248,1104,3094,1104,2846
51eb306cd0a6329bb8227239b16425aa,5edb61da31aa4aabda3cb8e3fe6b14b0,0,0,1064,2628,1064,2628
51eb306cd0a6329bb8227239b16425aa,2b0fd5a435908abda3f419c013341268,1677,0,2800,2681,1123,2681
ca8fa818700bf2199842e9e59cf3fb7c,c3fe9550ce5fe4d972b9a5466c71649d,1772,0,2800,2512,1028,2512
8f447c29a7aa0c5aa2b8e8a852b01560,c96ae2f4018c70a342e5828f3ae8bc27,0,0,1413,2995,1413,2995
2f6b3a127feb4804acf17072a03384e2,e92d09c795edf84c0ce9b5d02bf8af13,1859,494,2800,2497,941,2003
51eb306cd0a6329bb8227239b16425aa,9e0c84f53d27faa0806aeca47f81012d,1762,366,2800,2684,1038,2318
67b24cf44eb413ce5eb3621e6348542c,7d6dd94b3b8a9999b0868224190af5f7,0,644,985,2681,985,2037
67b24cf44eb413ce5eb3621e6348542c,92f954b60ca858badbed52d7b9950e37,1973,920,2800,3518,827,2598
67b24cf44eb413ce5eb3621e6348542c,f5e6862c31cce8ae10ea203ba5746772,1792,0,2800,3467,1008,3467
a667a343ea183c7962f39acde97cf06d,4d96d394fe4b20778014bdde96b5d34e,0,980,602,2674,602,1694
a667a343ea183c7962f39acde97cf06d,164ebeb7229eed711a9e91b572a902ff,0,0,694,2771,694,2771
a667a343ea183c7962f39acde97cf06d,5533cb1c17e1ecc9aa553f631b0be025,2014,0,2800,3518,786,3518
2f6b3a127feb4804acf17072a03384e2,b548b4f7f2d22d3aaedd53f516d97520,1865,0,2800,2422,935,2422
67b24cf44eb413ce5eb3621e6348542c,ead50421294ba5d758feff8ab0e5642b,0,0,1049,3518,1049,3518
06a9bc5a9097007c4b84200eaaa6e856,b4505973778f04278a134e6b0ad7607a,0,748,692,2633,692,1885
303fcec769b59ee1db88cdb9c04b8349,24575f397a198c7c518c9ba59c55b8ef,1819,454,2800,2691,981,2237
303fcec769b59ee1db88cdb9c04b8349,ed7f08bd090ef198bd907807d1808961,0,0,1101,3518,1101,3518
a667a343ea183c7962f39acde97cf06d,955924f15db6d04608d7254886202a67,2146,513,2800,2186,654,1673
06a9bc5a9097007c4b84200eaaa6e856,4e21af7886172e2beefdb5cc9cb718bd,0,0,733,2434,733,2434
06a9bc5a9097007c4b84200eaaa6e856,b70486f0f0bfef7f075f900079aa2b17,2086,0,2800,2375,714,2375
303fcec769b59ee1db88cdb9c04b8349,9ff6c2a3ec1f88171fc05749f7c174ec,0,310,1104,2711,1104,2401
eb3282a6da034414e3ef5db196c5febd,b9aa58bc92dd4a434162605f6447849f,1228,0,2012,2521,784,2521
06a9bc5a9097007c4b84200eaaa6e856,be9a5f645301fbfd31c380b3922e4b8a,2212,837,2800,2574,588,1737
2935ac8a6169c57020ba47a935c0b721,972ffa26b3323600578168b06e166198,1661,457,2800,2790,1139,2333
ea55421e1e5daa53e3212435fe7a5b14,293ec58e32820d15746fd7c9e56a5b9c,0,598,791,2628,791,2030
2935ac8a6169c57020ba47a935c0b721,935d916f94404ecc3daeb26f88788b64,0,902,1081,3348,1081,2446
303fcec769b59ee1db88cdb9c04b8349,442336c42fca51d605ec5f5289ecbecb,1719,0,2800,3518,1081,3518
eb3282a6da034414e3ef5db196c5febd,1b491302cf502724213ff14a3b8207da,0,0,782,2732,782,2732
2935ac8a6169c57020ba47a935c0b721,1fd5623741d027a1d8176fdbb2341f07,0,0,1318,3518,1318,3518
eb3282a6da034414e3ef5db196c5febd,256ca3c298296fdf176ea2df0288ac08,1336,459,2012,2812,676,2353
ea55421e1e5daa53e3212435fe7a5b14,f2d56cca34cce5497ecad1142993cfdd,1997,481,2800,2431,803,1950
f9a9f63b941478c6de740e42f8ccd519,065d740c74176da145da963b73b7811c,2174,0,2800,2504,626,2504
eb3282a6da034414e3ef5db196c5febd,7901dca807205e5bbb0d60d12ada44b5,0,320,628,2812,628,2492
ea55421e1e5daa53e3212435fe7a5b14,a6ea5b1158cc417b65e5dacf5d76d6bc,1888,0,2800,2830,912,2830
2935ac8a6169c57020ba47a935c0b721,c30a2f38d8881de1405aa6a7a50ae6fb,1382,0,2800,3066,1418,3066
f9a9f63b941478c6de740e42f8ccd519,25df371d3a37f42785d3f08a8b965687,0,0,629,2462,629,2462
ea55421e1e5daa53e3212435fe7a5b14,77945e7fca02a4f75be5919b7c47ac81,0,0,868,3226,868,3226
f9a9f63b941478c6de740e42f8ccd519,7aadf6199ff8e794c02f8bbac6e19383,0,227,600,2469,600,2242
f9a9f63b941478c6de740e42f8ccd519,767f39cd9cc1de0e44513fcdc9a09e11,2188,33,2800,2163,612,2130
cd88b9914b215e1fc9bcf2c94ca71f25,1f0003b91cc19673f985cd117041d69d,2058,0,2800,2820,742,2820
b8706550db4fbabefc446aa382537f5f,5e71dd469d40db665e688726613e7095,0,835,865,2812,865,1977
b8706550db4fbabefc446aa382537f5f,3368929ccb3b7bf898982500c2a17543,1968,736,2800,2662,832,1926
cd88b9914b215e1fc9bcf2c94ca71f25,fa0bafed2ed787f8825f7593cbc28aa7,0,509,714,2318,714,1809
cd88b9914b215e1fc9bcf2c94ca71f25,4fcf69e37389958253a33dd8cbdaf9e4,2075,460,2800,2282,725,1822
cd88b9914b215e1fc9bcf2c94ca71f25,e803fe89ffdbbe6154c8db41b2559690,0,0,778,2978,778,2978
cc7f62b330b4c61dbb2463d9a5f22010,0bf8c3346bf14a15c7d57c0598c6c370,0,532,801,2336,801,1804
cc7f62b330b4c61dbb2463d9a5f22010,f1a260c3ef794cf2096f7dc9d0072a61,0,0,741,2680,741,2680
a2b6eb1b121544eee3986c886325e95c,597267565e23acd8298fa19dd860c310,0,0,1115,2739,1115,2739
a2b6eb1b121544eee3986c886325e95c,bbfa02f9694a073509b7d4b734983c1b,0,367,1195,2539,1195,2172
a2b6eb1b121544eee3986c886325e95c,5727ef4c5ba3fffa36219a9b804a6264,777,0,2012,2314,1235,2314
cc7f62b330b4c61dbb2463d9a5f22010,b3245221f2db5702d8caa83708c0477d,1355,0,2012,2676,657,2676
b8706550db4fbabefc446aa382537f5f,7d0202a51faae41a3549957df2b4db29,0,0,913,2719,913,2719
a2b6eb1b121544eee3986c886325e95c,85af25ad9935b30ca1c466344888ebea,770,0,2012,2346,1242,2346
cc7f62b330b4c61dbb2463d9a5f22010,e9a84bcf6ec206e722e32afa8a991a2d,1242,170,2012,1928,770,1758
690265d4ea2ace2812abdf933738fe75,f23c68e519cecb3be0667e9ff3753952,1012,199,2012,2462,1000,2263
cd886a40a524bb1f5247fe20bcaa4186,2c50f7705730b6ce04ed3c04dc7e5715,0,0,806,2113,806,2113
cd886a40a524bb1f5247fe20bcaa4186,7945873ae8ea4b685fbf0940222ed097,1942,962,2800,2681,858,1719
cd886a40a524bb1f5247fe20bcaa4186,ed8971b9d5c10084ca889ede2198f4ef,0,900,726,2610,726,1710
4de3961bc08d562c740029fd08b1767c,9e10a69805d99b57c338bf01da8bb5c7,0,0,1119,3108,1119,3108
690265d4ea2ace2812abdf933738fe75,969c0dad3297d986485e129cff5ac2c8,0,0,1131,2673,1131,2673
cd886a40a524bb1f5247fe20bcaa4186,5fb80399950b70cd3231ffebcd3c1146,1978,0,2800,2149,822,2149
690265d4ea2ace2812abdf933738fe75,b86dc7fda874ab44f51a034c3e1e7bfb,932,0,2012,2538,1080,2538
4de3961bc08d562c740029fd08b1767c,e93967cc37b0d9c0a8376d61f638566b,1666,515,2800,3518,1134,3003
4de3961bc08d562c740029fd08b1767c,3ef2392f19b1b504c9efbe229c2e86cb,0,228,1310,3518,1310,3290
50c3ab472249814dc820d9dccf2e0443,9d45b7eb2c1eac8920823f8881e1826f,0,495,1081,2779,1081,2284
50c3ab472249814dc820d9dccf2e0443,f2dc8ff9ad4be5343c7f93b7ee2473cc,1793,300,2800,2432,1007,2132
4de3961bc08d562c740029fd08b1767c,584f1e80a7489ea9e46fdc283a026ccd,1623,0,2800,3168,1177,3168
50c3ab472249814dc820d9dccf2e0443,f9428cc2c734a40beee9668e056f3764,1902,0,2800,2597,898,2597
49d99ec086bf949abd3c0a4ce3fb4fca,cb64c2436c863b4b4d6c16b344e90287,1820,31,2800,2358,980,2327
49d99ec086bf949abd3c0a4ce3fb4fca,922b62748f5241637204e0725b863b59,0,353,1069,2805,1069,2452
50c3ab472249814dc820d9dccf2e0443,76e576db74b1d2bf79b2f82b8e948c3e,0,0,999,2631,999,2631
49d99ec086bf949abd3c0a4ce3fb4fca,cd3a07dadd4b1067133827951dfc47e9,0,0,1105,3518,1105,3518
49d99ec086bf949abd3c0a4ce3fb4fca,0d753abf5e4a71e605f3770c82ff9fd1,1652,0,2800,3518,1148,3518
0b08efa6d7168a6a2982577660be299d,8b4c3696ac2d7221279a1336914d9e8e,0,0,1264,2853,1264,2853
53bf90697bd42677bd6068a6ed1eb3ec,fe6963f231898c44b88946a0fc92b03c,844,0,2012,2448,1168,2448
0b08efa6d7168a6a2982577660be299d,fd244c617a5f418e0b1ce32901534ffe,1668,761,2800,3184,1132,2423
53bf90697bd42677bd6068a6ed1eb3ec,e1ebd034a0dcf5773a0975508ade83d4,0,291,1259,2495,1259,2204
de7f44684e9ed5ea128b3f9e3728f85d,dbccd0d8e117f1d81dd35195ae355d49,0,157,687,2386,687,2229
de7f44684e9ed5ea128b3f9e3728f85d,a4ef83c29d327dbd81d3d651e36dab2b,2029,553,2800,2677,771,2124
0b08efa6d7168a6a2982577660be299d,d4a276feceeba916ae93419cf9dee03a,0,411,1276,2846,1276,2435
b8706550db4fbabefc446aa382537f5f,b539e13d9d42e5d6101ec9243d87b28e,1887,0,2800,3188,913,3188
53bf90697bd42677bd6068a6ed1eb3ec,d7216a826b4401ce82a6e112a0bc4c32,0,0,1150,2583,1150,2583
53bf90697bd42677bd6068a6ed1eb3ec,c5471adf772ca8f490abe53b92f7402e,829,359,2012,2486,1183,2127
de7f44684e9ed5ea128b3f9e3728f85d,26621887f9d44def3f3aaeabd312fe30,1989,0,2800,2720,811,2720
de7f44684e9ed5ea128b3f9e3728f85d,647048b4aaf7ed3cf95404fbe355e636,0,0,840,3227,840,3227
0b08efa6d7168a6a2982577660be299d,9d4b5e1ab19a29f78aea1af251f0186f,1570,0,2800,3518,1230,3518
690265d4ea2ace2812abdf933738fe75,9cf85ffddbed25761b0049224c864bea,0,302,1101,2407,1101,2105
95d00fe80cf4016e682cf24b8509f9ae,f081695df1df53b029bb6076510cea3e,0,0,1015,3518,1015,3518
95d00fe80cf4016e682cf24b8509f9ae,5c7ab0fce3ac07390191e536c3fd6bb8,1872,0,2800,3315,928,3315
95d00fe80cf4016e682cf24b8509f9ae,20ec839f201e0b05ffb19b85474e5b76,1756,548,2800,3518,1044,2970
87a22d89afe69d0d6dc3665deec78b6b,bb509b5163e237ec82bea3435dc9306e,0,773,524,2461,524,1688
7ec790ff42ba2117cc64455c932444d3,e5c8fe9907c1da8a86fa733db7f8f577,1806,741,2800,3518,994,2777
95d00fe80cf4016e682cf24b8509f9ae,e9b44ec376f7ac93d7b44433e50d1beb,0,436,1040,2663,1040,2227
7ec790ff42ba2117cc64455c932444d3,cca99df933d402aed558c95e4a7fd0c9,0,505,1070,2704,1070,2199
87a22d89afe69d0d6dc3665deec78b6b,4c9bd7d4cf9cfce5ad22494d65370126,0,0,695,2539,695,2539
87a22d89afe69d0d6dc3665deec78b6b,b56c5812acf36bdcf4b862e24c3109a8,2130,0,2800,3477,670,3477
87a22d89afe69d0d6dc3665deec78b6b,9f9f8c4be79dd38cbfec4c5e4068613b,2249,854,2800,2453,551,1599
7ec790ff42ba2117cc64455c932444d3,42fe464bd9cc2ea96e0d2ec7ed1fc10d,1764,0,2800,2700,1036,2700
8c25118461fcd6e4ec333876a28c8bbc,a310067898bcbe94b5ee45fdf7eceea0,2006,375,2800,2396,794,2021
4cbe0dce8484681d10357efa645596de,12f9708897395b38869d60287bbd4ae6,0,175,911,2812,911,2637
7ec790ff42ba2117cc64455c932444d3,7613751d64bdd5b882474e185a824965,0,0,1018,2622,1018,2622
4cbe0dce8484681d10357efa645596de,2bd160905e88daba41dcb9eba55c6e6a,1034,0,2012,2355,978,2355
8c25118461fcd6e4ec333876a28c8bbc,62aec0b324a50c2448854ebc0d1e6236,1999,0,2800,3436,801,3436
8c25118461fcd6e4ec333876a28c8bbc,de0dc02752cc6ef0a73c28819561a7c3,0,388,765,2393,765,2005
fbf34660e76f998c4355527859d19f92,76ba1ecb6e84a2bcb9cad67dbd21f9e4,1869,0,2800,2872,931,2872
4cbe0dce8484681d10357efa645596de,332d6683f77ffbfad0dcad6abb93c314,964,0,2012,2812,1048,2812
fbf34660e76f998c4355527859d19f92,edf3cd010eceecd8d2be86d9d54b05dd,0,0,900,2915,900,2915
fbf34660e76f998c4355527859d19f92,72ab18eb02e5bdacc7078245e2f1a278,0,415,906,2572,906,2157
fbf34660e76f998c4355527859d19f92,93b093d402f958461c9e47d986618228,1924,518,2800,2615,876,2097
e04f831e67e817d9a4882d5c14c52d66,a30d1da27c98e8abde34993acef1a8f1,968,0,2012,2812,1044,2812
4cbe0dce8484681d10357efa645596de,817187b4753524bbaf562a5159b7d74a,0,0,1105,2812,1105,2812
dcd360de7338179daa69781a0159c600,997913ed430f68e4845d3238d9ea1e8d,0,0,773,3580,773,3580
e04f831e67e817d9a4882d5c14c52d66,39690541e4c85be3238b66f098acaf3d,0,0,1119,2812,1119,2812
e04f831e67e817d9a4882d5c14c52d66,cca7b58539f3a0c631f23044571c96df,0,412,1041,2504,1041,2092
a24c60dbf87002d591c57f192ceb28ea,fa4e0cc1a5e61d5e4250737dea6eb4ec,1908,0,2800,3518,892,3518
a24c60dbf87002d591c57f192ceb28ea,45c995d25653b0441fde0dbb9b329a25,0,559,816,3518,816,2959
dcd360de7338179daa69781a0159c600,84386892bc5c344f5a0781b969959a69,0,701,655,2670,655,1969
dcd360de7338179daa69781a0159c600,b6b95fafd25aa4e5982dacb41698c54d,1712,528,2555,2674,843,2146
a24c60dbf87002d591c57f192ceb28ea,c622892676b44711e799cbdfa6037b2b,1909,719,2800,2927,891,2208
dcd360de7338179daa69781a0159c600,b170dc57997187a037cf8390ba9e55bc,1736,0,2603,3580,867,3580
f53bbb04c170a7e3aa63c822b378fc88,7b2633fac3c6a4b662b31f129a160737,1810,537,2800,2487,990,1950
a24c60dbf87002d591c57f192ceb28ea,26444d40753b09aaa86228a2ea15f7a2,0,0,955,3518,955,3518
f53bbb04c170a7e3aa63c822b378fc88,9b35608950e340042dfcc4c44f970c32,1787,0,2800,2528,1013,2528
f53bbb04c170a7e3aa63c822b378fc88,21ca3691d47dcbaa57bed8bf3ddd0532,0,0,1003,2517,1003,2517
e04f831e67e817d9a4882d5c14c52d66,196e0656531044642481f051ffa5511e,1008,196,2012,2812,1004,2616
f53bbb04c170a7e3aa63c822b378fc88,3e0ea326ff03f2ac9cd0d397f76a488e,0,670,931,2694,931,2024
bc51110c4f017af4d6180dd0f152cd1f,bc24137e94afe7d732a81f9b63157a52,1592,604,2800,2684,1208,2080
8c25118461fcd6e4ec333876a28c8bbc,8c6e20bdf32fe304f56c76491bad2ac5,0,0,783,3240,783,3240
532a837f8da94d01ba959e9d828ed368,8d252c405d752bbb5641c6d0919d6743,0,0,738,2488,738,2488
532a837f8da94d01ba959e9d828ed368,c08693b329a6776bb3f4c2256de4e3c3,2088,0,2800,2598,712,2598
532a837f8da94d01ba959e9d828ed368,42c6df978f350bc54583b16cb31953f7,0,901,636,2721,636,1820
bc51110c4f017af4d6180dd0f152cd1f,5821824448c15814138d107e381475c7,1656,0,2800,2714,1144,2714
093c079be878e257d7416932de2a3edc,b665364fcce3791553a111c531ff3eb8,1935,507,2800,2524,865,2017
532a837f8da94d01ba959e9d828ed368,b2fe3d0b643213c782b13e8fb85843e7,2148,821,2800,2701,652,1880
e19671ba47eff2844a032a4c448628a7,2877ff4d95ce57695dc7b246a056ab52,2155,607,2800,2473,645,1866
093c079be878e257d7416932de2a3edc,f7433c2a7bd64afe31c059df9703a0d6,0,644,912,2579,912,1935
bc51110c4f017af4d6180dd0f152cd1f,961fecba62eccf8c2a707f182ccb25cd,0,548,1243,2591,1243,2043
093c079be878e257d7416932de2a3edc,a99253a8bcec4be80014ea0f2768b9e3,0,0,1042,3518,1042,3518
e19671ba47eff2844a032a4c448628a7,1dc3bf60e5a2f3d349166b17b482f4b8,0,425,757,2389,757,1964
093c079be878e257d7416932de2a3edc,cfd21b227cd21671a6456b5c9315e6d4,1927,0,2800,3146,873,3146
e19671ba47eff2844a032a4c448628a7,ff99fd3def95da4429aa759b3197f4be,2004,0,2800,2513,796,2513
e19671ba47eff2844a032a4c448628a7,a1c24bc18f8476ef591c10a712d74e70,0,0,820,3518,820,3518
2b0bec8c2d4fba0ea85e7f0d4930ce1a,6b3b7dd2cd2b314b4137b218565001d3,1394,0,2800,2568,1406,2568
2f9d6594cda877550b91d9248333e13a,1046a8a9778e43fcf39f2dd558cf2765,1929,656,2800,2677,871,2021
2b0bec8c2d4fba0ea85e7f0d4930ce1a,c3cf6f03a561dfc6bba0ac6097aa1001,1473,0,2800,2843,1327,2843
2b0bec8c2d4fba0ea85e7f0d4930ce1a,a737fe928d81de4dd12ea5c6d2a8c8c7,0,0,1254,3006,1254,3006
bc51110c4f017af4d6180dd0f152cd1f,4a10ba00359e04f647a305a0c569a643,0,0,1190,2648,1190,2648
2f9d6594cda877550b91d9248333e13a,0257c4237cec09614a6a1501c73919d7,1886,0,2800,3518,914,3518
2f9d6594cda877550b91d9248333e13a,c5c00e4b59640325455bd6caf5f753cf,0,566,915,2674,915,2108
2f9d6594cda877550b91d9248333e13a,de21faf49baf0c6bcc163d7399e9e95e,0,0,862,2751,862,2751
b61606420734ef64b9430838251a19cd,1a0ef35f016233f8a74fed140b362b0e,0,821,1009,2688,1009,1867
e7ff52bcc0bfeced7b3c80254f9dba5b,f6fba783476d5feadcfc9127aaa5934d,788,0,2012,2812,1224,2812
e7ff52bcc0bfeced7b3c80254f9dba5b,62bbb94a861e1ecaae14334db60777df,881,0,2012,2373,1131,2373
b3b09cb44ecf446becc97f6fc0a87915,0a53f743adb7c7220254d45d6988e23c,0,382,897,2476,897,2094
e7ff52bcc0bfeced7b3c80254f9dba5b,f831f1d85f9d540fadd3cecf3cca4b4a,0,118,1048,2404,1048,2286
e7ff52bcc0bfeced7b3c80254f9dba5b,ba7141730b8ec902693c05c0f3119698,0,0,1118,2812,1118,2812
b3b09cb44ecf446becc97f6fc0a87915,0932c34927e47cee368df4085bc41f98,0,0,904,2359,904,2359
2b0bec8c2d4fba0ea85e7f0d4930ce1a,0e1e30efac00a07424679ce847248214,0,0,1393,2855,1393,2855
b61606420734ef64b9430838251a19cd,ba70d86c1a52e601cc35738a90cbcd13,0,0,922,2361,922,2361
b61606420734ef64b9430838251a19cd,9b03af29e34b44400ac283fd6f52c5a8,1798,785,2800,3518,1002,2733
b3b09cb44ecf446becc97f6fc0a87915,52538b26873263d5c16eb1a75492433a,2003,376,2800,2350,797,1974
61073fe1aa216f034e0d47f09c041b6c,b9a6c669fb5556076e6f63b4798a6e84,2097,699,2800,2727,703,2028
b61606420734ef64b9430838251a19cd,4616bd0b55b343fc07682c4e9b6e15f4,1913,0,2800,2409,887,2409
756678fe5ab89b727d79547fc57088d3,c06badcd61cce864883720150dca9e6d,0,0,1240,2812,1240,2812
756678fe5ab89b727d79547fc57088d3,4a361da430589a4b22e916857c9042b9,834,341,2012,2441,1178,2100
756678fe5ab89b727d79547fc57088d3,c3e49bcff86c6eaa2c840ec599b2ea05,801,0,2012,2812,1211,2812
61073fe1aa216f034e0d47f09c041b6c,ef3d22be2108166e60cb10340f82dfa2,0,0,824,2808,824,2808
61073fe1aa216f034e0d47f09c041b6c,e7d78df5519fc465e2fa476e4b49eaef,0,290,696,2499,696,2209
68e91b38fe4b19befc3d33bfacac5e1e,cefa89f2572678bff60fe23069f43d2e,1984,446,2800,3341,816,2895
756678fe5ab89b727d79547fc57088d3,e6a980425b5aa45c54b088afc578723e,0,433,1231,2646,1231,2213
68e91b38fe4b19befc3d33bfacac5e1e,b5a5026250a47535b46b78833e0b8a73,0,463,911,2820,911,2357
68e91b38fe4b19befc3d33bfacac5e1e,edf81100e604a16001cde85638a38ca0,0,0,1052,3518,1052,3518
b3b09cb44ecf446becc97f6fc0a87915,f565a288f1dc48afe5805a26318b6e61,1985,0,2800,2323,815,2323
61073fe1aa216f034e0d47f09c041b6c,effa00958ea97a2b4270f7f8e5f738b2,1975,0,2800,2543,825,2543
9d37a6f94d5a9ac80fe1b85065f36c76,e32509354ca577069cc080d186bbd207,1822,0,2800,2667,978,2667
9d37a6f94d5a9ac80fe1b85065f36c76,58cd5bc952cbb0f89344105a6b05b05c,1868,458,2800,2499,932,2041
68e91b38fe4b19befc3d33bfacac5e1e,37b57f16d4a7a0ad75380bda69ed16ec,1883,0,2800,2791,917,2791
9d37a6f94d5a9ac80fe1b85065f36c76,6628bb9bc80bc623576f10d568901fa3,0,661,924,2805,924,2144
030561532b801ef4b623657ebee557bd,017723bf76418d2db1ae85136df79635,1914,0,2800,2247,886,2247
9d4a2118a324320c7d3f763714934a82,c9bd54b825dc6071e38a3e8dc178ea5d,917,0,2012,2478,1095,2478
9d4a2118a324320c7d3f763714934a82,8714bd1f88911ab86e076914a26668ca,0,30,1153,2292,1153,2262
030561532b801ef4b623657ebee557bd,032ab9e0ecd5fd673517ffa3eb805d15,0,1072,764,2801,764,1729
9d4a2118a324320c7d3f763714934a82,d994615ceb74f00117ebe1d65625550c,940,0,2012,2340,1072,2340
9d4a2118a324320c7d3f763714934a82,d26c8696a6364723ac862ea8e38160ef,0,0,1012,2533,1012,2533
9d37a6f94d5a9ac80fe1b85065f36c76,c536abff1309292a89a4c2e848cd5ac0,0,0,971,3002,971,3002
030561532b801ef4b623657ebee557bd,a629996b0281b6590c706924e3a4e731,0,0,983,2303,983,2303
e42c66e5a457db9f16d994d18828df7c,2e0b67c8094c82e43652c0f413f54e20,1995,0,2800,2544,805,2544
030561532b801ef4b623657ebee557bd,a3237be1325601fe17c851aba3a10cba,2004,684,2800,2624,796,1940
e42c66e5a457db9f16d994d18828df7c,2569bc2f2c90a162d78f7d85ce53be70,1991,640,2800,2536,809,1896
e42c66e5a457db9f16d994d18828df7c,1a66c65265f6004fa1057b5bf1bb841f,0,0,839,3518,839,3518
e42c66e5a457db9f16d994d18828df7c,e6be47d924b92d00d2aedee62f34a4f3,0,547,817,2437,817,1890
3369c4181701b4115a8f318996947f27,e532dafa20dab9c03e611ca13184d922,0,731,764,3518,764,2787
ab57b5969d27b2ae0b2365631060d0c0,2f59011345551afb9643b07faf722b9c,1688,0,2800,3518,1112,3518
ab57b5969d27b2ae0b2365631060d0c0,0a30a11ef223f40f82ec83fd72e2b5cc,0,317,987,2929,987,2612
ab57b5969d27b2ae0b2365631060d0c0,ac6bfa4c7fc1384813b0caa73f82fbb5,1830,464,2800,2954,970,2490
3369c4181701b4115a8f318996947f27,55c4e7d7c7164e0034175100ce1a2d23,1840,0,2800,2702,960,2702
3369c4181701b4115a8f318996947f27,e2d6a4d73c9e78959e6edfb5c72c8da5,1919,132,2800,2410,881,2278
4861b3bc20163f3ec47f5332a9dca81f,6c24d1cd575988a400f7d614ca1afb07,1780,460,2800,3508,1020,3048
ab57b5969d27b2ae0b2365631060d0c0,b4cdace38d87b34a4112a7bcd07d710f,0,0,1139,3518,1139,3518
3369c4181701b4115a8f318996947f27,fd1261031b6295691b44f1bbe4b2f0de,0,0,930,3518,930,3518
b8fac348b2bb93ff0721d94a3c923e1c,05fc4caaf313e4fed72c0f239735ceba,1569,456,2800,3457,1231,3001
4861b3bc20163f3ec47f5332a9dca81f,33e4b462e93d1baf97029f422d41ac26,1977,0,2800,2387,823,2387
4861b3bc20163f3ec47f5332a9dca81f,b1157d54d365c2fa09cf76c80e4d6828,0,0,909,2437,909,2437
4861b3bc20163f3ec47f5332a9dca81f,e7b0da3c46b90c28d05f9a64a4482326,0,395,1027,3376,1027,2981
03e6e9a7430649373bd8e65102326bc5,9022d182382cc71104cdd3934a34e675,2156,797,2800,2700,644,1903
03e6e9a7430649373bd8e65102326bc5,19bab27f39e0bbf03479d640a97f4333,0,0,721,2653,721,2653
eeb18c719cadabcc5ec397a53be529db,ea159a51ec41b349595b83e7b76e9736,2118,797,2800,2678,682,1881
b8fac348b2bb93ff0721d94a3c923e1c,d8396e72c814f7eb9b7b23ed594e3968,1516,0,2800,2619,1284,2619
eeb18c719cadabcc5ec397a53be529db,5fd515ea4eaec3493943c4eef796b41e,0,630,768,2612,768,1982
eeb18c719cadabcc5ec397a53be529db,4494c6e2c08435784d5b1f25ac7b5869,0,0,741,2671,741,2671
b8fac348b2bb93ff0721d94a3c923e1c,2b4d4220fa92b168b710d0adcc5f0db1,0,337,1202,3518,1202,3181
eeb18c719cadabcc5ec397a53be529db,5497b57c2343f631bffdaea2672a1704,2080,0,2800,3518,720,3518
03e6e9a7430649373bd8e65102326bc5,9861214c0136fa24d70523229c2cfd96,0,495,688,2417,688,1922
03e6e9a7430649373bd8e65102326bc5,c082f650901aee192b0f1260a492b372,2079,0,2800,2652,721,2652
3766de6d7a1e573d008a7891aaac8919,a78aa7d6afc7e99bda515fe5a20f737f,1913,486,2800,2605,887,2119
3766de6d7a1e573d008a7891aaac8919,3989fb4a68de836b358853fc3f209955,0,465,780,3518,780,3053
3766de6d7a1e573d008a7891aaac8919,3642dbb6761135e67dc303d1f03b5637,0,0,822,2983,822,2983
0f4054de5b4d73698d4c69ff5590b07c,86eb113cfd646955ded42d540f355eeb,0,909,789,2989,789,2080
0f4054de5b4d73698d4c69ff5590b07c,d9149509b172f3d374152269164c2479,1965,0,2800,2784,835,2784
3766de6d7a1e573d008a7891aaac8919,5f3e666f4b3328bd96e7f00cefb7a477,1907,0,2800,2468,893,2468
a9eb7555c2cf01016ac88ead742018fe,d7f917afcb07847780a5aac3d1f8e75b,1934,0,2800,2281,866,2281
0f4054de5b4d73698d4c69ff5590b07c,d6a1e8cb4b59878b25dda5c2afcb093b,2139,380,2800,2439,661,2059
a9eb7555c2cf01016ac88ead742018fe,5b51951e39abf153cb0aa0169b13eacc,0,1073,738,2725,738,1652
a9eb7555c2cf01016ac88ead742018fe,db70a2016096794e6f39d40827f4fda4,0,0,811,2388,811,2388
d0d22bff3fead0f3f4f7164a440e832a,94279d5a42ad36bca80bcbcffeb2e64a,1917,410,2800,2584,883,2174
755379b0d02c28213030f43b9a3ed89f,62f91a3a9f5e772fdc225d58d3d1ee4d,0,407,858,3480,858,3073
755379b0d02c28213030f43b9a3ed89f,d5d291b034a39a3aef5ad9cc69f17656,0,0,923,2311,923,2311
755379b0d02c28213030f43b9a3ed89f,d11ca013011b8c98c444cc4da88fc502,1840,0,2800,2472,960,2472
0f4054de5b4d73698d4c69ff5590b07c,b2be2c8c948ce923217ab0cb1937c41a,0,0,813,2724,813,2724
d0d22bff3fead0f3f4f7164a440e832a,b4892224ebd5fdf820c8004a00586658,0,488,955,2778,955,2290
755379b0d02c28213030f43b9a3ed89f,8ae0fc4335513233d19cdeee36675d56,1896,377,2800,2520,904,2143
d0d22bff3fead0f3f4f7164a440e832a,23bf5533cebcd436764c90b7e3704ddd,0,0,961,2935,961,2935
75be759b5f98aa7bc5ca30f262d7d16d,57db3a3282e75d857e1908e1bf31a17e,0,26,823,2812,823,2786
d0d22bff3fead0f3f4f7164a440e832a,2b1182f9ebf76462e76e9dd1c000bc77,1776,0,2800,2635,1024,2635
b8fac348b2bb93ff0721d94a3c923e1c,cdc48419e0ff787ba1a574e50abc6699,0,0,1257,3174,1257,3174
75be759b5f98aa7bc5ca30f262d7d16d,286c5dc8c113c40758c09d917e82418b,1199,0,2012,2521,813,2521
aaea3452ed641f39198509aa2b58a037,bbbe24f75774825a4eb45e9641d62c04,1464,0,2800,2993,1336,2993
aaea3452ed641f39198509aa2b58a037,8ae872f4d627a1d30cccd2d0d377074d,0,0,1385,2959,1385,2959
aaea3452ed641f39198509aa2b58a037,67064bedb3c96b0b4bfe8cafbec61363,1462,381,2800,3518,1338,3137
75be759b5f98aa7bc5ca30f262d7d16d,2084582b25a82eb0599ba6c03d798d82,0,0,816,2812,816,2812
75be759b5f98aa7bc5ca30f262d7d16d,2bcf0ae3fdf6ed57c833b675b67b6477,1094,0,2012,2812,918,2812
85e29404e162b2e9c5fc8b23f46534c3,2f47174a3ca5dc24202420c6dfcd1afe,1972,0,2800,2507,828,2507
85e29404e162b2e9c5fc8b23f46534c3,a2d9e1f0827d9b492ed80f16f131ba5e,0,0,801,3518,801,3518
aaea3452ed641f39198509aa2b58a037,fe3564fae4e7896015e5053a82aacafd,0,277,1379,3518,1379,3241
85e29404e162b2e9c5fc8b23f46534c3,0ccf25c337a78abbe12646ee13bed5a6,2050,514,2800,2513,750,1999
e287f08b0dc7312d1fb4bace8e07abea,ee321316e482fe2cb9bd45edbc406de9,2111,756,2800,2856,689,2100
85e29404e162b2e9c5fc8b23f46534c3,0b13b9f35fcf1c237cb8c53e7c31b1d3,0,531,843,2684,843,2153
a9eb7555c2cf01016ac88ead742018fe,fa49c17b7e28fd4c6c7fa0e9fd64cc19,1963,914,2800,2539,837,1625
115fc709375b36f1cefb3c333baaf953,0a07edc0548f077b5a22112fc50f736c,2105,838,2800,2663,695,1825
115fc709375b36f1cefb3c333baaf953,2545638c1f023d286fe4213d57478d03,0,614,619,2695,619,2081
e287f08b0dc7312d1fb4bace8e07abea,610d0affda0980ef1bf0e81dac3276a5,0,0,859,2813,859,2813
e287f08b0dc7312d1fb4bace8e07abea,0c4662b6b4c5fa4c79eb9f745f26f4b4,0,461,849,2541,849,2080
115fc709375b36f1cefb3c333baaf953,2b143f66c432d930fbf836dfee406171,0,0,815,3230,815,3230
23ae781b46f7eaaffb8d4d7b3a7f968c,98eacf17ccc479178102c9e94a102a61,0,850,887,3580,887,2730
115fc709375b36f1cefb3c333baaf953,a162a90f8a44641f7f5b21adc3b79e31,1925,0,2800,3232,875,3232
e2fa59a151d7fee4c68a05027eb5c73b,c7143824faae0ec8eb5ac31caac2f67e,2028,569,2800,2615,772,2046
e2fa59a151d7fee4c68a05027eb5c73b,b61331cd8db8c94e15372e28ca80e21e,0,585,808,2655,808,2070
e2fa59a151d7fee4c68a05027eb5c73b,4873197ae1437a35167c0900c8277d6d,1979,0,2800,2875,821,2875
e287f08b0dc7312d1fb4bace8e07abea,9f8bfc717267d9b217ff59f6aad3bcf7,2024,0,2800,2647,776,2647
cb4a5784622f13dc47cf893708bbe568,ecf07eb1544d05e69de0cf3da9341db5,1029,179,2012,2437,983,2258
cb4a5784622f13dc47cf893708bbe568,bf5eac0858375b9b6beb978ba2cb2f7a,944,0,2012,2507,1068,2507
23ae781b46f7eaaffb8d4d7b3a7f968c,f17d87b660e35d32339d60cd3fb556b0,1765,1200,2609,3398,844,2198
cb4a5784622f13dc47cf893708bbe568,38bd0a356bbbef1bfb54bea52ba26ec5,0,0,1065,2812,1065,2812
23ae781b46f7eaaffb8d4d7b3a7f968c,4bf38b89691640f623ec404191ed02bd,0,0,971,3580,971,3580
23ae781b46f7eaaffb8d4d7b3a7f968c,b3faf86a872751ca591a20a46c68b7dc,1643,0,2706,3580,1063,3580
e2fa59a151d7fee4c68a05027eb5c73b,a178e3ac1a8eae5e02882ceb3d3ca50a,0,0,838,3315,838,3315
cb4a5784622f13dc47cf893708bbe568,7f8b4db56bccb86b4e95a539b6ff7b74,0,225,1087,2812,1087,2587
65e3058e82c5853f09810b94f88a9c98,2f53e5b8881cbf2f37222cdc863e38b9,1919,0,2800,2388,881,2388
65e3058e82c5853f09810b94f88a9c98,13d8686e99dd668717a95d1231893f97,0,760,879,2710,879,1950
7c51789da6c462e55bcb95c2a7d437ee,f581ef53bb7e61f4575db33eceac8ff8,0,413,807,2520,807,2107
7c51789da6c462e55bcb95c2a7d437ee,bcc853c721e9488d5cefd3b42475e2d9,2025,491,2800,2467,775,1976
7c51789da6c462e55bcb95c2a7d437ee,f6c57976a4dd2cde4ac61b8cef95b828,1837,0,2800,3518,963,3518
7c51789da6c462e55bcb95c2a7d437ee,1142cdfbfe725d62038252693cf064e5,0,0,902,3518,902,3518
ebbf450d2fa7bc164b97be0ae77c6fc0,f21456599793981cf2da6333e675a01d,0,691,945,2932,945,2241
7ce002016451dbb446c546e0fbed3cb8,37c126b67523a26862124c48fcb5c24b,661,0,2012,2812,1351,2812
ebbf450d2fa7bc164b97be0ae77c6fc0,42b0a9b33bda8b575cea119efe37a513,1753,435,2800,2658,1047,2223
ebbf450d2fa7bc164b97be0ae77c6fc0,e377bfd92dc90e59bcda6d19d11c718e,1656,0,2800,2702,1144,2702
7ce002016451dbb446c546e0fbed3cb8,bfbf03d0992f63f4f61c4501cab99685,623,0,2012,2812,1389,2812
e4325c63b5c211a2805e0c5cece25ddc,2b520c39f04f5159dc5a57a6f7fa50e1,2210,951,2800,3059,590,2108
ebbf450d2fa7bc164b97be0ae77c6fc0,283c3a6c1bffb9a4289098133b393acd,0,0,985,2791,985,2791
65e3058e82c5853f09810b94f88a9c98,7d2a52b6ddaeba7d41dc6aa035775613,1912,631,2800,2592,888,1961
e4325c63b5c211a2805e0c5cece25ddc,9e3ddd5a0b86a5b4b22be6808349a969,0,758,718,3518,718,2760
65e3058e82c5853f09810b94f88a9c98,5af4f883ca6220f52f050cb683f1cbff,0,0,898,2436,898,2436
e4325c63b5c211a2805e0c5cece25ddc,afe1b5cd2a75aea20b62ceda5f7bc4c5,0,0,963,3518,963,3518
e4325c63b5c211a2805e0c5cece25ddc,dbc540e4e7bf319bfeeeb63894327545,1979,0,2800,3518,821,3518
7433919280d8a8ca186420176738ca5f,19d77bc8e0dc82f6494a0bf6fad5c543,0,0,918,2647,918,2647
7433919280d8a8ca186420176738ca5f,a3261f55aee98d228cbd9dc8d4b63820,0,496,933,2620,933,2124
7ce002016451dbb446c546e0fbed3cb8,a7113ee7039bea27a6f9cfabdf5bdb52,0,0,1364,2812,1364,2812
0e9af0d2f3cf26c336fdf8209bcd151d,98a8d356425e9bc2cc3769aaef700fa1,942,306,2012,2812,1070,2506
7433919280d8a8ca186420176738ca5f,59e73c1a1cfdafc9bbdb6e9f54f80c21,1968,0,2800,2700,832,2700
0e9af0d2f3cf26c336fdf8209bcd151d,6ed21bd9c491d232e2f18bcd4a512a62,0,161,1175,2812,1175,2651
7ce002016451dbb446c546e0fbed3cb8,f4332b5a84da436fb9cb20bf7b584a05,0,0,1218,2517,1218,2517
7433919280d8a8ca186420176738ca5f,fc976bbc2aad8735be37d4bdc3be7caf,1959,299,2800,2486,841,2187
0e9af0d2f3cf26c336fdf8209bcd151d,35d7d10f8e63d78d0fe403c7775945d4,843,0,2012,2812,1169,2812
0e9af0d2f3cf26c336fdf8209bcd151d,1c7f4ee5127cc99d85806b952148631a,0,0,1294,2812,1294,2812
dcdbfe34d8d9581feb3ed4d232205d64,b833da231e9dde04c1938bcaefdea8ce,0,286,753,2522,753,2236
d1a7810e2074fda20ebbc7ccd4145936,b619046612442ad5a750032f6a481720,0,518,1081,2758,1081,2240
d1a7810e2074fda20ebbc7ccd4145936,be23d14f6ad96bbbe4a16fe95e537d1f,1626,462,2800,2733,1174,2271
dcdbfe34d8d9581feb3ed4d232205d64,686ab9a42aef62331b6f41396a2ca690,1232,0,2012,2367,780,2367
dcdbfe34d8d9581feb3ed4d232205d64,40852c6660a32b3618e614c091d8ba8d,1220,101,2012,2374,792,2273
dcdbfe34d8d9581feb3ed4d232205d64,5589dc0d24aae1f307dded88f12836ab,0,0,821,2812,821,2812
e1c37efbc88589e5c926ea8b846d8f02,4b61fb5d5a89e151470b9c8db44fb0b8,2172,0,2800,2501,628,2501
d1a7810e2074fda20ebbc7ccd4145936,b2ada81bb22010b38cbbcfc57f304ad7,0,0,973,2826,973,2826
e1c37efbc88589e5c926ea8b846d8f02,37f85cc669b36e1fc18777fa44edb9ca,0,350,643,2312,643,1962
e1c37efbc88589e5c926ea8b846d8f02,5350f0d42d6685b5f6fab782f3b863a1,0,0,592,3206,592,3206
b5a790f91f8db57717035b630f4fd497,9423990bcba12307e5932ec2d9491799,0,0,974,2605,974,2605
d1a7810e2074fda20ebbc7ccd4145936,ce9b601781749d4474e373620d1f6b53,1663,0,2800,3518,1137,3518
751ef8517c9221362d71e6326f622904,dad301dd1938c34a5eaf09b4b8377a6c,0,588,1101,2821,1101,2233
3e0985909de21beed734ff87a52b1c08,4865c40ad36b86b5307a671be0a5bed3,0,0,812,2763,812,2763
3e0985909de21beed734ff87a52b1c08,c615b62d336b80ae6af30454331d6253,0,781,636,2717,636,1936
7e1c73f0c2d70785c3befcc3f72cd2ed,4e7b86f06fcacc1ca9796a2fce89ab0a,1678,0,2800,3435,1122,3435
e1c37efbc88589e5c926ea8b846d8f02,bf60ac8648245b828bd3b74b69b6041f,2168,0,2800,3095,632,3095
3e0985909de21beed734ff87a52b1c08,480d2d63333612e7887760b516c6d975,2033,452,2800,2376,767,1924
b5a790f91f8db57717035b630f4fd497,a31839d8cfe247c3a829803401d60b9a,1775,0,2800,2845,1025,2845
4ac6ae2b8ca8c47ac75f6d819c52d1cd,c0997ab00e61d617420e0527e5d55ca8,1853,0,2800,3518,947,3518
3e0985909de21beed734ff87a52b1c08,365c8ed21b09715eb8fd0f48a7b8bc6f,1979,0,2800,2924,821,2924
7e1c73f0c2d70785c3befcc3f72cd2ed,dc9082f794e05c3a002a37b3d6374122,1821,0,2800,2506,979,2506
7e1c73f0c2d70785c3befcc3f72cd2ed,cb655fb58ce26c5c4b7de28f45b55d80,0,0,989,2783,989,2783
b5a790f91f8db57717035b630f4fd497,2f303b4756ab8a249f4923a353523e5b,0,772,1052,2712,1052,1940
b5a790f91f8db57717035b630f4fd497,e5e2c66534a3749042c131c538f785d9,1889,339,2800,2237,911,1898
7e1c73f0c2d70785c3befcc3f72cd2ed,bd7c7b7ce568464a3b86f3b9b8d7028a,0,0,1108,3285,1108,3285
519a166e5f83cbd1b70016e3d75acd4f,5cdc495cad304bf2830e9154aee66a5d,1916,197,2800,3248,884,3051
519a166e5f83cbd1b70016e3d75acd4f,e7babf77e24248ba153781452c4a184c,1910,0,2800,2350,890,2350
751ef8517c9221362d71e6326f622904,8f7ffe31b78dbfe056bb3c6be5a844db,1718,708,2800,3518,1082,2810
7ae67a9323fc47beceec45da3e856f9e,80637cc2e6234cb37b8b7240ad2f5f5e,0,802,865,2975,865,2173
519a166e5f83cbd1b70016e3d75acd4f,272a7d6b89ef70ba03ec1569d36cc5bc,0,559,930,2702,930,2143
4ac6ae2b8ca8c47ac75f6d819c52d1cd,790fe960c9b93504255076d839c543d5,0,0,975,3518,975,3518
406560dc3a2e830ec49b3273d5a1c050,7f72afcf02256cfc9082b290044af395,2298,841,2800,2450,502,1609
4ac6ae2b8ca8c47ac75f6d819c52d1cd,4f8ca11a9674a07e86ebcc8662ff4447,0,578,863,2726,863,2148
406560dc3a2e830ec49b3273d5a1c050,09c469e3ea3fcac9657ec1555f423e9b,0,0,720,3518,720,3518
4ac6ae2b8ca8c47ac75f6d819c52d1cd,54e4b0bebf2dce8c2cf90ea3533d00a1,1937,289,2800,2558,863,2269
519a166e5f83cbd1b70016e3d75acd4f,8ae6e442a7dc9daf521c8432b5ec9480,0,0,962,2369,962,2369
610a576dcd3a957f7cd952f920bbd288,50d30a58632c6b538560054fc7129cb6,0,0,1357,2812,1357,2812
610a576dcd3a957f7cd952f920bbd288,ff1bcd56643d4b4864881daa12b69a85,0,0,1271,2765,1271,2765
7ae67a9323fc47beceec45da3e856f9e,e6abe70df406d0fcf0dedc02fa152c97,0,0,939,2894,939,2894
7ae67a9323fc47beceec45da3e856f9e,e53cb8dce0fc86d3024ccb498b787154,1909,0,2800,2942,891,2942
406560dc3a2e830ec49b3273d5a1c050,99cf7865d9743472b0818d5381b20658,0,606,648,2588,648,1982
610a576dcd3a957f7cd952f920bbd288,28fc8c8d61f6cdddefb66b9ae61981b9,817,0,2012,2812,1195,2812
751ef8517c9221362d71e6326f622904,0c67e3ef662ba25e25e490182f97e9b0,0,0,1203,3249,1203,3249
610a576dcd3a957f7cd952f920bbd288,3a470070da69ea97608cc322b658c6ce,869,0,2012,2505,1143,2505
751ef8517c9221362d71e6326f622904,195406593e99254943c994d82e22710a,1680,0,2800,2987,1120,2987
99fda974447d876ec57676be336a5857,3b46594e56083bd81b2fa0dd65cf0f93,0,0,779,2812,779,2812
7ae67a9323fc47beceec45da3e856f9e,012f3bc12ca74796411eede4e2c4591f,1908,562,2800,2371,892,1809
406560dc3a2e830ec49b3273d5a1c050,dcace605b9887715f335cc0bb41a2841,2078,0,2800,3518,722,3518
0fd8d8bb0261fbe6ff535358361a8530,111568cba425ee964d26095c80fa84d1,1959,550,2800,2585,841,2035
99fda974447d876ec57676be336a5857,404e93fde1fdd627243da79f2ea6cb61,1327,0,2012,2812,685,2812
0fd8d8bb0261fbe6ff535358361a8530,0609655dd655f20ea7034e681135db4a,0,0,780,2614,780,2614
99fda974447d876ec57676be336a5857,a2f6090f45cdef3e1bd3343a9d075281,0,0,721,2812,721,2812
0fd8d8bb0261fbe6ff535358361a8530,045495f52a43b12b8889a1af813bfcfe,1847,0,2800,3422,953,3422
0fd8d8bb0261fbe6ff535358361a8530,e4349f22287d7d6c52a9ecf1c1afe947,0,542,799,2635,799,2093
163e1e9371caf79d999a565da1a4739f,15abf00742e2fb0d887cd9a162d9eec9,0,598,696,2599,696,2001
163e1e9371caf79d999a565da1a4739f,e59f2fdfd4abcde0ac4b7a2f31eb55cb,2078,0,2800,2325,722,2325
163e1e9371caf79d999a565da1a4739f,9fd981600e0fbfb0df56c2062d567585,0,0,843,2319,843,2319
163e1e9371caf79d999a565da1a4739f,5dca4efed5b45f67d6d985d3ddbcb3b5,1864,0,2800,2211,936,2211
813271a8679c3c4ababe6980e3d2f376,e4d970768683251f907ead17a6c9515d,1853,0,2800,3518,947,3518
813271a8679c3c4ababe6980e3d2f376,6146c196ff10a4e0d912ab49a39a6938,2111,730,2800,2642,689,1912
4b6b3191586373a5a3b1f76b60145e22,f8e00a44cb66b87ab7f17728276ebdb6,1701,535,2800,3518,1099,2983
b78ef00092557315a5398a8359c3e638,34e3448ee6092ba98ecb6a759e255d41,2111,0,2800,3518,689,3518
b78ef00092557315a5398a8359c3e638,dc7e3b55c8778448ef938ec8a7c36088,0,669,640,2664,640,1995
99fda974447d876ec57676be336a5857,e05f63d55119eb204ab8bbc6f4da4999,1408,0,2012,2812,604,2812
813271a8679c3c4ababe6980e3d2f376,aa3f6e19944ff31c9457ea8e8f272933,0,295,935,2532,935,2237
b78ef00092557315a5398a8359c3e638,eb8c6c702bef20e7c1d4cca93932325a,2174,353,2800,2341,626,1988
813271a8679c3c4ababe6980e3d2f376,8775349d26649f351b2ab3852c515eab,0,0,988,3518,988,3518
4b6b3191586373a5a3b1f76b60145e22,da1c132d9ef502bd75bf872dad25e361,0,0,1080,2761,1080,2761
851e387e17df214ec4a50bcc713a078a,40ed09234040d4f119a5f24bd19c9e93,1233,0,2012,2426,779,2426
851e387e17df214ec4a50bcc713a078a,0a783b57dbe25acd10a1a2cfdba1e7a9,1203,672,2012,2455,809,1783
b78ef00092557315a5398a8359c3e638,f89ec71319fccf89278ccbe3f466189b,0,0,741,3162,741,3162
851e387e17df214ec4a50bcc713a078a,1d8ac472dffd74039fcb996f21036d50,0,301,649,2198,649,1897
851e387e17df214ec4a50bcc713a078a,60c71201e36784352a5a8a5c5b56e7b4,0,0,741,2084,741,2084
4b6b3191586373a5a3b1f76b60145e22,9bd044d311a6a1aa5602ef108b4e2656,0,483,1007,3518,1007,3035
42ec6b7233c3e984cec02a1dd702dcb0,60212fdf4b6ad3d1f9feb7e5ff0bf706,947,275,2012,2635,1065,2360
42ec6b7233c3e984cec02a1dd702dcb0,45d34e3aec3427b33dd9024bf263ee82,0,0,1222,2812,1222,2812
42ec6b7233c3e984cec02a1dd702dcb0,810811f6060ede113fa98053a8ebbf9a,796,0,2012,2812,1216,2812
4b6b3191586373a5a3b1f76b60145e22,0a20ec2661573dff6738ff5498faaece,1632,0,2800,2903,1168,2903
56224cd47272aa6d5125945869a2d92a,2ab15af29fa72bda3a02c5c2817ebc6e,1939,325,2800,2536,861,2211
56224cd47272aa6d5125945869a2d92a,4cf832c2c21fb3ce1ecc4c78b2957272,0,575,822,2733,822,2158
42ec6b7233c3e984cec02a1dd702dcb0,33c3590bb1738c0b9512630d9741bf65,0,218,1166,2496,1166,2278
b5567bec32bc168570b4189426bbc4e8,4723b2edfcdeae22f045ec580e73e1c6,0,765,773,2988,773,2223
788eeb3a71ff18772afffbab5aa28ee2,cbd479685f2ba22bca1c787e483dd4af,2055,834,2800,2572,745,1738
b5567bec32bc168570b4189426bbc4e8,8fb613d708077bd1d64b7e4302b6e920,1988,812,2800,2875,812,2063
b5567bec32bc168570b4189426bbc4e8,fa0d61ab7e2e1115fa871ff94d457d9b,1958,0,2800,3518,842,3518
a6f485d4d0c82a3d2df10fbb36f3f8b1,805801c7963fb971134948a59c20c8d1,2353,870,2800,2483,447,1613
dd8ee4e2fd7b156902ce85c3430e602a,728d7a497482aa8fefd39be1782f7327,1941,370,2800,2484,859,2114
dd8ee4e2fd7b156902ce85c3430e602a,71450129a0490ae2a26506d486b3483c,0,469,902,2524,902,2055
a6f485d4d0c82a3d2df10fbb36f3f8b1,3514fe2b6fc2101ffa22622fffb71ae4,0,947,523,2615,523,1668
56224cd47272aa6d5125945869a2d92a,ea4f09842490c83970bf72773521f362,1852,0,2800,2819,948,2819
56224cd47272aa6d5125945869a2d92a,d964e285b728316d2ad69bcbaf5e0ef9,0,0,997,3518,997,3518
dd8ee4e2fd7b156902ce85c3430e602a,fc379cd4ae6bf9a6a118f1cfe0635d90,1900,0,2800,2758,900,2758
a6f485d4d0c82a3d2df10fbb36f3f8b1,27e4a0b8a2d46358be0dd38d54d016d9,2127,0,2800,2762,673,2762
dd8ee4e2fd7b156902ce85c3430e602a,5e6456160ea5b7ba49b387067cc0a3bc,0,0,969,3518,969,3518
a6f485d4d0c82a3d2df10fbb36f3f8b1,fe53824530df30152cffe6641d6106ae,0,0,707,2239,707,2239
a4d41b47baab734e1953f11bdd388218,d9cea205c395224b55d2cf9fc7da4020,0,819,698,2749,698,1930
a4d41b47baab734e1953f11bdd388218,2d31b27f12fd370802442b2f41ba2e51,0,0,671,2444,671,2444
a4d41b47baab734e1953f11bdd388218,2eb83aba01c2de735a3ca20c6f3b7bc3,1907,0,2606,2542,699,2542
788eeb3a71ff18772afffbab5aa28ee2,4364fdcfaf47fee38a2fd515236a0618,0,678,718,2416,718,1738
20d6f7b44e30e72a94cecc3ac4162af2,b88a4d28e6fd0ff1a6f3f505238374aa,1834,74,2800,3518,966,3444
788eeb3a71ff18772afffbab5aa28ee2,d9e2f97a5d7172eb944dda6f3ae1a2b8,1937,0,2800,2894,863,2894
20d6f7b44e30e72a94cecc3ac4162af2,1a9104325f997d42fe7c7a44a97ed17b,0,0,1078,3035,1078,3035
20d6f7b44e30e72a94cecc3ac4162af2,1a7fcc527ebe19c4957be685de053649,0,187,976,2960,976,2773
a4d41b47baab734e1953f11bdd388218,e55d26ecdb75867f679f30aadb0c6926,1909,500,2606,2603,697,2103
7cdfa18e70245da319570992aec946dc,fbc92fdad1313859dfe5c39439d3fa91,1996,511,2800,2314,804,1803
b5567bec32bc168570b4189426bbc4e8,08a72a9160806b7b9334325d8870fa75,0,0,728,2641,728,2641
788eeb3a71ff18772afffbab5aa28ee2,3cd448d134b570ed809559420b36774d,0,0,775,3080,775,3080
6f41d2925eca884c751e0d71c61a3eb3,5a8cf7fb49dd72e0aefc332160a2002a,1662,635,2800,2648,1138,2013
7cdfa18e70245da319570992aec946dc,dacfdce85c58f4dba60ff4039a946d94,0,0,713,2163,713,2163
7cdfa18e70245da319570992aec946dc,e013655870fcfd2da6a8e4258e6d07c3,2004,0,2800,2168,796,2168
fe183ef0ff83c3f73e8c4cd78f2fe604,bdefddc3f5ef47921dfb2db562ab81c3,1959,0,2800,2745,841,2745
fe183ef0ff83c3f73e8c4cd78f2fe604,27f5b5cf2a4e443631a05cf2d98c1dbc,0,0,949,2561,949,2561
fe183ef0ff83c3f73e8c4cd78f2fe604,b2a0602348ed841c480d7945c5c8bf3c,0,463,1013,2697,1013,2234
7cdfa18e70245da319570992aec946dc,faf218e032fff5a8d8f59dc729eff9bd,0,483,752,2221,752,1738
fe183ef0ff83c3f73e8c4cd78f2fe604,18c796974ef2ed81fd0d9bfa18637ccb,1945,530,2800,2786,855,2256
6f41d2925eca884c751e0d71c61a3eb3,8af3a5e513e69e28efc4b95d3b90dc4a,0,500,1064,2587,1064,2087
99db6b0cf57a09338ef8a6366f357c60,674665f0a46f38de0d69de5afeb9d6d9,2275,279,2800,2197,525,1918
20d6f7b44e30e72a94cecc3ac4162af2,f9466857f366c870be0a758315d9f926,1799,0,2800,3045,1001,3045
6f41d2925eca884c751e0d71c61a3eb3,5420f34131041364bf3d65b35bb86175,1591,0,2800,3518,1209,3518
6e668aaeb4daa860b2a87ae61e19e26f,cd5916e90aff774c589963e3320edeaf,0,810,804,2841,804,2031
6f41d2925eca884c751e0d71c61a3eb3,991e2d44203a4c53641c687fbeab8143,0,0,890,2657,890,2657
99db6b0cf57a09338ef8a6366f357c60,a9b2f899d55cc4dc0e0834cdb441fb90,0,289,603,2287,603,1998
6e668aaeb4daa860b2a87ae61e19e26f,864a77150b3fb800159ae8a19f275828,2028,0,2800,3518,772,3518
8d6e637ebe3069ecb654c3272caaefc8,626bc8c9ca452145d362331ba443ad2b,0,636,834,2579,834,1943
b67da94f07637b4ae9809fee1f2e76a9,829ff67bac6189c9880f707759246d7e,0,0,1005,3518,1005,3518
8d6e637ebe3069ecb654c3272caaefc8,2db1355fec22b079098465bcc763b67c,1945,606,2800,2577,855,1971
b67da94f07637b4ae9809fee1f2e76a9,726bdb4b365edfaee1534b01bb9ac23f,1782,0,2800,3518,1018,3518
6e668aaeb4daa860b2a87ae61e19e26f,eefe284ba7d8e3085c9b27d645bce6e7,2033,0,2800,2660,767,2660
6e668aaeb4daa860b2a87ae61e19e26f,2f40e5f0059989a2389997b4cd71124d,0,0,739,3518,739,3518
8d6e637ebe3069ecb654c3272caaefc8,b6455fa190c7f411ae0d5ec457196b8e,1988,0,2800,2454,812,2454
99db6b0cf57a09338ef8a6366f357c60,86f954f7612a79f8562f8b6b196c2a1d,2099,0,2800,3518,701,3518
99db6b0cf57a09338ef8a6366f357c60,f15ce1bec279c9ed942967544dc3074e,0,0,1026,2938,1026,2938
e8bcca0ff4a003a73b15b0a147b8751d,93120eb944bd16f6fc92c6ad11ce37c1,1963,0,2800,2591,837,2591
e8bcca0ff4a003a73b15b0a147b8751d,e473eacab351b6947892e9827f00caff,0,0,854,2593,854,2593
bb8de63729ac420405e5e91689e31bd8,6b45c3b1ae5d747007ee08286ccff535,2092,202,2800,2310,708,2108
e8bcca0ff4a003a73b15b0a147b8751d,ec0aaf61ada64edafb5e64574bbbbfc3,1987,753,2800,2560,813,1807
e8bcca0ff4a003a73b15b0a147b8751d,074c2f6337fff691f72a67f51e9150ec,0,666,893,2636,893,1970
b67da94f07637b4ae9809fee1f2e76a9,f01b342345f574c64f1851150eea43ce,0,676,1013,2920,1013,2244
b67da94f07637b4ae9809fee1f2e76a9,11753da7b3f06ae4ce0585cec1a78499,1815,548,2800,2738,985,2190
8d6e637ebe3069ecb654c3272caaefc8,826d32141b3895941d82cb6a89b5566b,0,0,848,2926,848,2926
bb8de63729ac420405e5e91689e31bd8,98562a985a4754e0aeb1fb797e010e8a,0,529,807,2700,807,2171
28669abdf821b0481d295dc44377988a,89ef2becb3bb3ff6742f90eeea3c0d4e,0,858,807,2903,807,2045
d173f2e0e93898ae9e64f9af20197a3b,4e82832699efa4c4c9f92aab5999a574,0,483,1079,2627,1079,2144
782dc932045409bd2134c21107347374,f3b53f3ffa861fb740ccbaafe7ba3227,1751,244,2800,3518,1049,3274
28669abdf821b0481d295dc44377988a,afd4af9cd5e26e3130db8323c8c691c6,2071,834,2800,2815,729,1981
bb8de63729ac420405e5e91689e31bd8,61d51a0186068d1fd5c30aefe6414baf,0,0,926,3518,926,3518
a0d3bd1a4d7a469ed1037bc512f65fba,905e8ef5d14726708f2cb1093b9999cc,1793,0,2800,2993,1007,2993
d173f2e0e93898ae9e64f9af20197a3b,f0c5178071e30223dda6b9d27235131f,1656,0,2800,3518,1144,3518
28669abdf821b0481d295dc44377988a,0760aa7644fb890b77030391ed6352ba,0,0,1522,3518,1522,3518
b9f779801ecd35ddbe9d8e96305537f9,d98aa27e338d8e766b887634af6c6523,912,282,2012,2812,1100,2530
cfc62d2367c8e413d4d6b89139db178d,c38f4451be016ea1a1406a3d722148bc,0,199,975,2517,975,2318
cfc62d2367c8e413d4d6b89139db178d,3949393639935c1a6ec41ce883409c6a,1101,0,2012,2812,911,2812
782dc932045409bd2134c21107347374,1e8ae3589cfde66f1bc31d6e40f3f243,1607,0,2800,3518,1193,3518
a0d3bd1a4d7a469ed1037bc512f65fba,0c9ca5c0869a3d7f3bfa247f51a8f441,1782,394,2800,3518,1018,3124
cfc62d2367c8e413d4d6b89139db178d,30df68d780bc106c6693ccf3ee5e48ca,1104,651,2012,2812,908,2161
cfc62d2367c8e413d4d6b89139db178d,499783d0183811761a178f72854504a1,0,0,1087,2640,1087,2640
bb8de63729ac420405e5e91689e31bd8,1418ae98cce039f5a4a9783fc2bf8e23,2019,0,2800,3518,781,3518
b9f779801ecd35ddbe9d8e96305537f9,45590f93a972bab99d08891451dde1b9,0,0,967,2812,967,2812
a0d3bd1a4d7a469ed1037bc512f65fba,34b1162529a63fccde67a71a8db13044,0,214,937,2709,937,2495
782dc932045409bd2134c21107347374,11f29a14e0db35f7933effa12c8b38ba,0,658,1212,3518,1212,2860
b9f779801ecd35ddbe9d8e96305537f9,8a57eab1051cbf8dae34882524af0d3f,969,0,2012,2778,1043,2778
d173f2e0e93898ae9e64f9af20197a3b,b5d185cb7d84c5d732115cbbcaa0e728,1703,523,2800,3518,1097,2995
8c2b8e89363b9647db3886571cf9c80d,87efbf72edb1f42b40033d70ecf0e91c,1943,433,2800,3518,857,3085
a0d3bd1a4d7a469ed1037bc512f65fba,a011daddeb54c20c59e6042adc6bc995,0,0,1021,3518,1021,3518
28669abdf821b0481d295dc44377988a,5aa9ba2ff011968f50f98eeee26c73e1,1975,0,2800,3315,825,3315
d173f2e0e93898ae9e64f9af20197a3b,692e2771869ab8c052352738137f4fe3,0,0,1146,2636,1146,2636
782dc932045409bd2134c21107347374,b52e4a6b237f0bb1d927d0e2e861631c,0,0,1282,2824,1282,2824
8c2b8e89363b9647db3886571cf9c80d,b91c02f0e999146afb60df89d3757f14,0,0,898,2509,898,2509
2cc5cbedf0d478878800a9b91a17ff84,9bbad0833b05e161a024f7c8d7cf7e2b,1919,565,2800,2792,881,2227
6047b373dddfadac40707462494fd8fd,4933feaee02c0de12ecee5b5d9939830,0,796,1146,2938,1146,2142
2cc5cbedf0d478878800a9b91a17ff84,736d4e594dcc5cf9142625baa3178d28,0,420,857,2614,857,2194
6047b373dddfadac40707462494fd8fd,9ba216ba5e938521b4c1ba1604d19787,1815,0,2800,2368,985,2368
2cc5cbedf0d478878800a9b91a17ff84,8300747ad868bf5ec20808a55d5860d9,1809,0,2800,3518,991,3518
ad7bb165008d94c2d281542e9c048434,54e71c3b6bfff587a40ee2ac2ff5d1f5,2107,780,2800,2842,693,2062
2cc5cbedf0d478878800a9b91a17ff84,cd945480ce417ccc53f4eee074453f5c,0,0,1059,3066,1059,3066
ad7bb165008d94c2d281542e9c048434,d377b041b2083d0f4992ee3013f7abc6,0,450,668,2531,668,2081
6047b373dddfadac40707462494fd8fd,748c5aeb76268bef97e05dc6866797ce,0,0,1036,3518,1036,3518
ad7bb165008d94c2d281542e9c048434,ccfb34ccd5611f53506aaee821542e83,0,0,756,3518,756,3518
6047b373dddfadac40707462494fd8fd,dff86b4502a001e191a7badb3f37ade4,1821,487,2800,2607,979,2120
259c3a22edb64244a05eb2931d49cfd6,82e26d4e51b071df45de9eb706962b1b,2100,308,2800,2446,700,2138
b9f779801ecd35ddbe9d8e96305537f9,e2966829f7baea5bd4f83e034874c94b,0,533,984,2812,984,2279
ad7bb165008d94c2d281542e9c048434,bf6c1d55a49ee0fc3672b276729ca1c1,1963,0,2800,3518,837,3518
259c3a22edb64244a05eb2931d49cfd6,7a7f39db514db730c544efaadd1a6eac,0,273,732,2513,732,2240
9c8e8f688e99a35f6bb0a78cd4ae8d7e,1eef911053b9cbd0d3d7749c2e288cf1,1655,288,2800,2648,1145,2360
8c2b8e89363b9647db3886571cf9c80d,3f8de907f4189327237edbb48639a2b8,0,483,1035,3518,1035,3035
259c3a22edb64244a05eb2931d49cfd6,8e345b724bc22a778402157a2a4d7ae5,0,0,672,3478,672,3478
9c8e8f688e99a35f6bb0a78cd4ae8d7e,5cf927a823056aaf204e6225cabe3b9f,0,512,1299,2935,1299,2423
9c8e8f688e99a35f6bb0a78cd4ae8d7e,c16a4d32d267d693e7d4e9d8138073bd,1536,0,2800,3043,1264,3043
8c2b8e89363b9647db3886571cf9c80d,212e324ce5fd31ccfc30b8cdc4176480,1836,0,2800,2620,964,2620
99e67c3d76bcbb8ea1c1e679973dd84e,33d8a637725ffce12fb9c5da1c3ce305,1969,0,2800,2522,831,2522
99e67c3d76bcbb8ea1c1e679973dd84e,22fe8ae0a1ca083ebd496a7496efcb40,0,72,640,2564,640,2492
259c3a22edb64244a05eb2931d49cfd6,ddec9917840ce48888751a7cbf1be6dc,1990,0,2800,3518,810,3518
99e67c3d76bcbb8ea1c1e679973dd84e,02d154f528b82fb59fe9e7b2a049522e,0,0,965,3518,965,3518
9c8e8f688e99a35f6bb0a78cd4ae8d7e,9f65a2368a5df60f1910d687067ced3b,0,0,1497,2952,1497,2952
1e182def39e835d4a8d205eb440a338f,81001964c6e8dcd2888a97a8320248eb,0,371,1303,2773,1303,2402
1e182def39e835d4a8d205eb440a338f,9c3d07a8abc99eef8df5dcd8e8c18373,1546,311,2800,2792,1254,2481
1e182def39e835d4a8d205eb440a338f,71d708c45c5d71af2ee6b153d1eceb49,0,0,1222,3518,1222,3518
1e182def39e835d4a8d205eb440a338f,19382316f3240d244b802c43f4d8d584,1564,0,2800,3518,1236,3518
99e67c3d76bcbb8ea1c1e679973dd84e,a430a62f03457b49ab67a671e8be783b,2116,404,2800,2505,684,2101
e68836638921626b5f579b0f6b4c1004,bfba4c27e587185627951c90b90221c4,0,628,671,3518,671,2890
cfcb412c06cef02c47a0b7710a4168b6,6d4d57a8a2953bf790781950e7110d8a,1840,121,2800,2360,960,2239
cfcb412c06cef02c47a0b7710a4168b6,dc1bf27defa022671693addc0a8573e3,0,0,1039,2632,1039,2632
cfcb412c06cef02c47a0b7710a4168b6,b734d9899d4e7db89db2d4c646405094,0,169,1051,3387,1051,3218
cfcb412c06cef02c47a0b7710a4168b6,1fa3147b8d08a84acc331582768b9311,1750,0,2800,2620,1050,2620
65c44e57404ab93695069f0512fb4237,d0a00be4f37f800e6f01a6e1acff4724,0,0,996,2812,996,2812
e68836638921626b5f579b0f6b4c1004,d160e1f4937ef2152e520dda28148704,0,0,761,2347,761,2347
65c44e57404ab93695069f0512fb4237,91a74a211bf969a3f1493ab5c65ec761,1019,0,2012,2812,993,2812
65c44e57404ab93695069f0512fb4237,e98319fe7089d659f509b284b880bfdd,1090,0,2012,2812,922,2812
e68836638921626b5f579b0f6b4c1004,f593a6eed4ad6e7bc7b30521cf54a049,2079,0,2800,3001,721,3001
1d1f765bc1e2666543deb3a2b1af68e1,0e480596770839f629827f2d282ef095,1897,744,2800,3518,903,2774
39921bced70e276c85de0874e8e55634,3152d4775902aabf492996d629fa5285,2008,0,2800,2246,792,2246
65c44e57404ab93695069f0512fb4237,96d6cc7dbb3e90d47f78acb8cac7aedb,0,0,1108,2812,1108,2812
d0eaf9a204f4267ad22099035ae2bad6,7e02b352906168b63c47bba539b496bd,0,688,1002,3518,1002,2830
d0eaf9a204f4267ad22099035ae2bad6,19384a78994ca59470843c3962d80fe2,1725,72,2800,3518,1075,3446
81595d9be2827323037d62790d649ce4,0a3e504dc48d53ad8c03be4dcf2a1079,0,0,857,3171,857,3171
81595d9be2827323037d62790d649ce4,aeacbd6a217c5d4f3b989043ca06f61b,1897,0,2800,3006,903,3006
81595d9be2827323037d62790d649ce4,327d42e1a7f3eac769deb164b15cd642,1901,567,2800,2574,899,2007
1d1f765bc1e2666543deb3a2b1af68e1,f95848d67c118a6f46c99b9f5a8995ed,0,587,894,2964,894,2377
81595d9be2827323037d62790d649ce4,ff726a9488b46e221000ccb354cda36d,0,497,928,2612,928,2115
39921bced70e276c85de0874e8e55634,bb1ff723b85ce9a6b1f814f95a499d37,2023,139,2800,2587,777,2448
1d1f765bc1e2666543deb3a2b1af68e1,0ae96ff3626e64c5abd3cea91eea2704,1889,0,2800,3518,911,3518
55539627088997e7f5bc641ccba2d447,b463b9f0027eafd34d044537b600997f,0,855,497,2465,497,1610
39921bced70e276c85de0874e8e55634,a2adc536b5ade9884abc279b58bf4086,0,565,821,3518,821,2953
1d1f765bc1e2666543deb3a2b1af68e1,929469098ae3e17e3ef153a1dab0b611,0,0,1017,3518,1017,3518
e68836638921626b5f579b0f6b4c1004,172a4dc672b0df649506d8d0ce235588,2109,635,2800,3518,691,2883
d0eaf9a204f4267ad22099035ae2bad6,26373c5b5a55ae8b2eae6556e87be9b6,1618,0,2800,2899,1182,2899
39921bced70e276c85de0874e8e55634,fa0ae1129989bcc23cde09d1a51a75f1,0,0,926,3307,926,3307
d0eaf9a204f4267ad22099035ae2bad6,48c5149c467f42e75d5310a22ac6529f,0,0,1115,2860,1115,2860
55539627088997e7f5bc641ccba2d447,b088fe5f0e3d66a21d4c2f9218085479,2299,1060,2800,2522,501,1462
55539627088997e7f5bc641ccba2d447,a8effeb2809f76ad1566d1f64cb3a88d,2258,0,2800,2145,542,2145
55539627088997e7f5bc641ccba2d447,858d6bfe486dbcb990ca209aaa565624,0,0,590,2093,590,2093
f7de3537d97f9f64d05970a19416964b,72afcd40d8f57671b70915591f63da90,0,81,993,2325,993,2244
f7de3537d97f9f64d05970a19416964b,74502ddd42f06253939831df9e3143dd,1053,169,2012,2333,959,2164
857c025176d7b5e56565807f982afe0e,b92f57b83d43a91ca64cd082fa196a51,1438,0,2800,2696,1362,2696
857c025176d7b5e56565807f982afe0e,05d12de5d5b4298f0317d5799170e8af,1485,416,2800,2656,1315,2240
857c025176d7b5e56565807f982afe0e,2de175ef9929ae8fafb4000ccc1f819e,0,623,1281,2792,1281,2169
d4f5c1802b33b28ffcf12991e2160bd7,7d738565b329ef48f573723a1e42b270,0,339,992,2741,992,2402
f7de3537d97f9f64d05970a19416964b,b25cbe3877545a12b9826916df81abbd,0,0,953,2812,953,2812
f7de3537d97f9f64d05970a19416964b,d9fc06decc94e85db96ba4c949e48e1b,1084,0,2012,2812,928,2812
3c0d66267d6fa130cf9440b90456e481,37d9111014b8528b01a81a8f6809aba1,2066,458,2800,2399,734,1941
3c0d66267d6fa130cf9440b90456e481,f2fd370fc9f3ce9edecf6e6b57be6bfd,0,506,748,2505,748,1999
d4f5c1802b33b28ffcf12991e2160bd7,558b283c61b6748f17e06503dc54c7a5,1600,0,2800,3518,1200,3518
857c025176d7b5e56565807f982afe0e,063f361fcbe1b0efe959ad6439971472,0,0,1351,2770,1351,2770
3c0d66267d6fa130cf9440b90456e481,9b15b1a5f4bc0182cfb73f188881243f,0,0,778,3090,778,3090
3c0d66267d6fa130cf9440b90456e481,7e3cbde7a75b862d819687e6bd52346c,2047,0,2800,3362,753,3362
d4f5c1802b33b28ffcf12991e2160bd7,51666921154e89335538da12ed1a1100,1791,364,2800,2800,1009,2436
d4f5c1802b33b28ffcf12991e2160bd7,52fbd75600bb13502c90644dc947b3ca,0,0,1144,3411,1144,3411
2f1118710fa46fc9c4713f0e09307004,058ccaa5cda84a6818040bd237eaca35,1967,0,2800,3518,833,3518
2f1118710fa46fc9c4713f0e09307004,3ffc937f1e1af04f338745185ebc531f,0,0,753,3518,753,3518
2f1118710fa46fc9c4713f0e09307004,0036ef18b5a768eb6dea602486363d7e,2007,495,2800,2713,793,2218
7a4b1f1a0a47c36c0890a7c4802cb489,f64eb10f64d5d98c6d667984cb8587d3,1916,0,2800,3518,884,3518
7a4b1f1a0a47c36c0890a7c4802cb489,a98afe05782572883e3948e2e9d57382,1896,643,2800,3518,904,2875
d51f643017fa4776899f9ce2f1394e5e,37f3e0d5ec79408c1fb4d0403584a88c,0,702,951,2583,951,1881
01b135a21ab403d288ad4e779590083c,145a7b149ac0daf3cc1586b6fb47352a,2011,551,2800,2512,789,1961
7a4b1f1a0a47c36c0890a7c4802cb489,2755bd8fd49f75ffb60c337b1e8c0937,0,0,1035,3518,1035,3518
7a4b1f1a0a47c36c0890a7c4802cb489,b2c0606291797dc3fae9364229498ae1,0,545,1073,2747,1073,2202
627d80eadec8c202e86ef37ef97b37d6,19b4ef4638156b157666ec2782fb78e5,1115,0,2012,2221,897,2221
d51f643017fa4776899f9ce2f1394e5e,4f29ed59ca67761476e26828847dd87d,1927,466,2800,2326,873,1860
01b135a21ab403d288ad4e779590083c,9cb37747d4e6aa78840acf04b96ff48d,0,773,823,2738,823,1965
01b135a21ab403d288ad4e779590083c,6cbf6d6e77bff395fb5a0b8497869877,0,0,1246,3351,1246,3351
8381c0d2d55006bb7bda0312a66dba15,3d96c0983fc79b45098d12e5a0b3d6e5,2008,315,2800,2612,792,2297
8381c0d2d55006bb7bda0312a66dba15,f8734dc3cc3e0895791dd69ad79e4636,0,0,897,2484,897,2484
8381c0d2d55006bb7bda0312a66dba15,e840ffbd1eab7d5097f6214f03ed5ea8,0,0,974,3518,974,3518
8381c0d2d55006bb7bda0312a66dba15,91c7aea333d3917bf0e794b511550a7f,1844,0,2800,3518,956,3518
627d80eadec8c202e86ef37ef97b37d6,891295e2c553da37d37c76b463f1231c,1052,0,2012,2812,960,2812
d51f643017fa4776899f9ce2f1394e5e,bdfa29b051e442089921865e270bd11f,1895,0,2800,2305,905,2305
627d80eadec8c202e86ef37ef97b37d6,e2d152114b8bf9fa92977e47238ce227,0,0,949,2812,949,2812
964da212cbe653df7dd875533409a892,d5b3ef01ab168e381a6222bcac5ae14e,0,497,921,3518,921,3021
627d80eadec8c202e86ef37ef97b37d6,444a82824d3078a2bd6d3d8d95312a1f,0,0,977,2502,977,2502
d51f643017fa4776899f9ce2f1394e5e,f7cd28353b5828b7f1fcdbef190dd083,0,0,986,2404,986,2404
964da212cbe653df7dd875533409a892,5ba24c0cbea875bb4aa17c1ecae7e0f1,1751,0,2800,3518,1049,3518
bf435f69d73987cecb87d9d16ebc7b6e,be6523045284a29c7a5cffd1635808b8,1624,800,2800,3518,1176,2718
bf435f69d73987cecb87d9d16ebc7b6e,31c3acc9ef4579964abea92c254709a4,0,0,1121,3518,1121,3518
964da212cbe653df7dd875533409a892,8f7fd0f4de145e54493df9bd64af3bfd,0,0,1003,3518,1003,3518
e3c869c841efa64b702a10a5ec702998,cf1679c6cab0d26569285756dbb12f5e,2032,376,2800,2395,768,2019
bf435f69d73987cecb87d9d16ebc7b6e,86ab85b00f60d2d8e238594886880438,0,327,1141,2548,1141,2221
e3c869c841efa64b702a10a5ec702998,caaa19a99bb8074d65b68008752345a6,0,695,832,3518,832,2823
e3c869c841efa64b702a10a5ec702998,0f3a1f45d84cbe6b77b3e9354bb9ea1a,1868,0,2800,2635,932,2635
2f1118710fa46fc9c4713f0e09307004,39e7925dc4c5178c303edfe9e53fdf8a,0,628,726,2709,726,2081
bf435f69d73987cecb87d9d16ebc7b6e,5482120717c8fa041caa880586339629,1668,0,2800,3263,1132,3263
01b135a21ab403d288ad4e779590083c,3e0e83284e65a7c139ff8c1ae31a1169,1888,0,2800,2768,912,2768
84d77d808cb9acbc740da6e7042024bc,dd32362fa5c6a7c2446041219ac7d557,1814,665,2800,2891,986,2226
e3c869c841efa64b702a10a5ec702998,d34a6cfd878c78f803de9defba2569d6,0,0,932,2781,932,2781
84d77d808cb9acbc740da6e7042024bc,49ae73bcfa73ded498cb8405b96ffd24,0,783,839,2932,839,2149
8d99bdde7575a77d0e5f510931d5b6fd,9752ea861d3ed07b589613c7bc6ac2b2,2178,605,2800,2531,622,1926
8d99bdde7575a77d0e5f510931d5b6fd,00ac4542dfdec16f0570998604dc3364,0,0,592,2378,592,2378
84d77d808cb9acbc740da6e7042024bc,eb1f5fe94ff08934acc7bee4d1002f06,0,0,924,2750,924,2750
db65dcf86c7801c681dda0d2c81ffacf,aa9dc3e9a00540c39b2b8527cda27c03,1917,171,2800,2589,883,2418
db65dcf86c7801c681dda0d2c81ffacf,60d96db2974378fb395f99597e1a8959,0,83,839,2692,839,2609
fa2cec66b1c9d6bdad204283ea4f29ad,995c6bc0e28b66bd3ae986b135d4e009,2000,244,2800,2501,800,2257
964da212cbe653df7dd875533409a892,04ddd99e0fad1aeca36740eaacdf5607,1910,0,2800,3518,890,3518
fa2cec66b1c9d6bdad204283ea4f29ad,c6479abd1ac515cdd95cc1738c68cdab,0,0,991,3518,991,3518
8d99bdde7575a77d0e5f510931d5b6fd,dc57a174764d53bcf8b7dc6d80a3b1d2,0,0,788,2786,788,2786
db65dcf86c7801c681dda0d2c81ffacf,909f1ec09dd45863c514a4899ff08dfc,0,0,962,3366,962,3366
11541591fbe5a89c466c58de5384aff4,b4eb9314404b7b0077e784d1c901fb6f,1879,757,2800,2692,921,1935
11541591fbe5a89c466c58de5384aff4,c12aa5dce25cbb0e282fd4c3195a9c06,0,983,816,3518,816,2535
fa2cec66b1c9d6bdad204283ea4f29ad,d9326f89273df5f2c2173d1e2eb99eec,0,958,762,3518,762,2560
ad78ee0973652fcbe7b3fcdaa57877dd,f33e9b8e204f8219420a04f5c0fd6e5e,0,444,746,2657,746,2213
11541591fbe5a89c466c58de5384aff4,3c5dbc4e2282e1bb6a9bd0c4a5dcb1f5,0,0,742,3518,742,3518
84d77d808cb9acbc740da6e7042024bc,f72c1f13118f7ffde62137fc1a96d9cd,1813,0,2800,2602,987,2602
6a11b64b543a74672915ac5e78d79bda,5114c128f347d8708753f229cfa34531,0,751,707,2898,707,2147
db65dcf86c7801c681dda0d2c81ffacf,792ab47acb4f894e9607a4ac17cbc140,1799,0,2800,3518,1001,3518
ad78ee0973652fcbe7b3fcdaa57877dd,ae707e4fe470332125e854fbdef3904b,1973,267,2800,2599,827,2332
ad78ee0973652fcbe7b3fcdaa57877dd,fbee90e4714c8d475a16db4602543992,0,0,825,3518,825,3518
6a11b64b543a74672915ac5e78d79bda,ab5a13420b4a176fc2326842be57edcf,2146,701,2800,2683,654,1982
ad78ee0973652fcbe7b3fcdaa57877dd,d2823ae4b22cd771e730a28520935532,1965,0,2800,3518,835,3518
6a11b64b543a74672915ac5e78d79bda,64651df40e6053426bfc038208adcc45,1940,0,2800,3518,860,3518
35d1be9d08f71555ac78e6de82590374,ef16ef8acec8c6efa989432f95c518a9,1363,0,2012,2812,649,2812
11541591fbe5a89c466c58de5384aff4,f82c345c46454e24e27c7405225ee0d3,1959,0,2800,2912,841,2912
35d1be9d08f71555ac78e6de82590374,ae85e18a1d262df25f6a54477d7f63a6,0,0,594,2812,594,2812
a0d579001b64498c8a573b2fcfd44227,c8b971e850d16562477e4bb687e1b8c6,1931,0,2800,3451,869,3451
a0d579001b64498c8a573b2fcfd44227,86a6730c0b320df4ace0f55581b47c74,2024,472,2800,3137,776,2665
8d99bdde7575a77d0e5f510931d5b6fd,44f967e871127ffbb6b5e630361f6d42,1960,0,2800,3518,840,3518
a0d579001b64498c8a573b2fcfd44227,144fe5594ba1c8d59708e8ca3b2e26bf,0,652,796,3518,796,2866
fa2cec66b1c9d6bdad204283ea4f29ad,c38b0bafd3ff136c599d0e300794f83b,1873,0,2800,3518,927,3518
6a11b64b543a74672915ac5e78d79bda,29fa27705317bd108ed3b927fdc4e3a0,0,0,793,3518,793,3518
536d05fcc3b58b2f2e8c08f424858569,2f236a585a27967ba5f0cbf86e720996,1883,366,2800,2406,917,2040
a0d579001b64498c8a573b2fcfd44227,7e1f9df1a2580e5b1aff75f0bacbbfc1,0,0,912,3518,912,3518
35d1be9d08f71555ac78e6de82590374,3e284421080a6851d5054ce1b3027d09,0,514,628,2165,628,1651
536d05fcc3b58b2f2e8c08f424858569,92ddb48cacaeef67237675d7241cd8c0,0,0,929,2358,929,2358
35d1be9d08f71555ac78e6de82590374,a3460d81ca74995b88176f7a76cc2c38,1430,528,2012,2068,582,1540
536d05fcc3b58b2f2e8c08f424858569,f9d902a66898d47f5ed661a15df21946,1804,0,2800,2359,996,2359
536d05fcc3b58b2f2e8c08f424858569,d13b8d48dcb9ea4ae6a4d74da8f1bf7d,0,677,790,2620,790,1943
473585da1553aa807212086105bd8d7a,d03c8ba3b958bed8a9a3a55ef998c606,0,915,907,3518,907,2603
473585da1553aa807212086105bd8d7a,e61039db07f6cd57346bb0eeabe88954,0,0,1022,2697,1022,2697
473585da1553aa807212086105bd8d7a,d278d7a9a46f6515629c5397c741c961,1884,395,2800,2399,916,2004
473585da1553aa807212086105bd8d7a,ccb9c51ed6150bfd1a1a46ceed98a3ca,1865,0,2800,2681,935,2681
dd2d436eb89bb44c145df7f82e3b49fd,4fb8ef64bf2a76ada26cb47ea2a00223,0,0,1056,2585,1056,2585
dd2d436eb89bb44c145df7f82e3b49fd,858878aa4f6c8cec5823891e1e9d3a2b,1827,450,2800,2544,973,2094
dd2d436eb89bb44c145df7f82e3b49fd,4836259c2e1cecdfcf784d2781b0b314,1736,0,2800,2602,1064,2602
dd2d436eb89bb44c145df7f82e3b49fd,958c5b52809564c95c73c7d765c4c055,0,559,1077,2645,1077,2086
941abd031945caafe2cd9215675b1e06,e0a885345564c0c8b57178db4cae6b7e,0,0,870,2378,870,2378
69a10a48ea1d53ddeb547a369219d798,1f9a9a32cdb0600ce2dfd7255dade3ac,0,489,844,2568,844,2079
941abd031945caafe2cd9215675b1e06,a5a83a8d8836fae5d61c7cc706c1689b,1901,0,2800,2392,899,2392
69a10a48ea1d53ddeb547a369219d798,9157e51bf159bc442cbcf95d3fcf972a,2118,329,2800,3406,682,3077
941abd031945caafe2cd9215675b1e06,8b9c34a09956139aaa875aef74dadf97,2025,409,2800,2278,775,1869
816c11f1efd7a1432b728301c079d91c,293610376e21675ae3575710c207e895,1909,518,2800,2690,891,2172
86384b6155fd989124c66db7c7389c51,b111d2fb7789e311221b4cf769cd4d79,0,54,1059,2812,1059,2758
86384b6155fd989124c66db7c7389c51,b86eff5a804426c83e6a2b97ce95a7f2,817,0,2012,2812,1195,2812
86384b6155fd989124c66db7c7389c51,2e3ff80018fed009c211593475eb3ac3,0,0,1039,2812,1039,2812
86384b6155fd989124c66db7c7389c51,58c1450f5c3d50cd4bdea7a47e57b1cb,840,0,2012,2271,1172,2271
816c11f1efd7a1432b728301c079d91c,689bd4c394273036f014b2229ffdc562,0,0,968,3518,968,3518
cadd3168ee8e1ec6daaf45abd45fd7dc,404c5fa5f84c5bf1583da43637b959bd,0,0,874,2833,874,2833
69a10a48ea1d53ddeb547a369219d798,5079c912d7d5afa0171635ed244ac288,0,0,901,2964,901,2964
3fdfa7f4f16805da6ca78569297faeb3,6632323b491c4c8cb34c5d3bb7f1e8ac,0,196,573,2381,573,2185
3fdfa7f4f16805da6ca78569297faeb3,69e1b50892c490a5909a3e87bfbf354c,2062,0,2800,3518,738,3518
816c11f1efd7a1432b728301c079d91c,b4194a4c418db359a35ce8bd2b34e744,0,857,898,2887,898,2030
1c6a0c77fb83e104a2969ccadc692e0d,0aa8320c546a050a6cf6ecb703b899ff,1840,553,2800,2715,960,2162
cadd3168ee8e1ec6daaf45abd45fd7dc,01937fac58ef0240f3797a5b63903857,1833,0,2800,2705,967,2705
cadd3168ee8e1ec6daaf45abd45fd7dc,568513cbcd90593398a36bd00e08091c,0,360,992,3382,992,3022
3fdfa7f4f16805da6ca78569297faeb3,59d360550ed580d0ea251097fca420ca,0,0,718,3287,718,3287
816c11f1efd7a1432b728301c079d91c,85c510fdc47649ba3845e2004dfc368f,1829,0,2800,3518,971,3518
3fdfa7f4f16805da6ca78569297faeb3,581444838025f4371d233eae1d0b556f,2117,469,2800,2502,683,2033
941abd031945caafe2cd9215675b1e06,0048c48d3a3cb19da00ffed4457ab8b5,0,494,690,2448,690,1954
69a10a48ea1d53ddeb547a369219d798,68072dafa7ba4e029ce0fa30454a17f4,1900,0,2800,3052,900,3052
cadd3168ee8e1ec6daaf45abd45fd7dc,2b10c9a964305ebff3d38e4d716bae88,1841,758,2800,3518,959,2760
e8fb6949e4ca04be268a7d879f4fa8b1,f4ec313948c9673e2122d9b7cbdb4af1,0,565,859,2569,859,2004
1c6a0c77fb83e104a2969ccadc692e0d,bfe5e228a209f93205336213858a3fee,1632,0,2800,3518,1168,3518
e8fb6949e4ca04be268a7d879f4fa8b1,d3ab31f1c002ddf13a81cb216354efb1,0,0,1009,2758,1009,2758
1c6a0c77fb83e104a2969ccadc692e0d,c61143fca381dc145fa85725bea4a698,0,0,1160,3156,1160,3156
e8fb6949e4ca04be268a7d879f4fa8b1,642a9b4a2439c7c7d0b82d6349593352,1738,728,2800,2884,1062,2156
1c6a0c77fb83e104a2969ccadc692e0d,bc063105df9d50280449b110c2a15fef,0,743,1124,2868,1124,2125
e8fb6949e4ca04be268a7d879f4fa8b1,93f136cf279b4fb304657cc2203b5562,1753,0,2800,3518,1047,3518
d3f332b2aec35964d9812add5cc9dc1b,74e76bb22f5496b5e00b0ea4dadf3bfe,1445,0,2800,2724,1355,2724
d3f332b2aec35964d9812add5cc9dc1b,32c07bac25ece66b9acc39f663646fcb,0,508,1115,2755,1115,2247
d3f332b2aec35964d9812add5cc9dc1b,d0e36cdedf67dfe03c673cb580796d56,1440,0,2800,2696,1360,2696
65bdfe6d6fef31c804aa2c495d1a62d1,91e4c2e6e889e7cf555879d28ed99956,0,153,1017,2355,1017,2202
d3f332b2aec35964d9812add5cc9dc1b,7c6e57338ac155926153dc2a1105c459,0,0,1319,2588,1319,2588
65bdfe6d6fef31c804aa2c495d1a62d1,e03a859a0c944a9c7c3b816fc401e4e0,0,0,947,2675,947,2675
9b894f023fc7d0de382f3bed383983f0,988ccc99f679d639da61c0d2603966a1,1993,558,2800,2666,807,2108
9b894f023fc7d0de382f3bed383983f0,caaea8270feed9e68f0e972073b78fbe,1934,0,2800,3518,866,3518
9b894f023fc7d0de382f3bed383983f0,b1e5ac4b750a1dff158fed723439d2d1,0,488,916,2635,916,2147
65bdfe6d6fef31c804aa2c495d1a62d1,ab7cdce59ff9ec4157059608aa9daa7e,1667,0,2800,3518,1133,3518
9608dfd0f62bf5ce53bf1843b020b6d4,b8573e11052b00f666c480880b0e2789,1744,0,2800,2251,1056,2251
65bdfe6d6fef31c804aa2c495d1a62d1,668d28c2d7a0b9e15a82cd028563b306,1633,234,2800,2456,1167,2222
cc529421ea90b754791cb0a17b5d5950,bcc458bebb778b41340e84dc746cf869,1763,0,2800,3518,1037,3518
9608dfd0f62bf5ce53bf1843b020b6d4,1f7c9375165f34d4171d6de18c1dc593,1643,196,2800,2285,1157,2089
e7b4735db29f6185d7ca846e39dd0f25,b060b8505d05d3c732ac021624e07572,1727,597,2800,2977,1073,2380
cc529421ea90b754791cb0a17b5d5950,0fdce081d72ba8455337d41ca7ab3073,0,167,1041,3518,1041,3351
9b894f023fc7d0de382f3bed383983f0,90c3fa75a06c96028ab089a79ea17726,0,0,898,3518,898,3518
cc529421ea90b754791cb0a17b5d5950,2789afa422bb7067918a3ac4a0f00476,1808,242,2800,3518,992,3276
cc529421ea90b754791cb0a17b5d5950,4faa502262cb0142a0e6406c4438be3a,0,0,1141,2705,1141,2705
9608dfd0f62bf5ce53bf1843b020b6d4,d4211c9aa05f4912f00c135291b3634d,0,0,1044,2384,1044,2384
e7b4735db29f6185d7ca846e39dd0f25,6ab2f8643bffd0c603fdb15f66f9ff3c,1563,0,2800,2638,1237,2638
e7b4735db29f6185d7ca846e39dd0f25,4f5ff88f13768559f3b4cbb46f09f86e,0,714,1063,3048,1063,2334
5a9597572e50bd03e42d7990fcc0b773,fb01dbee42715374d9f2310b1cde4648,1696,297,2800,2309,1104,2012
5a9597572e50bd03e42d7990fcc0b773,5978c1a71e24fe88d5491eca9f763837,0,0,1023,2894,1023,2894
fd38c6588209c3a0a5f99b3897cd871a,ca3e60ee287bd7011481893da6ab97e3,0,0,876,2861,876,2861
2c743b1cad5f7be4d663d2fae20e1e6c,1bfa1f01315aabb27318cc79356d055e,2065,739,2800,2944,735,2205
e7b4735db29f6185d7ca846e39dd0f25,44ae7028c1d915ba1e6a3b4d247adbe9,0,0,1066,2725,1066,2725
6e960fad8f8df6c1d8fd3b649c407f65,3c9f2a9d13b29c7401e1395f71bffad6,2114,373,2800,2240,686,1867
fd38c6588209c3a0a5f99b3897cd871a,ce44818cce8da088379d16c5d28613e6,1917,733,2800,3518,883,2785
2c743b1cad5f7be4d663d2fae20e1e6c,e6dc131d67b1a65fbd85732d33c79154,0,247,757,2481,757,2234
5a9597572e50bd03e42d7990fcc0b773,2c0fd3fcd7ab69ff221a4c8e3ce06cb9,0,673,1058,2645,1058,1972
fd38c6588209c3a0a5f99b3897cd871a,8ed1dc622d15ed9e9dfe5b6498bfbaa4,1862,0,2800,2687,938,2687
9608dfd0f62bf5ce53bf1843b020b6d4,b3314a4376544671be4d6247e4eab34f,0,537,1145,2593,1145,2056
600ac97481ed6d57cc44e2678c98e998,47dfa35e8641e30e244f0bdb9e6466d6,0,246,796,2602,796,2356
2c743b1cad5f7be4d663d2fae20e1e6c,4289adf5cef5cabddd609d3274602794,0,0,822,3518,822,3518
6e960fad8f8df6c1d8fd3b649c407f65,7e3e06ba7dae722b81666580dd66c85f,0,0,824,3320,824,3320
c7a203339f22c4218eecddc67a826080,b2b5ae0780b5f02e4cdff32b37a89972,0,0,1202,2977,1202,2977
c7a203339f22c4218eecddc67a826080,1f29a7628cec4cbaaa237a3a393db3d7,0,386,1079,2737,1079,2351
fd38c6588209c3a0a5f99b3897cd871a,04d12f9208108eeabe17add34676e230,0,578,931,2711,931,2133
5a9597572e50bd03e42d7990fcc0b773,39f0cfe23387b64b7df5ce1f50368771,1759,0,2800,2998,1041,2998
2c743b1cad5f7be4d663d2fae20e1e6c,0900930622d78344e283e5295f4b2132,1878,0,2800,3518,922,3518
3778b63897b59c317851be960b669c9f,b0ac8980f0d32e5f5251bdba7e82f0a7,1175,231,2012,2240,837,2009
3778b63897b59c317851be960b669c9f,c3db042956b15d6fbca074cb80bb8f01,0,408,830,2352,830,1944
c7a203339f22c4218eecddc67a826080,5c30053c0759ec4eb3fbe086e1e90b54,1672,248,2800,2649,1128,2401
ac10e0d3c8df2c012239574d32d76fff,1f6501c2edeb155619edd26458fe34a3,1024,31,2012,2669,988,2638
ac10e0d3c8df2c012239574d32d76fff,0ac2115423f34780d7fe6c3f3b30bc82,0,0,1014,2812,1014,2812
6e960fad8f8df6c1d8fd3b649c407f65,2fd2bd30a487937e04c89d36e82f5105,2091,0,2800,2665,709,2665
600ac97481ed6d57cc44e2678c98e998,15bc2e7d27f6c13dfbc4bf4b5c9042b5,0,0,719,3518,719,3518
b125df23b5bf81a56b47c55131f2acaa,75d92712ea73ec735f6267c488966383,1621,169,2800,3518,1179,3349
ac10e0d3c8df2c012239574d32d76fff,0e19bc05e8e11d5e36f22848d4068a39,0,0,1053,2413,1053,2413
6e960fad8f8df6c1d8fd3b649c407f65,e2e7ac256ae79718957cebc544bdba80,0,589,765,2563,765,1974
c7a203339f22c4218eecddc67a826080,2a8c7561c60d21fa4566eaea4087c1d8,1583,0,2800,2951,1217,2951
b125df23b5bf81a56b47c55131f2acaa,2d3956ee0ab0750461d6fbf88470ab22,0,589,1196,3518,1196,2929
3778b63897b59c317851be960b669c9f,485a5581b056837053e8e603d9d0ee25,0,0,730,2812,730,2812
b125df23b5bf81a56b47c55131f2acaa,b80140cf792ce92cf0007c8d9ce45a5b,1554,0,2800,2687,1246,2687
ac10e0d3c8df2c012239574d32d76fff,e36baf5234d060e7a146fa44ccb0768d,1116,0,2012,2812,896,2812
600ac97481ed6d57cc44e2678c98e998,54724c933a2b61ba59e39e529fcb8b42,2026,0,2800,3518,774,3518
600ac97481ed6d57cc44e2678c98e998,947284260d50a26550f7e2a973864b74,2042,225,2800,2529,758,2304
3778b63897b59c317851be960b669c9f,338fb63eff2091eb289c7533aa18aed2,1159,0,2012,2812,853,2812
a376e32bf03cfcf9665e812a5424de58,ad7229d03572f016a783776b059e6c2f,875,27,2012,2369,1137,2342
80fc69586d1ee10c73603b43c3e09611,26f5bd38dac5a6aa908bca3560c7bd07,0,0,957,2812,957,2812
80fc69586d1ee10c73603b43c3e09611,8ad4b59cf14b82be303072f965035f7d,1099,0,2012,2285,913,2285
80fc69586d1ee10c73603b43c3e09611,6d47c5eec4da951803469635f50d0a5f,0,0,967,2812,967,2812
a376e32bf03cfcf9665e812a5424de58,ccd70262810630a608077b1b115c75a2,0,0,1193,2812,1193,2812
80fc69586d1ee10c73603b43c3e09611,37825cc3615cdd0e92657e2fc40e580d,1115,0,2012,2479,897,2479
a376e32bf03cfcf9665e812a5424de58,9aa317b58e5bebf3e84f694f26f23cc5,867,0,2012,2812,1145,2812
2793ad9543274aff9a73297a4f1cb241,83f9450d53dbeca8c096d53b6b104204,0,796,688,3580,688,2784
a376e32bf03cfcf9665e812a5424de58,4c6bfc439b725d6f31d7787df9867272,0,136,1105,2499,1105,2363
93b2edbe1a3302f122be0e3d985f8875,6ec674c697faa66df119f03bf9b89cf0,1943,513,2800,2658,857,2145
2793ad9543274aff9a73297a4f1cb241,b36e4539f4c4f4458282e8cfb8cf9db7,1997,0,2702,2602,705,2602
ee8f4bc15a43f69b8926148c5b754d02,147949f2e731305523d861f57a1a8b10,1950,0,2800,2883,850,2883
2793ad9543274aff9a73297a4f1cb241,27a291e9a62f6b0bb88923227690bdec,1874,390,2654,2388,780,1998
93b2edbe1a3302f122be0e3d985f8875,85f3d816cbc001fd851880c1cf369a8c,0,0,740,3518,740,3518
ee8f4bc15a43f69b8926148c5b754d02,380d09606d84e546675b4a1f5d43fea1,1947,409,2800,2466,853,2057
ee8f4bc15a43f69b8926148c5b754d02,999fe4f7e84735d9e509e16a118e2f52,0,1027,870,3133,870,2106
2793ad9543274aff9a73297a4f1cb241,7d21564cc831c0a033bc79bb4b5d7cc1,0,0,732,2776,732,2776
ee8f4bc15a43f69b8926148c5b754d02,1e322c14db1a2e4cb7e20b2c499d9d87,0,0,916,3109,916,3109
b125df23b5bf81a56b47c55131f2acaa,a8be089a5d07aca6ceb741f14144e715,0,0,1286,2812,1286,2812
93b2edbe1a3302f122be0e3d985f8875,a1042b0876c24f5b7b66f4de6280d929,2069,0,2800,3518,731,3518
5c9d7863e0c50cdb8e8f7bf5cf1c91b3,ab0de40184c96d0b727b8657ce1b7f15,2065,0,2800,2411,735,2411
93b2edbe1a3302f122be0e3d985f8875,8aea3face7ba17d12e80e9aee795f1f7,0,212,837,2516,837,2304
5c9d7863e0c50cdb8e8f7bf5cf1c91b3,11d1c20d269f487d47fa5fc80c6f7722,0,0,766,2324,766,2324
5c9d7863e0c50cdb8e8f7bf5cf1c91b3,ba506a3838d401c17eae94d66a2bd3b0,2044,681,2800,2487,756,1806
5c9d7863e0c50cdb8e8f7bf5cf1c91b3,453d94c08533802fc19d3ea67347e01a,0,249,807,2681,807,2432
22620e0e8aa2c67c600191e859561581,f25f927c056845b879a68d093d94a6ff,1974,299,2800,3518,826,3219
20a0367e9d07c9d5b8cd11f51c4d4784,24cf819a213e27b96b3aa5e7f44a779a,0,564,840,2936,840,2372
22620e0e8aa2c67c600191e859561581,e22e24c243bde531bd5ed18e90702768,0,654,816,2875,816,2221
20a0367e9d07c9d5b8cd11f51c4d4784,99f5d42f781a68bf912189a86e6503d9,1996,597,2800,3518,804,2921
22620e0e8aa2c67c600191e859561581,814f5688d0f5e1da6f712e1659d60fa3,1937,0,2800,2771,863,2771
22620e0e8aa2c67c600191e859561581,27fdb282ea9e69942db9b9917472932d,0,0,869,2739,869,2739
20a0367e9d07c9d5b8cd11f51c4d4784,005918369ec07b1aed37d1dd78bc57fe,1915,0,2800,3518,885,3518
309f51d346d56ca9fb58e37c4381d8b4,1cd68148702b84880a4167d85865da54,0,0,2012,2812,2012,2812
187f1dcba9aa1f294fe6ec23d002c3a6,68c9a7ef1401e0c902bc2cb4136536e0,0,362,1044,2812,1044,2450
4c89f544e892ef073d3c3417097f0b10,9a96690dd644d869e76c6e68cb48597d,0,959,787,2704,787,1745
187f1dcba9aa1f294fe6ec23d002c3a6,5ab15dd7b44e7073f92208a0430f5ba3,898,0,2012,2741,1114,2741
20a0367e9d07c9d5b8cd11f51c4d4784,508008cb0a682f16d05cb870fa69f5e5,0,0,879,3518,879,3518
4c89f544e892ef073d3c3417097f0b10,69c7f216520daff62c1791f5e46a4574,0,0,1907,2901,1907,2901
187f1dcba9aa1f294fe6ec23d002c3a6,b22e1b202d23e22a10dd9a0f7105a91e,907,0,2012,2514,1105,2514
309f51d346d56ca9fb58e37c4381d8b4,9e945533b82cb26589b64060b0eb64a5,52,0,2012,2812,1960,2812
187f1dcba9aa1f294fe6ec23d002c3a6,d1b0e055ce45d48fb3b0f9710beac6ac,0,0,1908,2812,1908,2812
309f51d346d56ca9fb58e37c4381d8b4,67de94e6875b8903f35788fda7a95c61,0,0,2012,2812,2012,2812
4c89f544e892ef073d3c3417097f0b10,68cff0f41fcf41c7f37dd4c987ab18bf,1928,0,2800,2681,872,2681
197b92e6efb5946be1711d6eb4118bc0,5211f4d663f8d98b0931d5f84f57a10a,2001,0,2800,3518,799,3518
197b92e6efb5946be1711d6eb4118bc0,6cb677630e66411c3f45af97bc450c1a,0,0,868,3361,868,3361
a7e4f84c22dcb1078fa193c4d12e611c,8e1dbbb9a765bd070ad85a9ea0bfa170,0,752,919,2764,919,2012
90a5aeb7157479dfd7bba3d9bdc37c71,5809e671a474473b7b4d740989c036ac,0,946,991,2779,991,1833
197b92e6efb5946be1711d6eb4118bc0,82f7b15978d5382cc9759b0f24718365,2084,557,2800,2595,716,2038
309f51d346d56ca9fb58e37c4381d8b4,001cbcde0cc69b53331ab10afe4bf83d,0,0,1921,2812,1921,2812
90a5aeb7157479dfd7bba3d9bdc37c71,4f7276a9b1e48e89235cbaf74382f8a3,1897,438,2800,2249,903,1811
197b92e6efb5946be1711d6eb4118bc0,dcaf460700eb4bf3f8df4d9397fc47b6,0,583,814,2691,814,2108
4c89f544e892ef073d3c3417097f0b10,09e869ed9d4ea2d17ff455ca726dd075,1975,448,2800,2209,825,1761
a7e4f84c22dcb1078fa193c4d12e611c,15417a352d5ca63158fb44064457e8d4,1947,492,2800,2618,853,2126
90a5aeb7157479dfd7bba3d9bdc37c71,6950e3ff171f277a53fc70beb394ffb4,0,0,967,2430,967,2430
a7e4f84c22dcb1078fa193c4d12e611c,a1904c33b9b4b62a538463e39167bd80,1882,0,2800,2457,918,2457
a7e4f84c22dcb1078fa193c4d12e611c,43de56f7b3ed382b1b9a9d80231b8330,0,0,868,2564,868,2564
90a5aeb7157479dfd7bba3d9bdc37c71,311acabd64d732ff50bc38391ee34464,1814,0,2800,2520,986,2520
077cb33aac308b9533e6d4a5d701d44c,f70bd0244ad16f00db9002d040b12ae2,0,0,749,2603,749,2603
077cb33aac308b9533e6d4a5d701d44c,834c98eade83a03a7096e576917e846e,0,190,769,2046,769,1856
077cb33aac308b9533e6d4a5d701d44c,5e2d0592c1fc1de27b0b1122c3e65b99,1279,252,2012,2427,733,2175
077cb33aac308b9533e6d4a5d701d44c,b0c4aa116ad6850f365468b82d37239b,1351,0,2012,2730,661,2730
329fca43eb20fbd6d36ea4c29e211922,16fff07d0d0b10d701f949f7c9e5aefb,0,496,1440,3124,1440,2628
6dca26591a3b450854009cd7865fc68a,a9dcdb6f39b666b79a13a2dd77f24c68,1113,349,2012,2303,899,1954
6dca26591a3b450854009cd7865fc68a,0f8f4ad2ae339be25760a832d081c6a6,0,464,917,2468,917,2004
6dca26591a3b450854009cd7865fc68a,0cc2e11f290237b95cbbf73a0a46c8b6,1074,0,2012,2326,938,2326
4da678d132601638c3bdb850a6f39f4c,2210f062e225ac063a43d40997d6d11a,0,792,1156,2938,1156,2146
329fca43eb20fbd6d36ea4c29e211922,814b8cb198ff9095ed6609cc48c54dc2,1457,0,2800,2841,1343,2841
329fca43eb20fbd6d36ea4c29e211922,53aaaafb70e5a4f3cfe2161a3da2454e,1353,0,2800,3518,1447,3518
14711ecc37d1aee00acfe0ba075c6b16,d0cf835dc0613724ccf258ba3c713c43,1883,278,2800,3518,917,3240
4da678d132601638c3bdb850a6f39f4c,12efbc49aca31684c7924db9fb353cc5,1789,378,2800,2540,1011,2162
4da678d132601638c3bdb850a6f39f4c,c2e017fa239bbce8c583075e4faa8c07,1778,0,2800,2640,1022,2640
14711ecc37d1aee00acfe0ba075c6b16,ff602428d523bd65297c5f1d705cb70d,1757,0,2800,3518,1043,3518
14711ecc37d1aee00acfe0ba075c6b16,481cb76d4a298548034e217bc143c123,0,509,873,2688,873,2179
6dca26591a3b450854009cd7865fc68a,e597da53cfa843e800f7045eccdb65d3,0,0,962,2539,962,2539
14711ecc37d1aee00acfe0ba075c6b16,929f739bb71d53e8a07fc151220e849d,0,0,947,3443,947,3443
e31881a45598a8d9a2f14f4ac5e4266b,087224f3a46c26c776d05f527c49a097,1722,565,2800,2772,1078,2207
ae1db5e968193181972ea2fef4fa6855,7f8ecdd080527650152eb5b51b3cc1ac,1954,562,2800,2736,846,2174
7f0eb50793a773fb4bddaeff7e3c7c14,2461b5dd3a59b501aaea002ab61050f5,0,0,1210,3518,1210,3518
0daba910ad2a2c12589431198f4bfaa5,2b946b5d379f28105001139fd13cc4e8,0,353,859,2529,859,2176
e31881a45598a8d9a2f14f4ac5e4266b,ef5f6399d9fe814ed6e85ca7c994bcaf,0,0,1097,3518,1097,3518
7f0eb50793a773fb4bddaeff7e3c7c14,808eae6b2d573dccc7f0844fd22bc660,1668,0,2800,2929,1132,2929
e31881a45598a8d9a2f14f4ac5e4266b,6f1638062d3070a1a4f1db0fd628032a,0,636,1104,2887,1104,2251
ae1db5e968193181972ea2fef4fa6855,8bb84b78d9f8669bcf0f3f7709b57b3a,0,503,977,2822,977,2319
ae1db5e968193181972ea2fef4fa6855,b2e5560e572179a590d79caebf9c3824,1813,0,2800,3518,987,3518
4da678d132601638c3bdb850a6f39f4c,788e85791d63de5e1e15e7b27c9de86a,0,0,1158,2678,1158,2678
ae1db5e968193181972ea2fef4fa6855,b0c76f8821066f20562240a10eb1429a,0,0,1006,3518,1006,3518
e4c3b57bc18e8474140b62bc2eb6c0c7,bce1addbe037d058ce2bb263acbf77ac,0,0,789,2398,789,2398
e4c3b57bc18e8474140b62bc2eb6c0c7,ff747b3ffc16c3d5b415f74f1ed16e73,1189,0,2012,2365,823,2365
0daba910ad2a2c12589431198f4bfaa5,c1a6009ca329cca88f291d925175824e,1916,0,2800,2752,884,2752
e31881a45598a8d9a2f14f4ac5e4266b,6d933558f91c013bf2bb3eaa932bed23,1672,0,2800,3518,1128,3518
e4c3b57bc18e8474140b62bc2eb6c0c7,948b2894faaf19e3ea2b7fbbe3e6f901,1016,0,2012,2812,996,2812
e4c3b57bc18e8474140b62bc2eb6c0c7,6caa0cd509e3656be7e3c0c0cb3b7104,0,0,931,2812,931,2812
329fca43eb20fbd6d36ea4c29e211922,364ecf191d9744be4e4a0c3c74e0287a,0,0,1461,2879,1461,2879
0daba910ad2a2c12589431198f4bfaa5,1eeaad2b3db71e7108940989b197150a,1922,514,2800,2731,878,2217
0daba910ad2a2c12589431198f4bfaa5,e0f8a68d46c0682f0c01fa792c9ba4d0,0,0,927,3518,927,3518
6c01a072109f60c9afc759670b8826c7,224bb6e47b2d36cfda0f7d5f5eb3b566,1568,503,2800,3518,1232,3015
6c01a072109f60c9afc759670b8826c7,9ade0faab6a20fe240831c56c6e7fae7,0,500,1226,2812,1226,2312
7f0eb50793a773fb4bddaeff7e3c7c14,7daba2912d9ca286959a373084485f03,1587,353,2800,3518,1213,3165
6c01a072109f60c9afc759670b8826c7,9c4495b165bb6541513f106e0247557e,0,0,1235,3518,1235,3518
20bc557381af1a1b16784c28c47131ed,8313a1918c5ab864ff7e1d75b7c4eb4c,941,0,2012,2452,1071,2452
20bc557381af1a1b16784c28c47131ed,097ab6881bac8fb4e76416e1304e12fc,988,0,2012,2812,1024,2812
20bc557381af1a1b16784c28c47131ed,d9d9832a67131b43f12886547361b020,0,0,1052,2373,1052,2373
20bc557381af1a1b16784c28c47131ed,558c883a6587ac3101a47615212348d3,0,0,1127,2812,1127,2812
2c325a7cd27131e1f0e1c74c68120a74,2e054a9763f16b323e7cb308a572f923,2043,501,2800,2476,757,1975
8390795ee7906968bf771c156dbd7f3c,a7f37199235375bc896dd4cc5544dba6,0,0,2012,2812,2012,2812
2c325a7cd27131e1f0e1c74c68120a74,0d18a969ae1cb0240ca2238167a46ad0,0,592,771,2633,771,2041
2f395cbc581f4e2e20881eeedd11e981,ef910933fe1fb7ca524623aaf1f0abca,2137,574,2800,2483,663,1909
2c325a7cd27131e1f0e1c74c68120a74,f2bcd3868ca8397bdf3b94de51969acb,0,0,825,2654,825,2654
2f395cbc581f4e2e20881eeedd11e981,8205f04ff13301ada52c7977e67a16cc,0,0,825,3099,825,3099
2f395cbc581f4e2e20881eeedd11e981,5199f99e778d59183a99a15cd5f854fb,1937,0,2800,3188,863,3188
7f0eb50793a773fb4bddaeff7e3c7c14,383e8236ac73f98e0f85bc4ac148ee98,0,232,1303,3518,1303,3286
2f395cbc581f4e2e20881eeedd11e981,d2bb5b383421d67f22650306d7611189,0,329,883,2823,883,2494
8390795ee7906968bf771c156dbd7f3c,ea19a723d39ae45c3d064dded0bac5ed,0,0,2012,2812,2012,2812
8390795ee7906968bf771c156dbd7f3c,7487ead94926f73fc882704a1446366c,0,0,2012,2812,2012,2812
8390795ee7906968bf771c156dbd7f3c,2fcb5759a3208766a06b324e2ecc3dfa,58,0,2012,2812,1954,2812
6c01a072109f60c9afc759670b8826c7,32db1c27aa6a688332bde4c2651f7646,1601,0,2800,3421,1199,3421
4ea7407f78453c66816e3672f2751575,2b1b9d5d51c9a5e001e529c8c64808a5,2034,669,2800,3518,766,2849
9b03167d2eb6719b3407401cd3976939,0617228cda6b7bf0676bbf8e79ee1808,1065,0,2012,2812,947,2812
9b03167d2eb6719b3407401cd3976939,cce0c2bcb6e39eedbd5d7a8c71788ec7,1113,0,2012,2812,899,2812
9b03167d2eb6719b3407401cd3976939,d4cd2c96d1dfaa5ab924c749f86ab260,0,91,818,2812,818,2721
9b03167d2eb6719b3407401cd3976939,3d4b6e366347f06c6164f7c6244df565,0,0,828,2726,828,2726
645f4363a32b6f7a7564bcbd3a601a57,f111a18f9ad2a94f64096b24e62bd8c8,0,0,769,3197,769,3197
4ea7407f78453c66816e3672f2751575,d5c11312ad183f5475afb96763e4ed3b,0,714,805,3518,805,2804
645f4363a32b6f7a7564bcbd3a601a57,6def26e40cc6f94c7fe7341dae801d0c,2026,626,2800,2565,774,1939
4ea7407f78453c66816e3672f2751575,4040fcb1f16fdf69437186feec7972e9,1954,0,2800,3518,846,3518
645f4363a32b6f7a7564bcbd3a601a57,c046789c7350a583e62c48d87c6d9ba5,0,761,768,2803,768,2042
2c325a7cd27131e1f0e1c74c68120a74,4bc06c7cbcef1a5c28eeb7627a27ee38,1951,0,2800,3071,849,3071
4ea7407f78453c66816e3672f2751575,f79e584acf8bad3573205dddac6e4a3a,0,0,887,3518,887,3518
645f4363a32b6f7a7564bcbd3a601a57,ef5d874aba957204885bd3806ac3a38f,2058,0,2800,3396,742,3396
9d765b46c63f61d88e900aa213bea422,6291210f1a2460b163d6e893887ebb81,1759,542,2800,3222,1041,2680
10200894bf6f74b2ae92a0cecd37c60c,af0f6ad067fdf3e94c630ad4f5e5151f,0,0,802,3163,802,3163
9d765b46c63f61d88e900aa213bea422,0f1d68cd23bb6ed07ff8d598bd92f9cf,1746,0,2800,3518,1054,3518
10200894bf6f74b2ae92a0cecd37c60c,8992f69db04084cbb4b3b31f6735e4eb,0,453,721,2673,721,2220
10200894bf6f74b2ae92a0cecd37c60c,29896919b15b2dd978a36b2f68a5ad93,1975,0,2800,3250,825,3250
9d765b46c63f61d88e900aa213bea422,8c6ff8134b99e88d99b9137393b253fd,0,404,975,2823,975,2419
15128e5627fc0ce10eae6e0ada06ed81,5da058aa306ca38edb71fc92ff4722af,0,343,774,3518,774,3175
10200894bf6f74b2ae92a0cecd37c60c,581b0e4d471a5c0adc6888cb038fa722,2128,663,2800,2673,672,2010
9d765b46c63f61d88e900aa213bea422,3f0464489bfd590aea4d5c21fb0bee0b,0,0,973,2781,973,2781
15128e5627fc0ce10eae6e0ada06ed81,2190fa364c5e5de318b197f13a8bc602,0,0,982,2949,982,2949
bc80e7f352f972ff99da659f8731cba9,8624418191ed6efb87e8f18833645242,0,626,1085,3308,1085,2682
bc80e7f352f972ff99da659f8731cba9,6696bb6b52306d9ef183ddd4dc3612b5,1599,271,2800,2671,1201,2400
15128e5627fc0ce10eae6e0ada06ed81,cd0f3cf5184277da42890a47a6153745,1869,0,2800,3174,931,3174
bc80e7f352f972ff99da659f8731cba9,7b79dd48de261c1debe9aeed111c9a26,1571,0,2800,2813,1229,2813
b04ff65a35362922debfe6f1be16f648,bf253c84f73e88e42b5ec31c00fdb038,1838,479,2800,2438,962,1959
b04ff65a35362922debfe6f1be16f648,85bb3fc376dfadbace9a2915445b28d9,0,428,958,2549,958,2121
7084256ffd681a31ff9288150210891c,c523441a80521924592cd5e9489de9ad,1950,811,2800,2885,850,2074
2e8c6a63b34edd2b96437e70f9a11227,0124ae37e00275ccd76dd95565ded85a,0,537,986,2777,986,2240
15128e5627fc0ce10eae6e0ada06ed81,d5afc252d28f690b41999641e8ac8a41,2049,363,2800,3518,751,3155
7084256ffd681a31ff9288150210891c,4f1085b1da7126ff9c7a4eedb14f241f,1894,0,2800,3079,906,3079
2e8c6a63b34edd2b96437e70f9a11227,7a61e368a365d2f68a3973215b55e62e,1904,345,2800,2643,896,2298
7084256ffd681a31ff9288150210891c,7d0aecfd83c98df162ab46f0c3aca76b,0,706,752,2845,752,2139
b04ff65a35362922debfe6f1be16f648,6a80a5aedd83125d38c92662f223dfe6,0,0,978,3062,978,3062
fd8ff527ce4a49b78d3755dda972db85,76d9bd54139f22a9fbb1f3522d429483,0,0,791,3518,791,3518
b04ff65a35362922debfe6f1be16f648,cf4ccad70c134322c022b626d749adc9,1791,0,2800,2624,1009,2624
7084256ffd681a31ff9288150210891c,8ae780918d69d321ef9842fe533f9280,0,0,817,2764,817,2764
d2a330658a956d255f4e9bee5be010f1,243b936052b4f1a583134899adfd20ac,1786,416,2800,2736,1014,2320
d2a330658a956d255f4e9bee5be010f1,ee46063a7368609df49e8906d9f57db4,0,474,1120,2747,1120,2273
022aeb154d895d7575349313ad161b7a,d51d930e324e24212b1600f63ecb3aff,0,679,950,3518,950,2839
022aeb154d895d7575349313ad161b7a,f56d404d3dab0679f9b88430c4d7fd1e,1665,0,2800,2474,1135,2474
d2a330658a956d255f4e9bee5be010f1,9825a59023dcdaed14844f0df43d9c84,0,0,1113,3113,1113,3113
2676b388bac007a288cca0518cf77465,d791a6de75b11c3736cdda80b252f9be,2102,850,2800,2968,698,2118
2676b388bac007a288cca0518cf77465,69d79c2c0b56b3b3661edf4d7bfd60bd,0,818,638,2835,638,2017
022aeb154d895d7575349313ad161b7a,7cf4b45fc93b802b1ab2cebf6b77a41f,1730,189,2800,3518,1070,3329
fd8ff527ce4a49b78d3755dda972db85,cbe4e613d508adf7bec6ede01d8315bc,2149,637,2800,3518,651,2881
d2a330658a956d255f4e9bee5be010f1,ce33f9480ee6f0a6f1e4375db431a365,1774,0,2800,3518,1026,3518
2676b388bac007a288cca0518cf77465,1b26a908ba95c2e63e58f1a44d5a3490,0,0,843,2697,843,2697
2e8c6a63b34edd2b96437e70f9a11227,273215a671ae0bb612e6e9fb8ad2ee3b,0,0,898,2623,898,2623
bc80e7f352f972ff99da659f8731cba9,30f6b6486d75c21cbc6b3f075c8d2098,0,0,1143,2882,1143,2882
022aeb154d895d7575349313ad161b7a,c252aaa4d5055f20fafe9b088a24a3f9,0,0,1027,3398,1027,3398
fd8ff527ce4a49b78d3755dda972db85,e2d8cca1eb31699ff102563928cd4a1f,1953,0,2800,3518,847,3518
62c64716e18b1443e495995b897eb9ab,cc2dab0fbf4efea67e61569c1fb16e43,1374,207,2800,2867,1426,2660
fd8ff527ce4a49b78d3755dda972db85,80d1254a77561c075276598470313259,0,1003,672,3518,672,2515
62c64716e18b1443e495995b897eb9ab,8332f74aecd3acebe70a0f916c82305c,1300,0,2800,2988,1500,2988
2676b388bac007a288cca0518cf77465,a4b21eb8b1b246d2a2fb3afc3654b513,1960,0,2800,3518,840,3518
365bc88dcb6760d9d2250a0162064211,e317a6c9eff27fe80c661d928a499e13,0,732,788,2730,788,1998
62c64716e18b1443e495995b897eb9ab,d5ab2a69c8ebe507f927a8d4ab66af56,0,0,1423,3048,1423,3048
2e8c6a63b34edd2b96437e70f9a11227,8cfb09cba2e5bc3c076d8e6fadc6fea0,1896,0,2800,2619,904,2619
62c64716e18b1443e495995b897eb9ab,14fac43c5e8cdbd1393bb96435e988ae,0,256,1364,2852,1364,2596
365bc88dcb6760d9d2250a0162064211,840cccc37e9e1e55729407c20fa3b165,0,0,907,3317,907,3317
365bc88dcb6760d9d2250a0162064211,c5200be113997e1e5259d9cb84f8c159,1860,0,2800,3518,940,3518
365bc88dcb6760d9d2250a0162064211,62326662a89899279535490167ad60ed,1917,677,2800,3346,883,2669
f3c0848a2c67160b8aa61b5c423c7528,1507cf98ea325351b0104cb854a6ac83,0,518,718,3580,718,3062
3b9d3e9aa2fcdefd74d4cbfb496694b4,bf5c82919e814691498cdfc4cb446533,0,702,1098,2908,1098,2206
3b9d3e9aa2fcdefd74d4cbfb496694b4,46d9c0dced48fa61647ce80db623491e,1660,291,2812,3580,1152,3289
f3c0848a2c67160b8aa61b5c423c7528,d42c6aca1a6371d22407f73c67b07d65,0,0,729,3135,729,3135
3b9d3e9aa2fcdefd74d4cbfb496694b4,9fb23a9241ad22842e06030cec17172e,0,0,1293,3580,1293,3580
ca8c77e041e13ebb91c89a8e0962b291,8ef48bf9519d32eab512c84817d8bb34,2183,672,2800,2412,617,1740
f3c0848a2c67160b8aa61b5c423c7528,b782203ed69e33c6589b504c1bef50ee,1947,596,2638,3279,691,2683
f3c0848a2c67160b8aa61b5c423c7528,6d04b0e2eecf3dcfd92ba285c28b5a72,1933,0,2654,2474,721,2474
ca8c77e041e13ebb91c89a8e0962b291,f98c189ac8405b131f30e793d8cf7740,0,443,679,2466,679,2023
ca8c77e041e13ebb91c89a8e0962b291,59125c595f43034c9f6bb75b5ec6bf9f,2061,0,2800,2442,739,2442
4386d39173ded0d49986b2156619a959,b4d7e4b5608e6578ffe0d6721d409e8b,0,224,934,2329,934,2105
6ab73963aac216a299e863c487b90ee4,9827bc19c2c6d1eec7ca6770017e210a,0,151,1106,3518,1106,3367
ca8c77e041e13ebb91c89a8e0962b291,dbfcba035f98cbefadf04f24de9891d7,0,0,767,3518,767,3518
4386d39173ded0d49986b2156619a959,9ccd3988bcf9de8b7a023c89062421dc,1001,0,2012,2579,1011,2579
6ab73963aac216a299e863c487b90ee4,f9ba66340a02ccca4e9fcfbc4955ca04,1655,365,2800,3518,1145,3153
4386d39173ded0d49986b2156619a959,14f1b00e3f9c9641a322a6e7cf65e2bb,0,0,991,2497,991,2497
4386d39173ded0d49986b2156619a959,17533dbef6e2d3f9361ee8c4fa36bbaf,1046,177,2012,2319,966,2142
3b9d3e9aa2fcdefd74d4cbfb496694b4,6c571a3fb5a3abe21141333f65b5bf09,1460,0,2812,3580,1352,3580
6ab73963aac216a299e863c487b90ee4,928eb288673b88a395461ceb32803ddc,0,0,1222,3518,1222,3518
6ab73963aac216a299e863c487b90ee4,ee71976a1baae03f626d10ebe1d88b3b,1534,0,2800,3518,1266,3518
c8815ed4a883397c47e3d9d8395f1256,4d6b0740271bae8939679377ce95e44e,0,0,1007,2421,1007,2421
c8815ed4a883397c47e3d9d8395f1256,06cf2e4aacc55a88ffa3c3d73a998ca3,1896,0,2800,2591,904,2591
a0624bc43e394ba073fe24e39d43994f,1d224aa25e8b71fbe4740f8ea49c6f8b,1935,588,2800,3333,865,2745
a0624bc43e394ba073fe24e39d43994f,c58b8f0716efb3ea8c53fe0c4c147d90,1873,0,2800,3518,927,3518
c8815ed4a883397c47e3d9d8395f1256,57f9b6b388e70f1236159565403d058f,0,418,885,2534,885,2116
a0624bc43e394ba073fe24e39d43994f,aabbe76fc436690c34a2742cfaaa8e27,0,0,837,3518,837,3518
c8815ed4a883397c47e3d9d8395f1256,a080e3a134d8c363f11eaeb7a62226e8,1867,224,2800,2469,933,2245
a0624bc43e394ba073fe24e39d43994f,73dc9ee5345ed896f6ee770b1d4e9f78,0,560,809,2726,809,2166
5f7bf8df16c893f068c2bba748edbc0f,5b1bf542f3b6b98ff5b6d9f4436b115a,2146,419,2800,3518,654,3099
5f7bf8df16c893f068c2bba748edbc0f,1249c90b52fb0920b4eaa4cf97b33661,0,781,709,3518,709,2737
5f7bf8df16c893f068c2bba748edbc0f,7cc00c369afb8dc03f0c586f4d484311,1961,0,2800,2422,839,2422
5f7bf8df16c893f068c2bba748edbc0f,27dcf4afd51929fa72a20779f52c93f5,0,0,820,2217,820,2217
57dfe66580361685f784a9b21b4baeed,239cff3a61bf25e67291c3fea07891a4,0,608,619,2559,619,1951
57dfe66580361685f784a9b21b4baeed,112fa2b699112bc65026f8989e1d7d40,0,0,1029,2383,1029,2383
57dfe66580361685f784a9b21b4baeed,d26d02f935f09caaa49a36230801d318,1260,0,2800,3518,1540,3518
4f56a828cd66b9e255f154a6f84880d2,f4657a7175ad103ec67a45e1d0815fb7,1152,0,2012,2154,860,2154
306affae610569b39123d162761e1ed6,3ed54bb2333821aec4cd01eb6afbb668,1959,235,2800,2361,841,2126
57dfe66580361685f784a9b21b4baeed,e5e6f26168a3dad3888af768b993d8e4,2071,361,2800,2469,729,2108
306affae610569b39123d162761e1ed6,83d4b2f1c7280cfc3724fe5b1bdfda9e,0,295,830,2662,830,2367
430f18f329a4b8a72adb9b1349e36382,13dcce4e628d544820e41c43275b7806,0,0,1541,2812,1541,2812
430f18f329a4b8a72adb9b1349e36382,48d0e802edd6506cf5549db3f09b3c4a,0,0,1485,2812,1485,2812
430f18f329a4b8a72adb9b1349e36382,8e9cbb5809b24cfb94ab7ab7e064b4e8,300,0,2012,2812,1712,2812
4f56a828cd66b9e255f154a6f84880d2,f56d3bc1b7ab9bcc93ec1a99dee3a1c6,0,0,1287,2812,1287,2812
4f56a828cd66b9e255f154a6f84880d2,63fa3ccfcfd7759aa977bc12ccddd8ea,1179,0,2012,2812,833,2812
e3a2780ef3b4eeaf6eaafdd4cb7d3b3d,e80fa5f412fc7706bbe291864765fbd3,0,457,892,2751,892,2294
e3a2780ef3b4eeaf6eaafdd4cb7d3b3d,c3150e45c14dc7a3e7146bb4a7c0b9c0,1847,27,2800,2861,953,2834
306affae610569b39123d162761e1ed6,bb477f5af49e2f01c1476740256a099e,1938,0,2800,3518,862,3518
e3a2780ef3b4eeaf6eaafdd4cb7d3b3d,8df13c48a193fe589bf3fe3179f2cea1,1902,0,2800,2571,898,2571
430f18f329a4b8a72adb9b1349e36382,a851d5ae8235e546418eda03956f8e2f,424,0,2012,2812,1588,2812
306affae610569b39123d162761e1ed6,b9d190651e412b436df212ebbdd1f2c3,0,0,862,3518,862,3518
e3a2780ef3b4eeaf6eaafdd4cb7d3b3d,0a903e91b4f1f8c9636d7e18a5de2a96,0,0,947,2666,947,2666
9eeeab842aa691c38cc7f3cd9dac1eac,dbba9c023743b9719b31fa0ffb303414,2017,531,2800,2553,783,2022
cf31fda291232ed12f8c0f0b2ce1fbd9,7756a3ef99a845a63dcc77a9ba0ce68c,0,269,908,2715,908,2446
4f56a828cd66b9e255f154a6f84880d2,bc9318d44efc49120dd45113f7a5ecce,0,36,839,2662,839,2626
cf31fda291232ed12f8c0f0b2ce1fbd9,f5f07a92f7baa4da052ee9cf08369e63,2028,497,2800,2721,772,2224
9eeeab842aa691c38cc7f3cd9dac1eac,3d61103af3fc99ef5f04418a447849af,0,0,897,3518,897,3518
8f79b931779bed9264e7c347d1cc6879,4d82486e6acdee4367896f3db428b8a6,0,858,891,2882,891,2024
8f79b931779bed9264e7c347d1cc6879,33675e83aee96f7cdfb8c2a03ad523f0,1871,371,2800,2415,929,2044
9eeeab842aa691c38cc7f3cd9dac1eac,de75489eb87609b8aba7ae184206b4ec,2028,0,2800,3370,772,3370
8f79b931779bed9264e7c347d1cc6879,4deae2087f809ec694abab43ef18d055,1840,0,2800,2903,960,2903
9eeeab842aa691c38cc7f3cd9dac1eac,acdde57c7fdb3d63755a287daac8739b,0,586,915,2694,915,2108
cf31fda291232ed12f8c0f0b2ce1fbd9,2989937f66e72bec2dfa3a4936e9cd77,0,0,899,3518,899,3518
cf31fda291232ed12f8c0f0b2ce1fbd9,6dc1de654bdbee17a9432df4510a5357,1889,0,2800,2517,911,2517
8f79b931779bed9264e7c347d1cc6879,8d86cb5ceeeaa33308078f1c41018efc,0,0,949,3518,949,3518
c3adeb721cad874f962634447fb1d5eb,2afe0ac60ad5ccd799ccb2bbc7ae8a3a,2002,723,2800,2737,798,2014
c3adeb721cad874f962634447fb1d5eb,71b1b5a79ab3cad54b12f5e99ac313f8,0,525,798,2508,798,1983
e4d4a5c1a601eefd1f947424c21683ac,644de036868cc1c4f1c82807f10d69d8,0,0,848,3518,848,3518
d1ce1f2d4df46d0375307accf4cbc457,7c7312a6bb925b1293186d3a38cb0114,1277,228,2012,2455,735,2227
d1ce1f2d4df46d0375307accf4cbc457,5daf38a0f6bd098e8ec1da156489bb9c,0,284,805,2592,805,2308
e4d4a5c1a601eefd1f947424c21683ac,d81c485737b16004be6847a94e3348fa,0,541,783,2488,783,1947
4f0cf40c0bff5919286e16ca59686f4d,596a7f8bf2e64df0766de379086f84c9,1744,367,2812,2635,1068,2268
4f0cf40c0bff5919286e16ca59686f4d,c5360184797f17a6e98df3957410330f,0,0,1101,2454,1101,2454
e4d4a5c1a601eefd1f947424c21683ac,2df41dcdfe5409f0f25499d1ec86e5c8,2058,304,2800,2220,742,1916
4f0cf40c0bff5919286e16ca59686f4d,758800aab197eb56a28eed6849250800,1629,0,2812,3580,1183,3580
e4d4a5c1a601eefd1f947424c21683ac,314ab4057f6c7e0f5cb1a5c472361d83,1952,0,2800,3518,848,3518
c3adeb721cad874f962634447fb1d5eb,c1187e4870521fd979718b2fb70f6224,0,0,871,3401,871,3401
d1ce1f2d4df46d0375307accf4cbc457,7354bae42b9d6f902e9e87d71ac7da7e,0,0,848,2812,848,2812
4f0cf40c0bff5919286e16ca59686f4d,e9473e5e06a675d73d05936cc09ac9b0,0,0,950,3061,950,3061
d1ce1f2d4df46d0375307accf4cbc457,680e3a454e6337e2a7bd21d64005910e,1191,0,2012,2812,821,2812
5683854eafabc34f6d854000d2ac6c2d,7385e8cf7b29764525c81de4aa1aebe4,0,0,987,3518,987,3518
5683854eafabc34f6d854000d2ac6c2d,0e2b694b9c2a6a23d706ee005077446b,1896,0,2800,2900,904,2900
5683854eafabc34f6d854000d2ac6c2d,2f944efb1cb9579442df2d7fe6a579b7,0,319,886,3518,886,3199
c3adeb721cad874f962634447fb1d5eb,97ad759e8750162b9c2b7fa712ea98d8,2033,0,2800,3518,767,3518
5683854eafabc34f6d854000d2ac6c2d,b499fa8771cb1b9980c27da41710e413,1945,20,2800,2458,855,2438
21fddc967eb5a31695a60d4bb075df7a,ac546428a3bcaacc13ae92161932cc3d,1778,0,2800,3518,1022,3518
9cfb76bb4c75fb2cb7e3a8de11f5a50b,61a6f5461fd584281b36c8124b231cef,1859,0,2686,2627,827,2627
21fddc967eb5a31695a60d4bb075df7a,0b269443b8ac83a3a6de8422df002229,0,824,921,3026,921,2202
9cfb76bb4c75fb2cb7e3a8de11f5a50b,3077034beab3eb1f1107342b1cb8e8b2,0,740,767,2840,767,2100
21fddc967eb5a31695a60d4bb075df7a,37139b45ab2d61691e34c56657ad1f60,0,0,1067,2739,1067,2739
21fddc967eb5a31695a60d4bb075df7a,1a1d13244aaafa6a12988c4e1d3efe5b,1824,548,2800,2744,976,2196
9cfb76bb4c75fb2cb7e3a8de11f5a50b,9a9a7439bf6caa612aac085c09b022e0,0,0,893,2621,893,2621
38c28cfa153bb4a7a1ade330738df1b7,6cf20761dccfd17caa6ae4877b744db5,1222,0,2012,2229,790,2229
9cfb76bb4c75fb2cb7e3a8de11f5a50b,604d2b1be388dbb5fa1b2f2fc3e23c0b,1761,0,2718,2635,957,2635
3c82c686c9482c6c4c8a0940f815a3d3,c0661f096393ad9cafa8f3a6da9d09d1,2040,0,2800,2483,760,2483
3c82c686c9482c6c4c8a0940f815a3d3,b72971acec10b39f4582a1f908224dba,0,0,793,2893,793,2893
26f0992b4aa1e03c1e72b41117916ec3,a52c6ad7df27756d80bb2ca5f00a7335,0,0,787,3135,787,3135
38c28cfa153bb4a7a1ade330738df1b7,c5b143d89b6d2457096afe8244c75397,1133,0,2012,2812,879,2812
3c82c686c9482c6c4c8a0940f815a3d3,104bd2676dc8eec4debd4312b47a44d8,0,596,783,2665,783,2069
26f0992b4aa1e03c1e72b41117916ec3,5d551d9169ab89e314943ce2b14c8e96,1994,499,2800,3518,806,3019
38c28cfa153bb4a7a1ade330738df1b7,1aad99e6b52618664cddaf1467e1f017,0,0,852,2812,852,2812
26f0992b4aa1e03c1e72b41117916ec3,06e76791a18b89a828c2458340bee831,0,0,789,2677,789,2677
38c28cfa153bb4a7a1ade330738df1b7,3da30032186b38e2821da962f1c8ee23,0,0,956,2812,956,2812
3c82c686c9482c6c4c8a0940f815a3d3,7a91400be40d7c57bf173d2156693ac3,2009,555,2800,2721,791,2166
26f0992b4aa1e03c1e72b41117916ec3,8ec70ce94c051b8d4373be4e41edd774,1992,0,2800,3518,808,3518
adfbaaf2706a0cad1ec8a7729c80b96b,66ea970b73a652e2a5426508dd7171dc,0,426,695,2839,695,2413
123eca530575dfe820cfcda551346b43,71b32f03fcb1c11a107908faa919e971,0,0,1091,3518,1091,3518
adfbaaf2706a0cad1ec8a7729c80b96b,03da83bd0115e2f0701c05e9ed7c57e6,2038,406,2800,2619,762,2213
780d62b9ae647ecbf1946c4948f6bfd2,757c82a6a8d56f3f5d9308c967a0d6e2,1666,0,2800,3518,1134,3518
eda2dcc6c185ed23876e9a7e1d23eef0,726fe436c72772a6d59446292edd33e3,0,335,1346,3518,1346,3183
123eca530575dfe820cfcda551346b43,a6d3a16428c93b8d91c73ff9e505e581,1723,0,2800,3518,1077,3518
780d62b9ae647ecbf1946c4948f6bfd2,d39e94116372537498ca58b58e207530,0,253,1090,2685,1090,2432
123eca530575dfe820cfcda551346b43,9748a4438e18f89861aee421a7914829,0,446,1053,2715,1053,2269
123eca530575dfe820cfcda551346b43,07d384f949240cf93b1354d09ac03ab6,1802,604,2800,2942,998,2338
780d62b9ae647ecbf1946c4948f6bfd2,f7c6e201870e2befca6c80d18649c003,0,0,1032,3034,1032,3034
780d62b9ae647ecbf1946c4948f6bfd2,24f2397626a9dd77844c30af11d352f0,1662,707,2800,3518,1138,2811
adfbaaf2706a0cad1ec8a7729c80b96b,c52858bff08cf2e5075e7d083498cb82,0,0,829,3518,829,3518
eda2dcc6c185ed23876e9a7e1d23eef0,a01b3c740945f39fb71fdb0cd5fe4218,1645,550,2800,3518,1155,2968
eda2dcc6c185ed23876e9a7e1d23eef0,28ff5d6c06903753c1fc1e8354fdb0f1,0,0,1337,2897,1337,2897
adfbaaf2706a0cad1ec8a7729c80b96b,69edecf824f8de5df95d594fa4019c60,1939,0,2800,3518,861,3518
b56e6049a2b9441ab9b06b6b81b7170d,9be186960040039d2265c301a29f8113,0,562,1036,2698,1036,2136
baaa3be716640961a62abcf61bed245e,d455882a4263093abb2a99c3fba5b89a,1967,0,2800,3518,833,3518
5f24084d3d2cc86e167e2ed47aa221a7,1ecb7472b7bd6614d36f149f7ec0fdde,0,569,706,2655,706,2086
5f24084d3d2cc86e167e2ed47aa221a7,881361f065f6aacdf59db7d33c928908,2119,463,2800,3518,681,3055
1a5c56c6f83b913488686f7fca265194,c998dbc88867c671f65dd1ee31a9bed6,1246,495,2800,3518,1554,3023
b3e9822a6e7d21a184e352a49579363a,d1560819c51e9588949d9c1600ee3297,1934,503,2800,3481,866,2978
b3e9822a6e7d21a184e352a49579363a,6239b9517105953e2a962542bc5de6ae,0,451,846,2775,846,2324
baaa3be716640961a62abcf61bed245e,f300f9b9d35ed1d709d007531feefbf0,2185,807,2800,2834,615,2027
b3e9822a6e7d21a184e352a49579363a,7ab270931cd6f681ab9ff51cafa3c184,1910,0,2800,3104,890,3104
b56e6049a2b9441ab9b06b6b81b7170d,d0507762897bbdab0a027a0451b28476,0,0,1003,2751,1003,2751
c1a67d612601ae269edb70184a97d068,d3c7c387e42009026ce953bae6c782f3,758,92,2012,2812,1254,2720
e6bc5c9d21bbbc545123bfe69e05cb42,25f9636495b5d923eecb92577790405e,826,108,2012,2812,1186,2704
5f24084d3d2cc86e167e2ed47aa221a7,80b47e0c60c90c2ff56062540dbe14ea,2063,0,2800,3259,737,3259
e6bc5c9d21bbbc545123bfe69e05cb42,4b9075f60be93e53ae2d8c7865c8248d,821,0,2012,2520,1191,2520
5f24084d3d2cc86e167e2ed47aa221a7,e49e0fa8c9b5f92593753cfa06a563a5,0,0,764,3518,764,3518
baaa3be716640961a62abcf61bed245e,5b6b4d5a5de2fdde7c42e99ce0805b12,0,911,659,2933,659,2022
b56e6049a2b9441ab9b06b6b81b7170d,45c1034a284b45252406b2767083784d,1802,355,2800,2399,998,2044
c1a67d612601ae269edb70184a97d068,8981100ddb3bdac2e2c85668dfc9f2a4,691,0,2012,2812,1321,2812
c1a67d612601ae269edb70184a97d068,a9f5803ecc6b9feb443ebe28879f937b,0,0,1229,2741,1229,2741
c1a67d612601ae269edb70184a97d068,850a1774c556241bcf94b974dc77c746,0,268,1348,2812,1348,2544
6ae97fd130ffbfe49816f0b4355eed0d,c5176c3e515ededb866fbc62e98857aa,2188,798,2800,2610,612,1812
1a5c56c6f83b913488686f7fca265194,0a4004a005e1d213aed0691106d8772f,1103,0,2800,3518,1697,3518
5830d2f33c5dc8486a183dec15448951,101ee7bd06697bfc532b5ab7067485ef,0,965,1033,2759,1033,1794
5830d2f33c5dc8486a183dec15448951,122940ec54957daff2d4d01f20101833,1436,723,2579,2487,1143,1764
eda2dcc6c185ed23876e9a7e1d23eef0,a2ba78015800d0761392f82038d8fee8,1580,0,2800,2790,1220,2790
e6bc5c9d21bbbc545123bfe69e05cb42,cb3d0f739e3750da394533355c130101,0,0,1289,2683,1289,2683
6ae97fd130ffbfe49816f0b4355eed0d,a4449bbbef0c7c36d7ad6e6c3276a874,0,0,641,3184,641,3184
5830d2f33c5dc8486a183dec15448951,625aaac2055ac0004d0a1b6c1c671a29,1493,0,2627,2651,1134,2651
5830d2f33c5dc8486a183dec15448951,f9fdbbcfe208b9bbae1e092c9e2885eb,0,0,936,2838,936,2838
1a5c56c6f83b913488686f7fca265194,d213820d6fc5b4fc7df0251376119ddc,0,0,1650,3223,1650,3223
6ae97fd130ffbfe49816f0b4355eed0d,82641926b84ce5cfad1dd25622e8b9de,0,143,569,2750,569,2607
b3e9822a6e7d21a184e352a49579363a,690c7316f29b7f03a87ba213152b9277,0,0,804,2667,804,2667
78ea8e6f601e3ea283adbb507de61e47,ce96843b1a0d29a31e19df23f67dd1d6,2307,723,2800,2280,493,1557
78ea8e6f601e3ea283adbb507de61e47,5b0c71acdf673cefe5d14510e13ff837,2204,0,2800,2511,596,2511
78ea8e6f601e3ea283adbb507de61e47,c77d9f097d71bd212e11719bc915b82f,0,0,615,2204,615,2204
6ae97fd130ffbfe49816f0b4355eed0d,975852b88393e0bd63ac3a847a3adf4f,2030,0,2800,3518,770,3518
e6bc5c9d21bbbc545123bfe69e05cb42,351bb2a8adf48c4bf59547eab645dc50,0,166,1316,2812,1316,2646
1a5c56c6f83b913488686f7fca265194,53aef458288bfcb8d3021deed07d6fd1,0,125,1737,3000,1737,2875
27a04ecfa38c3f862c541c215a66b112,38bba6271d06a51d047789dd68fb09e4,0,0,886,2458,886,2458
baaa3be716640961a62abcf61bed245e,767f72e2635ddf53b940ade1732aba03,0,0,898,3518,898,3518
78ea8e6f601e3ea283adbb507de61e47,848ce574330ecd18b698c2390eeee892,0,834,579,2332,579,1498
b56e6049a2b9441ab9b06b6b81b7170d,caf1c5103ce2f72011a42b53763ef7b1,1854,0,2800,3518,946,3518
27a04ecfa38c3f862c541c215a66b112,8878af3372e875ffe0c006374ed88215,1116,0,2012,2532,896,2532
b2316eb55aa90c92f5516ed2c645fcb2,42f6c62783f16d29b660d52a454661f7,0,163,931,2384,931,2221
b2316eb55aa90c92f5516ed2c645fcb2,7b847b9777d65f9044c436f8cd498b27,0,0,917,2918,917,2918
b2316eb55aa90c92f5516ed2c645fcb2,8dd3c6c80ec720c137ec22857e7ffc4d,1795,0,2800,3443,1005,3443
27a04ecfa38c3f862c541c215a66b112,b7cbf37c94f860f0e3decf94624e2bae,1102,148,2012,2211,910,2063
27a04ecfa38c3f862c541c215a66b112,414973631e2fb1846a01c35c38dccd10,0,369,879,2205,879,1836
b2316eb55aa90c92f5516ed2c645fcb2,e6471b11fa3ae605b19afe12055d7fa3,1929,231,2800,2357,871,2126
c9b6534191a3a13e88e761b484ce88f1,350832662b7cfc27922cdf50e319bfff,0,0,723,2626,723,2626
134c02878e25c6198499ea936754a42b,15f41cf0e0c951f2ef8e96bd76a1d928,0,526,933,2722,933,2196
134c02878e25c6198499ea936754a42b,a933f5108fb382f640c2c636f76defa6,1913,754,2800,2953,887,2199
134c02878e25c6198499ea936754a42b,c58e29cc85725ce24229d22ce4215cef,1837,0,2800,2740,963,2740
c9b6534191a3a13e88e761b484ce88f1,07113fb0e24edd63db2b28980d4b88f2,0,552,677,2675,677,2123
2b8c1ca52988113cda0459a98d675e8f,fe979946b6366a2e9bbf6352308c9dfc,0,443,811,2378,811,1935
c9b6534191a3a13e88e761b484ce88f1,650394b6a96f4361b90153e5714fbcdb,2070,0,2800,2710,730,2710
c9b6534191a3a13e88e761b484ce88f1,28f1ac1024b3d9ddbfcf166818c0e78e,2124,811,2800,2763,676,1952
2b8c1ca52988113cda0459a98d675e8f,cf0ec53a8ab72c401688a33bf60fd5d5,1760,242,2800,2699,1040,2457
2b8c1ca52988113cda0459a98d675e8f,42391951afe5e688ba10ab52adf2d1c3,0,0,1013,2755,1013,2755
134c02878e25c6198499ea936754a42b,49b115cce8872baeb276628448376591,0,0,1000,3518,1000,3518
6b66cf8eb2858dcf9229b623ad2475d7,e607a830d94be20d58e5df067155b9f6,1855,529,2800,2833,945,2304
6b66cf8eb2858dcf9229b623ad2475d7,35034151cb4f2c1dfe4f432b15a01df8,0,674,874,2836,874,2162
2b8c1ca52988113cda0459a98d675e8f,fa04ab53d81e5889eabd26a41527082d,1695,0,2800,3158,1105,3158
6b66cf8eb2858dcf9229b623ad2475d7,95b1150a23a775b89a24ae5f947b2236,1631,0,2800,3470,1169,3470
6b66cf8eb2858dcf9229b623ad2475d7,08ea8a831eb5b8b8a2e03661a6b17dc7,0,0,1205,2912,1205,2912
f15c0d68384b92369cc483b67725d99b,e7b320bac6599be7e0fe4635623bc602,1661,0,2800,3518,1139,3518
f15c0d68384b92369cc483b67725d99b,ca8cb6187b61d5f3290fbb0beb0486a5,1723,785,2800,3197,1077,2412
f15c0d68384b92369cc483b67725d99b,ffa132203a8e326ecfaee102566c68dd,0,206,1061,2478,1061,2272
f15c0d68384b92369cc483b67725d99b,c9a104da2995e6c1ea7d93e703b022a4,0,0,1118,2707,1118,2707
87e7f33343cb5499c1a2f6a6b8917c3e,24bb5e3583786b4fd75dedfef8b86431,0,416,918,3518,918,3102
87e7f33343cb5499c1a2f6a6b8917c3e,8700e01cdda5c7ff24296855b251d61e,1843,0,2800,2840,957,2840
87e7f33343cb5499c1a2f6a6b8917c3e,dece651a60d5799337b6229edc8a79b9,1821,402,2800,2526,979,2124
87e7f33343cb5499c1a2f6a6b8917c3e,cfa790fbab7c837a94cff9daa4175948,0,0,1042,3018,1042,3018
8f26f26b0f73189d5958b4da07c5d8fd,1bad268564797d2c12913a30785aad0a,1935,0,2800,3518,865,3518
b6c6b380d81aed73223e7ef535696064,c3cf2e05c45e898d7db0aa1aa8a3473a,1794,0,2800,2699,1006,2699
8f26f26b0f73189d5958b4da07c5d8fd,4f8824351afa9e36473b749b29b8ff8f,2019,471,2800,2619,781,2148
1fb7575c7b5e8b86c6b704aaec5b2fb4,2503dd671a2d02c7cd79533a4aee15ab,0,857,1113,2895,1113,2038
8f26f26b0f73189d5958b4da07c5d8fd,fc16e6bf77ed215e66f2357c505a82e9,0,648,741,2756,741,2108
b6c6b380d81aed73223e7ef535696064,17d91701b085d4cb0ae1c7b1c0af2bb1,0,700,1093,2532,1093,1832
1fb7575c7b5e8b86c6b704aaec5b2fb4,961f6a0f33f54b8608e3c496d096aa9c,1889,301,2800,2418,911,2117
8f26f26b0f73189d5958b4da07c5d8fd,ac9863dd1cc0ae868801c2d756726dc2,0,0,885,2672,885,2672
cfd8cbfe20b2eb3f1636454982ff6186,b9e991c85f3549a49b8f13f318f6f7d8,0,586,945,2639,945,2053
1fb7575c7b5e8b86c6b704aaec5b2fb4,21af7254614ad0e84658ae699ff848e0,0,0,1037,3518,1037,3518
cfd8cbfe20b2eb3f1636454982ff6186,0de03bea36a3e5ff1715defecc4bc027,1679,809,2800,3144,1121,2335
12c181a0785ed3b2c2b5f7cfc9f2667d,753778f446b04ec9407c59964594814e,1016,223,2012,2812,996,2589
12c181a0785ed3b2c2b5f7cfc9f2667d,8afd346772acaa950eca748faa069e55,971,0,2012,2749,1041,2749
1fb7575c7b5e8b86c6b704aaec5b2fb4,d8c5e49f7407290bbe2c1eaeb0a75d28,711,0,2800,2663,2089,2663
12c181a0785ed3b2c2b5f7cfc9f2667d,298aba8110e3e2667be23e7f8d188f44,0,206,963,2812,963,2606
87c4b94f4aa40ac869a5f1398bcad261,b2d9360fa0a8d4f8e36ee23a1d1a26bc,0,627,1020,2965,1020,2338
268bbbd1932753cedf8846fe716c669b,ceb58e034ec7b2856bad9b73c98fba74,0,749,880,2924,880,2175
268bbbd1932753cedf8846fe716c669b,0734a9dc7d6d89e8c91458545afeef9d,0,0,979,2624,979,2624
268bbbd1932753cedf8846fe716c669b,6b4c95e855a752c8c033030c6937b6a0,1858,816,2800,2981,942,2165
b6c6b380d81aed73223e7ef535696064,2da549c2cac035213321043570aaf5a4,0,0,979,2666,979,2666
12c181a0785ed3b2c2b5f7cfc9f2667d,89537aa9ac593c57e7375f1572e3e773,0,0,1067,2515,1067,2515
268bbbd1932753cedf8846fe716c669b,a6dd7304c675c6696afdcc41c58a95fd,1705,0,2800,3518,1095,3518
87c4b94f4aa40ac869a5f1398bcad261,f7eb0c448aa3e5c44ab9dab2953e2a2c,0,0,1150,3005,1150,3005
87c4b94f4aa40ac869a5f1398bcad261,907f6bbca20c60f618bf048e94853439,516,0,2812,3580,2296,3580
87c4b94f4aa40ac869a5f1398bcad261,ebfcc33b2e4c861394d28e7e6052c31a,1584,612,2750,2937,1166,2325
cfd8cbfe20b2eb3f1636454982ff6186,5bd82043b285c3c0ec299c6df4dddef1,1744,0,2800,2850,1056,2850
b6c6b380d81aed73223e7ef535696064,9a3bb41b364cc722026d96574abe130e,1812,705,2800,2547,988,1842
cfd8cbfe20b2eb3f1636454982ff6186,0171ab32059f4c226164a13c311f6824,0,0,1018,2665,1018,2665
26ad56e068d9c31a33165302d78e7bb1,726e579eb8982c5fb3c120039a64fe01,1958,0,2800,2878,842,2878
26ad56e068d9c31a33165302d78e7bb1,02ed47f60d836a10a4e5b9a1628f986b,2058,637,2800,2412,742,1775
26ad56e068d9c31a33165302d78e7bb1,79d3d12fb94332bd6a5bebda1afa5295,0,652,792,2502,792,1850
d5300bf1bbed13ce47088bb33643d71c,aabc0ca7a87b59103d33e2143a312ae2,0,0,2012,2812,2012,2812
d5300bf1bbed13ce47088bb33643d71c,79c2788792191cdc98daa44c3d2e170f,0,0,2012,2812,2012,2812
26ad56e068d9c31a33165302d78e7bb1,0055985d501ed5735ad4360dfa91a602,0,0,811,2898,811,2898
d5300bf1bbed13ce47088bb33643d71c,4f3451a4886fec298103b0a506af4c90,112,0,2012,2812,1900,2812
d5300bf1bbed13ce47088bb33643d71c,9a0044858b8236dfe77f616e1784334b,0,0,1906,2812,1906,2812
76a3bd50a074f5d99ef691acf7ffc9a6,89ec3bc332cd5d0f90e030396546d865,1989,192,2800,2506,811,2314
76a3bd50a074f5d99ef691acf7ffc9a6,ce700f1587eb37079b5b02a413e9102d,0,633,828,2860,828,2227
76a3bd50a074f5d99ef691acf7ffc9a6,ad66ef8ff8dbac388c4d47464f7e3638,0,0,910,3518,910,3518
76a3bd50a074f5d99ef691acf7ffc9a6,3ac2e41cc3cfaf595bf7ab02b96f4463,1964,0,2800,3518,836,3518
be8c4f5825ae3fbbed8ec87729fb61f8,f40c14a24d14d3f53077fa8347f39322,2055,0,2800,2712,745,2712
cb0aedcdc33dbf3fc5d2ed7430c99aaf,6b865a96d1fc777b79dfc4da7ac827f8,0,0,886,3063,886,3063
cb0aedcdc33dbf3fc5d2ed7430c99aaf,bfac40b1e07ccc0329942cc5eb666991,1974,428,2800,3518,826,3090
be8c4f5825ae3fbbed8ec87729fb61f8,6f72a1aee43f2d9f42253b996e2476f8,0,708,658,2617,658,1909
cb0aedcdc33dbf3fc5d2ed7430c99aaf,f748bb98f5ddab3435f87ad068b7255c,0,662,821,2849,821,2187
be8c4f5825ae3fbbed8ec87729fb61f8,2910ca06410756597e626af3c99f0732,2044,712,2800,2721,756,2009
be8c4f5825ae3fbbed8ec87729fb61f8,efc225d896899529a70e8cee49bae377,0,0,631,3083,631,3083
cb0aedcdc33dbf3fc5d2ed7430c99aaf,b46240b590e98989e7215b9f16fa6400,1949,0,2800,2744,851,2744
642aaafaa6d667862afaf9cdf7241caf,3e708502e9a005b7667d11b4a3ab7436,1686,0,2800,2658,1114,2658
a6cede6b5c10ed39f58e363c75603716,e1da9e3406bc71aaf5945add26bf4833,1076,550,2012,2730,936,2180
642aaafaa6d667862afaf9cdf7241caf,acc8c397e2023bcfd528738bbd7f6f05,1701,507,2800,2654,1099,2147
a6cede6b5c10ed39f58e363c75603716,92b7c9a9e301949c378e202dc96c6033,1077,0,2012,2654,935,2654
a6cede6b5c10ed39f58e363c75603716,92af829adad8fac7bc609245959a43d1,0,409,1074,2748,1074,2339
a6cede6b5c10ed39f58e363c75603716,9104b5d8c23c91365ddaddad20f44c34,0,0,1101,2644,1101,2644
642aaafaa6d667862afaf9cdf7241caf,953b8ded0bbb0a971d8a6fc41c32c69a,0,591,1233,2831,1233,2240
3980b38bbb1ac1b02860f3c278ee1d13,0b02e1f9b8e0f93729ae1590de45d50f,2238,654,2800,2270,562,1616
3980b38bbb1ac1b02860f3c278ee1d13,02de08598e97d5f0eb9d94ae05209cdd,2199,0,2800,2461,601,2461
809c9885afc09b19981fe0ff47c9cca4,3e192eee71152955e1c835e2a2245ab5,2032,0,2800,3518,768,3518
642aaafaa6d667862afaf9cdf7241caf,8fe4f36fc9b0c35f8f20ebcb5015d25d,0,0,1244,2662,1244,2662
3980b38bbb1ac1b02860f3c278ee1d13,169fc6ccd4d4af049135e0b6be6b28c8,0,0,613,2298,613,2298
809c9885afc09b19981fe0ff47c9cca4,5202c18055ede31c8dac84ccbab056b0,2180,652,2800,3098,620,2446
809c9885afc09b19981fe0ff47c9cca4,9845f8045bb857434e29cf18dfcf17e8,0,0,678,2649,678,2649
809c9885afc09b19981fe0ff47c9cca4,2fd3d16d78ddcd6e65b212b7dc66aded,0,0,834,3518,834,3518
3980b38bbb1ac1b02860f3c278ee1d13,2ed1f9c75e20b7d6e54b64230059cf82,0,763,606,2350,606,1587
18f085c0c655af5cf10c47b932bc2518,e3c6abece051ef6235db913b92ae27f2,0,0,1281,3518,1281,3518
765836193af857aff9fc7f2ba4aeb479,a439c0646fbac39cca7bee1f6dbd091d,2097,277,2800,3137,703,2860
765836193af857aff9fc7f2ba4aeb479,a816a555aa26dd64042a64b7c117d906,0,0,949,3518,949,3518
765836193af857aff9fc7f2ba4aeb479,bb099f567112deb445d6086101e0a46b,1960,0,2800,3518,840,3518
18f085c0c655af5cf10c47b932bc2518,f66e4121e0fa213dd9a5ce8abcb75fc2,1602,0,2800,2875,1198,2875
18f085c0c655af5cf10c47b932bc2518,e231bfb46b4a67a4a175f003d1c49974,1671,606,2800,3518,1129,2912
765836193af857aff9fc7f2ba4aeb479,cc8714ef6d37cc083ce73eab302a5acc,0,175,890,3049,890,2874
159fd6cdd9499e55558a7a7cb08e68db,28e89b25a61529a29660a2042725c41c,0,585,1010,2637,1010,2052
8b99ca393abc7123ee91a33a3e52232a,1b3f8419b6e53067987d58e3482713af,0,0,856,2631,856,2631
a773b175589bd4aa15f4fd3bbc3acb5b,8e1d8cd5e26f927832d6153b2252f3e4,0,724,787,2951,787,2227
a773b175589bd4aa15f4fd3bbc3acb5b,24358ae7cbf0b679977ddd1e8b18c492,0,0,867,3518,867,3518
8b99ca393abc7123ee91a33a3e52232a,6b180003def75a5e79fb66a9c789d069,1922,0,2800,3149,878,3149
18f085c0c655af5cf10c47b932bc2518,6172e7e169c174a2561b8b246b99dee7,0,308,1232,2755,1232,2447
159fd6cdd9499e55558a7a7cb08e68db,5d2610e24aff460252ead498200a6a4c,1822,0,2800,2319,978,2319
a773b175589bd4aa15f4fd3bbc3acb5b,8ab68a5413225b011cce8edf6d4bca70,1812,0,2800,3133,988,3133
159fd6cdd9499e55558a7a7cb08e68db,fdfd30cb61a4f37ac1f122e0f45ae780,0,0,1044,2617,1044,2617
159fd6cdd9499e55558a7a7cb08e68db,114d538a35b1b8e8ab15ba05d790dc8d,1860,781,2800,2816,940,2035
a773b175589bd4aa15f4fd3bbc3acb5b,e22db3e0f44ac3c7a6bcab36512c9307,1948,960,2800,2959,852,1999
d3ef755a18847ae8720c3857e6a6ccfb,9f8f188a4ddbe1a824383937c70cb0b2,0,0,900,2267,900,2267
d3ef755a18847ae8720c3857e6a6ccfb,bb4099ed0daca93214822a7cb4911b25,1844,345,2800,2674,956,2329
d3ef755a18847ae8720c3857e6a6ccfb,4f2e8efb9ad904f4af6342010286419a,1807,0,2800,2540,993,2540
d3ef755a18847ae8720c3857e6a6ccfb,84f496ee471a2aceaafebd37cbaf02ca,0,580,962,3518,962,2938
e7125fbcbb6f8002e601b99417e731bf,43ee94aa5c423e9b33a98b3d31d1fd12,1626,0,2800,3518,1174,3518
8b99ca393abc7123ee91a33a3e52232a,75d89d6cf1109d4aaae4056a3185b996,0,767,874,2863,874,2096
62a6033b2b9d501744d25ef8ca7cd534,6a9b11aef602ec7cd73d9334461bbf8f,0,758,1035,3518,1035,2760
e7125fbcbb6f8002e601b99417e731bf,bb7888228b6a56e7d70df2b6495b908f,1685,140,2800,3518,1115,3378
62a6033b2b9d501744d25ef8ca7cd534,f9463fc44ea94fb7f375a0caaaebb19b,0,0,1018,2685,1018,2685
e7125fbcbb6f8002e601b99417e731bf,14818b4cf92347187deebe4801780450,0,450,1192,3518,1192,3068
e7125fbcbb6f8002e601b99417e731bf,d6ad6e057e52c5710dbde88a30d998ad,0,0,1220,3232,1220,3232
e9be27a62325bea2255d3327274567cc,dafe0bdd70fc11bcad1f3eb0390a2c3d,2102,570,2800,3518,698,2948
8b99ca393abc7123ee91a33a3e52232a,87f0ee76b74975a33b718a41b32d70c9,1931,522,2800,2557,869,2035
62a6033b2b9d501744d25ef8ca7cd534,0b52305dde01b270705b3316fd09728d,1689,596,2800,3418,1111,2822
62a6033b2b9d501744d25ef8ca7cd534,1b738833e83b155971894659bd0e5617,1558,0,2800,3518,1242,3518
e9be27a62325bea2255d3327274567cc,20e22b55458ddc1002871f0b10bc0c91,0,467,865,2706,865,2239
e9be27a62325bea2255d3327274567cc,5b33f09d486bb75d8b55c7c271b38ca8,1900,0,2800,2643,900,2643
e9be27a62325bea2255d3327274567cc,df17a9f399b214cb863d754e376f8673,0,0,902,3518,902,3518
6fcf1215414f68c74f28149de321d0ab,5e0cc2071d46bd8b93560967a0d865bf,1747,591,2800,2610,1053,2019
6fcf1215414f68c74f28149de321d0ab,ee2080b8a446b7a72dd572471d58ada8,0,880,1118,2965,1118,2085
12288395b326252b6c8ec5f5bd8c45ab,b708aec9fc06a3b4206fb6ba95f91d50,0,0,778,2379,778,2379
6fcf1215414f68c74f28149de321d0ab,3ac1f48ace430e7c19bf06dc5c250966,0,0,1189,2815,1189,2815
6fcf1215414f68c74f28149de321d0ab,a1c5029be39aa49e10a601c880c5fe8d,1673,0,2800,2790,1127,2790
12288395b326252b6c8ec5f5bd8c45ab,c2b39b544cad6d7c62dd98ed0ad9719c,0,690,696,2571,696,1881
12288395b326252b6c8ec5f5bd8c45ab,6148bc1aeae3431767da19d059fe1360,2010,788,2606,2587,596,1799
12288395b326252b6c8ec5f5bd8c45ab,6fb495aa62bd68b30aef1ddc96d61a7e,1838,0,2622,2559,784,2559
812281f2ef45a0645e045449ee01a1c1,e9c809081e214a31b5bfe84c0fd61052,916,0,2012,2812,1096,2812
f87163dcdaa971d814ad23e6d938b889,7b339d4bd1d0d569ee632c54d1de5d21,0,0,847,2812,847,2812
812281f2ef45a0645e045449ee01a1c1,f29cfc42c9a10c0bf7cbd6db4b3604af,0,201,1032,2387,1032,2186
812281f2ef45a0645e045449ee01a1c1,b2000ef729707a66471a96f7eb15e7db,0,0,1100,2812,1100,2812
f87163dcdaa971d814ad23e6d938b889,e3172ea57f57235747859c96113c5191,0,589,611,2501,611,1912
789917a52e5a273607423420c9a83525,51eacc9756fffcf18cf742093e422dd9,0,0,956,2812,956,2812
812281f2ef45a0645e045449ee01a1c1,83c48709b952aa00ee3990382c7012dc,959,187,2012,2361,1053,2174
789917a52e5a273607423420c9a83525,42f73e6060bafe3fc08050788f966223,0,0,949,2319,949,2319
f87163dcdaa971d814ad23e6d938b889,485a2f85b28c77b538d13080125f0b4a,1169,0,2012,2812,843,2812
789917a52e5a273607423420c9a83525,df2ae6c5eb1eaeacdf09c3dcd0a87966,1089,0,2012,2812,923,2812
f87163dcdaa971d814ad23e6d938b889,6ad6f6e367a86e75bb591dea0b324cfe,1455,432,2012,2377,557,1945
666b063aaf82dc93f25696d285f66e63,b1171fb433c4b855e3ed0b529699aeec,0,729,1028,3518,1028,2789
789917a52e5a273607423420c9a83525,156a8edb79d211d02632bdff4160ab86,1086,0,2012,2181,926,2181
711543a7b6910a0e41ef126205eca9a9,801865ddfa426b09cfe44edd40c6179b,2060,816,2800,2656,740,1840
666b063aaf82dc93f25696d285f66e63,d963c0989493efe58f6ea543bab4305e,1760,630,2800,3518,1040,2888
711543a7b6910a0e41ef126205eca9a9,28505839d7462cf407d1bf6a9173b6b6,0,0,878,2842,878,2842
711543a7b6910a0e41ef126205eca9a9,1e8e25459d9d07e61176d6e31246b2a5,0,692,865,2635,865,1943
711543a7b6910a0e41ef126205eca9a9,fb1d5c7b4a6a346e353654207d2950cd,2060,0,2800,2275,740,2275
666b063aaf82dc93f25696d285f66e63,be225d2bc620c982e64f646ecce1907f,0,0,1011,3477,1011,3477
666b063aaf82dc93f25696d285f66e63,1e54f0b8b3f0a166392e09cc106bb5e6,1784,0,2800,2908,1016,2908
78146d06b38300ad5ed4d0bb001823db,72a806fa7afb3d747095aa348b3fec76,0,579,1308,2943,1308,2364
7bedd8abaeed68a775a57f471c8e8efc,c504e312abc393ba29e0e2b7db6d7caf,0,0,1386,2970,1386,2970
36a1ff934bbc829886ae1e78ffd772aa,f40c9d3a2c9f2a1527bd6c4eb00629b9,1933,0,2800,2600,867,2600
7bedd8abaeed68a775a57f471c8e8efc,dadc5b4f56628cdb3adabf114be6433a,1598,0,2800,3513,1202,3513
7bedd8abaeed68a775a57f471c8e8efc,422a39a9b9d7f1b9f5d64f6ad0cfe29d,0,719,737,2933,737,2214
78146d06b38300ad5ed4d0bb001823db,49aa65e89c4100c3dd322809cec8b55c,1359,641,2800,3100,1441,2459
78146d06b38300ad5ed4d0bb001823db,4423b88dcf4bc819c464ddd4b3af1cbe,1293,0,2800,3518,1507,3518
36a1ff934bbc829886ae1e78ffd772aa,783d63ad4f7693956913bfbaff677bd0,0,0,821,2675,821,2675
78146d06b38300ad5ed4d0bb001823db,b2c583055caf2f576c5f5746140e9e9d,0,0,1311,3518,1311,3518
2cddf8995cd47a72e67b1cf6d10188f8,a65e2f95a71371c13a33c31c6109a15d,0,0,772,2501,772,2501
36a1ff934bbc829886ae1e78ffd772aa,964a7ef99a2ff863f9a5595979a6d83b,1822,0,2800,3027,978,3027
2cddf8995cd47a72e67b1cf6d10188f8,18c4e6b0bcf0420f6b72349db69cd872,0,767,690,2801,690,2034
36a1ff934bbc829886ae1e78ffd772aa,59e257f62f223ed59c02fba0950dccf2,0,0,2589,3518,2589,3518
2cddf8995cd47a72e67b1cf6d10188f8,a822a0a52e4ea2d657fc4d8473285c03,2054,316,2800,2428,746,2112
fb87d865ee9a39fa3c96d46304fe1601,07872b26d2adc53e7b7b8db1f77ce4eb,0,548,1133,3518,1133,2970
2cddf8995cd47a72e67b1cf6d10188f8,54a91e0c5a0e5948076d3e95f4e57f30,1949,0,2800,3518,851,3518
fb87d865ee9a39fa3c96d46304fe1601,0d9482cd5d5afd71ea992b8125dbcad1,1661,0,2800,3518,1139,3518
86fd08163df9fdf15c19385bc885cc60,5cfdb748407dbcd0afee644502cbfc3f,0,273,1134,2645,1134,2372
86fd08163df9fdf15c19385bc885cc60,81ae17a99c72f122c0bf429e085ac972,1675,0,2800,3518,1125,3518
35c7a5cde3ff5665bb800e7712c4e892,8c0db38c1884e25fd772f4f318785fba,0,567,629,2354,629,1787
35c7a5cde3ff5665bb800e7712c4e892,43bc638377b72604171801f2fb71564e,2200,426,2800,2270,600,1844
fb87d865ee9a39fa3c96d46304fe1601,a31c4c86ba567046fc38cf1b67cb2c96,1616,494,2800,3518,1184,3024
86fd08163df9fdf15c19385bc885cc60,8c50a293dfbe30f41fc19e6aed38ea25,1763,440,2800,3518,1037,3078
35c7a5cde3ff5665bb800e7712c4e892,a82c8ae2a0b022e59fc5cbcc2a35a7a0,0,0,682,2107,682,2107
35c7a5cde3ff5665bb800e7712c4e892,fef0562e8aef829dad28b226511d7f24,2131,0,2800,2114,669,2114
7bedd8abaeed68a775a57f471c8e8efc,0b3699ef08460396c658f26f32253225,2143,472,2800,2694,657,2222
d94fa669c37cc757ea519ca3c291ccb4,84327b97a8195be40744b4983d5f7cbe,0,900,682,3518,682,2618
d94fa669c37cc757ea519ca3c291ccb4,64bbe867dd441621b586d359e5360553,2054,607,2800,2434,746,1827
86fd08163df9fdf15c19385bc885cc60,015b30ebc88cd1b2edc5fabdd3817b5e,0,0,1149,3156,1149,3156
fb87d865ee9a39fa3c96d46304fe1601,7ed530194214286678e3815121b24c6b,0,0,1209,3518,1209,3518
d94fa669c37cc757ea519ca3c291ccb4,4ab324dc5f0113531f11f6832f94a54f,2021,0,2800,2307,779,2307
d94fa669c37cc757ea519ca3c291ccb4,d51acb58b7bbec42dc749b5463863c6f,0,0,721,3518,721,3518
f6c401dd715b995b9b4dba9a35c31908,2a1df41585dc51a0269cdeee52b88c25,1819,361,2800,2553,981,2192
f6c401dd715b995b9b4dba9a35c31908,f9a80268bc3dce02daa160ad90678986,0,552,900,2743,900,2191
f95082f5fd35839807e6acae77776b6d,b94fab5ca0793dd8a6f1ea7cffc96245,2098,513,2800,2419,702,1906
1a070e31fee9c24ba89e86861bb3a8e1,9d590a4edc2af47c56de4a1ba7ed42e0,0,0,1270,2859,1270,2859
1a070e31fee9c24ba89e86861bb3a8e1,2139a0836da4c9499b959217e5b64129,0,846,1307,3297,1307,2451
76bf9053a84bd15e3588d52c14d0aeae,f1d5ce668c1d4033a1b147cda596a702,1949,0,2800,2667,851,2667
76bf9053a84bd15e3588d52c14d0aeae,ab5e654ce329ecd2f0302a78ba79881e,0,540,781,2774,781,2234
f6c401dd715b995b9b4dba9a35c31908,af7afffb6a5c54e4c62ddfa9c3d84de2,0,0,1063,3518,1063,3518
76bf9053a84bd15e3588d52c14d0aeae,ae7aa97ac103ac36dcdc89f9e3698b08,2016,0,2800,2805,784,2805
f95082f5fd35839807e6acae77776b6d,54f4081c1ddc7e89ff10ae7162ac6b4e,0,0,719,2558,719,2558
1a070e31fee9c24ba89e86861bb3a8e1,71b7089c921c9be90908e86182882643,1533,0,2800,3226,1267,3226
1a070e31fee9c24ba89e86861bb3a8e1,2b855ce4298ddc14f415449daa6267f7,1563,135,2800,2596,1237,2461
76bf9053a84bd15e3588d52c14d0aeae,8c746b460a2921e4fe9e209c865ae21a,0,0,813,3518,813,3518
f6c401dd715b995b9b4dba9a35c31908,3e10ff9a07902430339143f99672277c,1776,0,2800,3518,1024,3518
1789109608162c419743cedd3b4800c3,0dcc0ff77a819cb7501357756ad37362,1808,0,2800,3518,992,3518
df0d78ef7e96026ff6a6e2d578890967,ce0fd14f399b96f0c3633fbb65c2f0f8,867,404,2012,2558,1145,2154
0a83f94db524266b567882c2695a4cfe,32325a132f79168bb761f3ae2a7c9969,1972,698,2766,2865,794,2167
1789109608162c419743cedd3b4800c3,2a3861b676b3720eaeedf0623c7282dc,0,0,1045,3518,1045,3518
1789109608162c419743cedd3b4800c3,94fe879cfb2998628282c6494dd34eb8,1831,873,2800,3518,969,2645
df0d78ef7e96026ff6a6e2d578890967,fba4aec6ceda5186e84f5ba969d0d42d,0,0,1120,2516,1120,2516
f8894c9173aaa865bd43751eeeacd3b0,78dfa5f3dd380341cc17955f52279728,1853,0,2800,2792,947,2792
1789109608162c419743cedd3b4800c3,c2d4ea6def96ce23c3ed9f173a221ee4,0,462,1062,2632,1062,2170
0a83f94db524266b567882c2695a4cfe,a995ccf924881443381b6833b8828607,1654,0,2754,3283,1100,3283
0a83f94db524266b567882c2695a4cfe,c7bcbb76529f8aa1d75cd72ffd7357e2,0,0,1029,2657,1029,2657
df0d78ef7e96026ff6a6e2d578890967,c5c7ec9a9cbb31e7ce79be19f577b8c0,0,517,1116,2812,1116,2295
f95082f5fd35839807e6acae77776b6d,8b04c9e7be5735a4f725711252819105,0,789,658,2698,658,1909
0a83f94db524266b567882c2695a4cfe,e2af0315474e547de5863a4468bb347d,0,366,990,2657,990,2291
fc56714565ec9cf8482d627cc374a9e1,9faffa9df1e8a07dbcf9f66d5efacff5,1203,330,2012,2454,809,2124
df0d78ef7e96026ff6a6e2d578890967,055d7047a93350ca256d93de43cdcc4c,1020,0,2012,2450,992,2450
fc56714565ec9cf8482d627cc374a9e1,65119a30d19283a2f6ecce94406f77e1,0,329,780,2420,780,2091
fc56714565ec9cf8482d627cc374a9e1,ff40dba05cc1c2e56bc9ec70329b199f,0,0,790,2812,790,2812
d3248d8a3e782458ecd435ccbb69acb2,d463197b5da6896c4b706b36c270f0af,0,343,962,2634,962,2291
f8894c9173aaa865bd43751eeeacd3b0,48da8455c21a2afd6a2f2ca864298f76,0,0,982,2486,982,2486
f8894c9173aaa865bd43751eeeacd3b0,238f203e9015232c6cc241fb6c1fe5de,0,683,955,2602,955,1919
fc56714565ec9cf8482d627cc374a9e1,7612e75065873d6f08f3af62bb970cbb,1126,0,2012,2812,886,2812
f8894c9173aaa865bd43751eeeacd3b0,32b45af4c2e39b68b8f684c76cf88c38,1884,805,2800,2697,916,1892
d3248d8a3e782458ecd435ccbb69acb2,8544f5b224566c38928fd793d2f5870a,1788,0,2800,3518,1012,3518
f95082f5fd35839807e6acae77776b6d,c09ce81249fa8a47ab34e043cbc4332a,2009,0,2800,2486,791,2486
905be9a907f594fef5c188aecbd6e44d,189938371291069e80f7f8bbb9e4b5f0,1862,638,2800,3518,938,2880
905be9a907f594fef5c188aecbd6e44d,c665ec9abd9d1507c33eb267b97e0634,0,0,950,2804,950,2804
d3248d8a3e782458ecd435ccbb69acb2,615cc9f9d3a1ed860e71280d2fb4d575,1801,678,2800,3518,999,2840
d3248d8a3e782458ecd435ccbb69acb2,e2f80ba3ae55b0a838d3c2b28e23cc0c,0,0,937,2879,937,2879
71790833dcbec93e2e5245833c26ddbd,4669b4998cf30b24e8f5142ac8600025,0,0,840,2090,840,2090
905be9a907f594fef5c188aecbd6e44d,b26f8f797bb3e0ad5e9346397b9d5207,1788,0,2800,3518,1012,3518
71790833dcbec93e2e5245833c26ddbd,ee0d9a163eb55d7d29a8f57c23bac99e,0,0,899,2552,899,2552
905be9a907f594fef5c188aecbd6e44d,1e608a0b812bbed0b6364003a4b0f3e1,0,0,1075,3518,1075,3518
71790833dcbec93e2e5245833c26ddbd,aec0ae5f3332022f51757112495fda0d,1101,0,2012,2600,911,2600
2a648732ab3bc89414c3fddeabf7dd2f,2598c801773c12a282819eec86713e81,1992,0,2800,3518,808,3518
2a648732ab3bc89414c3fddeabf7dd2f,b0584ee86da800fa9487521698c51734,2008,375,2800,2345,792,1970
2a648732ab3bc89414c3fddeabf7dd2f,dfd0e52a33d89434f92f3e4ab9441a26,0,0,835,2584,835,2584
2a648732ab3bc89414c3fddeabf7dd2f,3db7e2a560b4fab7a93118e54c9c60c1,0,225,739,2264,739,2039
71790833dcbec93e2e5245833c26ddbd,9e1c7f73f69ce67129e95657309b7a61,1164,169,2012,2323,848,2154
42162efc3b63ab43fb62fa3ab897c940,0fe470aee8ab673e1f2786ac57c4a6d6,0,308,896,2812,896,2504
42162efc3b63ab43fb62fa3ab897c940,369c63bb72332320ee112c065da75713,1181,219,2012,2401,831,2182
071b35de2716b74e03268d89e3cdcd3d,eecc730fd89f141c7cd4ba596392daed,0,355,949,2472,949,2117
42162efc3b63ab43fb62fa3ab897c940,6330a487b59d82613cf61dc11927db1a,0,0,803,2812,803,2812
071b35de2716b74e03268d89e3cdcd3d,c17c680fe6ba96b95f3925b58549d9f4,1757,337,2800,2460,1043,2123
071b35de2716b74e03268d89e3cdcd3d,2a0bcfa6d42aebd132b16eaa3fd68198,0,0,1079,2318,1079,2318
86e51ba349175ad4311ba5db0cd5bfdb,e27bee3162ebdc803d2a39be6f124f73,0,766,688,2310,688,1544
86e51ba349175ad4311ba5db0cd5bfdb,7abd8a7cdbc70982c966d3db7db6cebc,0,0,619,2259,619,2259
86e51ba349175ad4311ba5db0cd5bfdb,f8a6083884a40bc4ea36e51aed7cbe7e,2340,954,2800,2541,460,1587
86e51ba349175ad4311ba5db0cd5bfdb,842ea144d01f2b6803ae68d2f9ece0e4,2150,0,2800,2267,650,2267
071b35de2716b74e03268d89e3cdcd3d,c6f9b59da73908e6a3eec517accdbc9a,1783,0,2800,3069,1017,3069
42162efc3b63ab43fb62fa3ab897c940,491f7d6994053b64d2f5c64a4203b27f,1144,0,2012,2812,868,2812
c3bd1aa19d378c6582c8015bf68a2526,39a7e0880d3444e4350b06c36f0769af,0,571,835,2720,835,2149
c3bd1aa19d378c6582c8015bf68a2526,f1bfdcca5002d093e4b07e0099e252ec,1988,372,2800,2442,812,2070
c3bd1aa19d378c6582c8015bf68a2526,982787a007765e8b5554e9cf9fcec8ae,0,0,909,3518,909,3518
85e276e2e169121bfd36be0b77c18bf8,6b1222cd26195c04de415ec10a695eb0,0,347,796,2649,796,2302
85e276e2e169121bfd36be0b77c18bf8,55b3a38c91faeb60e9bf3aa3b3873399,0,0,853,2849,853,2849
a39afdb69c38ea994a945ba2dbbd0ffd,2c53c7e375438ce8c04f66d07a8db906,0,0,695,2193,695,2193
a39afdb69c38ea994a945ba2dbbd0ffd,045e4a89c3db110d31a7771c6e1e2df5,0,542,552,2245,552,1703
85e276e2e169121bfd36be0b77c18bf8,62f8a16b3e780f015c1ba48c7c98f184,1912,0,2800,2739,888,2739
c3bd1aa19d378c6582c8015bf68a2526,900736c288a600cd2674132e9e4ef2ff,1932,0,2800,3518,868,3518
e6af221c2c4d5b9ff83de4626fe855e8,7df25d64375fd9bce042ba79ec47d0a7,0,160,718,2317,718,2157
e6af221c2c4d5b9ff83de4626fe855e8,7afb503b746051a6db3bca7d2d85523f,0,0,912,2657,912,2657
e6af221c2c4d5b9ff83de4626fe855e8,2dd784cfd9c442b19cad1a65d210876a,1131,0,2012,2708,881,2708
a39afdb69c38ea994a945ba2dbbd0ffd,3825707786185b9bbcf0be877ff19ab8,1213,0,2012,2108,799,2108
e6af221c2c4d5b9ff83de4626fe855e8,0e1769993b091148f61729586db3b224,1269,225,2012,2519,743,2294
19348e93674f1dd5876082d24b77bc96,a7aad0b844ad36e64e440727710e7dd4,0,0,731,2211,731,2211
ecd281761b3bcd696cb6ef2684162d1a,5ec2ce49fdbbb9b426bd155c95fef35d,914,0,2012,2754,1098,2754
19348e93674f1dd5876082d24b77bc96,3435a0485637f4eb8d02471c8c804c26,0,726,772,2725,772,1999
19348e93674f1dd5876082d24b77bc96,31187b8d670a242488d43999e643d269,2053,0,2800,2233,747,2233
e27be5d8c7b7423887436abc27b4d583,c8f70310397ffe9516c0914e1e04436c,1616,347,2800,2656,1184,2309
ecd281761b3bcd696cb6ef2684162d1a,8e584ce1935cac6708d5032cd3f01dcb,0,0,887,2812,887,2812
e27be5d8c7b7423887436abc27b4d583,2be0d0be5b4b1705faaec7f4fad07ecd,1601,0,2800,3518,1199,3518
e27be5d8c7b7423887436abc27b4d583,75e8782b9c6a338ba48aed8871327f48,0,478,1110,2762,1110,2284
e3726f7f65eef0ad4b4216a0cc8ca03f,ef58e543efdc102c923dfa4de6c14aed,0,644,950,2595,950,1951
19348e93674f1dd5876082d24b77bc96,336ab00d6e5537a9496f722e9f7750a5,1956,262,2800,2325,844,2063
ecd281761b3bcd696cb6ef2684162d1a,64971d2e39c9231694926961b7a216b9,0,173,861,2812,861,2639
e3726f7f65eef0ad4b4216a0cc8ca03f,081ce580722768b04910c4fb36e31f6e,1850,475,2800,2508,950,2033
ecd281761b3bcd696cb6ef2684162d1a,dd40fd5a8e0c19c41067251af0e73311,752,223,2012,2812,1260,2589
e0cc04add548b06d7c3ebb84ce171dc7,792f5ee2c678e287a146ecb321a87aff,1177,0,2012,2480,835,2480
e0cc04add548b06d7c3ebb84ce171dc7,7c571286f07127b3d4fa481fda99bd78,0,0,937,2812,937,2812
e3726f7f65eef0ad4b4216a0cc8ca03f,7b49211e21910eb63524bf6a636c6ae7,1797,0,2800,3518,1003,3518
e3726f7f65eef0ad4b4216a0cc8ca03f,c37a14d296fd27164584a0fad9f4c7c1,0,0,1002,2595,1002,2595
e27be5d8c7b7423887436abc27b4d583,78fe0f7690d99622597d278e3ad43265,0,0,1148,3518,1148,3518
a39afdb69c38ea994a945ba2dbbd0ffd,863bde43e71a55208eda16c6baa2a974,1571,0,2012,1760,441,1760
4704aad5e0207ea1510365422dc8922b,62151671215a55b43c1a052345132d2b,1748,429,2800,2474,1052,2045
4704aad5e0207ea1510365422dc8922b,6d0a70ad59a1bfda19a37f9d07f02eed,0,258,1054,2460,1054,2202
4704aad5e0207ea1510365422dc8922b,78d46fca62bb2f1c5a1b4cfaf29cab11,0,0,1050,3079,1050,3079
e0cc04add548b06d7c3ebb84ce171dc7,f653c6dbaef5105c9779b636a9fb3757,1081,58,2012,2327,931,2269
4704aad5e0207ea1510365422dc8922b,04a5d9604fb950aa287f4b77007f2a24,1788,0,2800,2929,1012,2929
0b86a34d84ac7587f7374589268debf3,b0f0f022f7b27f6be2bc08f1710d85af,0,0,962,2430,962,2430
a0f14ae866385e07fa214169675a8d03,7fffbf26e320fc3dcabf2f0ea2e9c7e2,1216,32,2012,2395,796,2363
0b86a34d84ac7587f7374589268debf3,f7cdf7b22955e66d34cc1efccdab5fbf,1026,0,2012,2812,986,2812
e0cc04add548b06d7c3ebb84ce171dc7,3b8a1805d2c2d83a3c559f2ab47a34a6,0,383,837,2517,837,2134
0b86a34d84ac7587f7374589268debf3,b7ba81b370fea9ed54efd7b07e813548,969,0,2012,2545,1043,2545
a0f14ae866385e07fa214169675a8d03,013e4b7bcdaf536c4e37b4125ab8148b,1052,0,2012,2696,960,2696
4bbf451df511e14316ec868913e9858a,ebcc84996e67f5256c42bb52bdc68bb7,0,0,1094,2812,1094,2812
a0f14ae866385e07fa214169675a8d03,fc29e113733c0bd94f45414a1aa7b7b9,0,296,820,2627,820,2331
4bbf451df511e14316ec868913e9858a,33dd9bc80383d83c926e495f82d0fdec,0,285,1078,2527,1078,2242
a0f14ae866385e07fa214169675a8d03,176a76a02280a637d265bc8a585cf8f3,0,0,901,2580,901,2580
0b86a34d84ac7587f7374589268debf3,50651b7c67f9f510bbfdf20f43c2a44a,0,0,1002,2812,1002,2812
85e276e2e169121bfd36be0b77c18bf8,8f4ef2e7f055570b445c64a5ad23b0bd,1948,0,2800,2460,852,2460
4bbf451df511e14316ec868913e9858a,c70a60452183919e8388c4113cfb68d2,876,161,2012,2359,1136,2198
1e9d2d204857b59f341f9bf887ecf873,4149e410c966aee97a810066d49d55f8,0,573,1113,2749,1113,2176
b96bf19eae6ad53b79889034d67a0011,89e9af3434496d595e5dc2fa8cb9f949,0,0,640,2408,640,2408
4bbf451df511e14316ec868913e9858a,bf40c042ee659cd9a3d0b3a8c6d21602,904,0,2012,2812,1108,2812
1e9d2d204857b59f341f9bf887ecf873,0bd7fc8cae89b73909ed4ea641d06017,1359,0,2657,2811,1298,2811
a4717a9a76ab4993bdbc9631f18e9414,f878efbfaf3f51e9380908d93e8567a5,2036,702,2800,2536,764,1834
1e9d2d204857b59f341f9bf887ecf873,2a59c6c42c69f7b50b6d56fe9ad6d759,0,0,1195,2658,1195,2658
a4717a9a76ab4993bdbc9631f18e9414,1acb11cdc2118531e88a18bb66377381,1835,0,2800,2921,965,2921
b96bf19eae6ad53b79889034d67a0011,a0e6576e376ac1c8a484e2f15daabb87,1274,0,2012,2290,738,2290
a4717a9a76ab4993bdbc9631f18e9414,1d6d8ab7da2c0179255548a5a2efb67b,0,515,907,2538,907,2023
a4717a9a76ab4993bdbc9631f18e9414,b495b8f2b0a42447a2ddf394569a0b1c,0,0,1018,2979,1018,2979
b96bf19eae6ad53b79889034d67a0011,6c1c007b3ef400196ece12f27662b2de,0,271,599,2337,599,2066
1e9d2d204857b59f341f9bf887ecf873,c7cae961b363128e073d7aceb36f454b,1528,441,2651,2560,1123,2119
b54e0e1656ac71e210e1c87fbd6f2c4a,a1cea03cba8df546106382407b9e3952,0,0,1162,2633,1162,2633
b54e0e1656ac71e210e1c87fbd6f2c4a,b52bfa3b08d56069018f968b5ac26cbe,0,0,1114,2623,1114,2623
b54e0e1656ac71e210e1c87fbd6f2c4a,34c1a415279f59f1720e410405257320,1612,571,2800,3518,1188,2947
b96bf19eae6ad53b79889034d67a0011,d0b5c4ed2cbf8e9712af6bce9df87e6d,1366,273,2012,2289,646,2016
145edd42aeb386f6d6d6388b4efbf20e,1c8432a90a9d961e4e658d1557c26767,1748,0,2800,3398,1052,3398
145edd42aeb386f6d6d6388b4efbf20e,9a95508ef3d6d0d6d6aeecc3dbdad9c6,0,456,962,2560,962,2104
145edd42aeb386f6d6d6388b4efbf20e,6f090987c2e7cc34b67629cf224f3afa,1911,260,2800,2428,889,2168
e11cb06c657324160b15e72be89f6c28,e54bcdfbdd08db97156089f132b83ab5,0,43,967,2812,967,2769
926d757c9d974dbe06c8d5a619929880,e73857c52e1d5c340cb0322e64967683,1925,0,2800,2366,875,2366
e11cb06c657324160b15e72be89f6c28,d2c75e02ba8114f75e83dd1b3ab73cd2,867,290,2012,2812,1145,2522
e11cb06c657324160b15e72be89f6c28,28bd8a8a3221dc1324cdf7b0224a61c2,1000,0,2012,2812,1012,2812
e11cb06c657324160b15e72be89f6c28,f54b07517cb46e8a59c1c10748bdb5ed,996,0,2012,2812,1016,2812
926d757c9d974dbe06c8d5a619929880,48ba3cb019678c808afee1cba74d2d76,0,0,829,2330,829,2330
b54e0e1656ac71e210e1c87fbd6f2c4a,30c3444b00ee85b54c030ddf109cabfa,1646,0,2800,2665,1154,2665
145edd42aeb386f6d6d6388b4efbf20e,6654e0d6ab0da27b4585eae609870785,0,0,1121,3146,1121,3146
926d757c9d974dbe06c8d5a619929880,995e02a33286a9adf34a114d901bf2e6,0,350,850,2278,850,1928
926d757c9d974dbe06c8d5a619929880,9c8f742052a7a49a91791c8460d9268c,2050,0,2800,2486,750,2486
d1c2de5422fb2aa30b2724ef0969f0f4,64c8908de4317f56308e50efcdd26859,0,276,724,2480,724,2204
d1c2de5422fb2aa30b2724ef0969f0f4,e6932aa7917772221b831fc0ddc0c740,2009,773,2681,2767,672,1994
d1c2de5422fb2aa30b2724ef0969f0f4,0205bd58707aa7df144d6f4062dd9a4b,1939,0,2724,3215,785,3215
d1c2de5422fb2aa30b2724ef0969f0f4,034e6d43d17f791c356a5b7766cf2be1,0,0,829,3484,829,3484
4c3074e9476f0f2c1f81cd41cb45be46,193f00193492a1e0734a75c82fc853df,1316,555,2800,2981,1484,2426
debf00ccf511522d42d59169f1b0b129,6f7ce1351d275f1378854863df3dc6dd,2172,527,2800,2326,628,1799
4c3074e9476f0f2c1f81cd41cb45be46,6b000ef91625190ce2881f5123e46f72,1307,0,2800,3518,1493,3518
39f00569bae5fac45b6ea48245f07e24,7ad770e5786afedc3202b4945e6bcbe2,0,0,1020,2815,1020,2815
debf00ccf511522d42d59169f1b0b129,98e6da3711c6b2d746e22d94c57aa03b,0,745,594,2507,594,1762
7330d23e7da70312849a9d9783ba528d,a2a13ee4699af7f17439e4ce89260b6a,0,243,602,2812,602,2569
7330d23e7da70312849a9d9783ba528d,8f16eedcd419fa207546532978189f49,1229,395,2012,2812,783,2417
4c3074e9476f0f2c1f81cd41cb45be46,29ed125ba944d8f8998854439957f635,0,0,1474,3518,1474,3518
39f00569bae5fac45b6ea48245f07e24,1537a700850582b4010dec9039bb72ee,1849,366,2800,2526,951,2160
39f00569bae5fac45b6ea48245f07e24,6debdd913a83c07dfba7b1036378b25c,0,588,1033,3518,1033,2930
debf00ccf511522d42d59169f1b0b129,e2e8e15d0210d633b9bea81a7dbbcb8c,2089,0,2800,2589,711,2589
7330d23e7da70312849a9d9783ba528d,f25a0b497b7aa75ea2d7bc24191c4010,1230,0,2012,1956,782,1956
39f00569bae5fac45b6ea48245f07e24,4e0bc71a080c82b32b9764ce5dac724d,1787,0,2800,2941,1013,2941
debf00ccf511522d42d59169f1b0b129,d44b34f0412b67579047c79efcd69860,0,0,685,2858,685,2858
1b46ff81ea0b04ee9393b68147a2b42a,4471746cfb75cd1b8515e1979fb82373,0,896,697,2663,697,1767
7330d23e7da70312849a9d9783ba528d,19aa92da6168aeab169d4c593b64baf2,0,0,756,2352,756,2352
4c3074e9476f0f2c1f81cd41cb45be46,847fa4aeaa0f4bddc8150a66928aa247,0,486,1440,2926,1440,2440
1b46ff81ea0b04ee9393b68147a2b42a,def99a53d6dccc249ba9e6100278dea7,2253,977,2800,2495,547,1518
1b46ff81ea0b04ee9393b68147a2b42a,efef13dbcf4bd7c66d2df00b0bc058e2,2101,0,2800,2774,699,2774
dfe7aeee414bf1a5113817d4486d49dd,9db91914a0f36362a8b64c8c29e0539f,0,329,922,2648,922,2319
04d59c956abf0bc15c0fd6dec47374b5,d7cb5567650d8f115e92f5e48ca433f9,1410,187,2800,2729,1390,2542
dfe7aeee414bf1a5113817d4486d49dd,7f6d39bd7db8ba533ac3798533963a73,1753,0,2800,2736,1047,2736
04d59c956abf0bc15c0fd6dec47374b5,75b38f71ce83a4dfe055ccc5dafd3b6b,0,364,1364,2759,1364,2395
dfe7aeee414bf1a5113817d4486d49dd,96390f1c484da9f730d3d9e2e5b8018f,1832,0,2800,3518,968,3518
b888fee8a698fe2e3812be9f6655adac,20826bab823e6b6e13cfbc9fa2f15876,0,0,1228,2812,1228,2812
1b46ff81ea0b04ee9393b68147a2b42a,8fe9bb45274070e2cdb0de66a9e9cf2a,0,0,710,2538,710,2538
b888fee8a698fe2e3812be9f6655adac,06efac8f52836296404da720793d2c58,938,0,2012,2584,1074,2584
4e5f1aabd2e517ad3757873693322a5d,3e3842dbef503f91b3e29ec7bdbad6f4,762,59,2012,2420,1250,2361
4e5f1aabd2e517ad3757873693322a5d,fb8f0f1622c154e8d1ce56b67cc29660,0,0,1187,2492,1187,2492
04d59c956abf0bc15c0fd6dec47374b5,00efff24259203a7f19a2875295e4ba6,1502,0,2800,2809,1298,2809
14af371ed65a24299499b414b440c5a7,38f4d40d78b982912c5046fabd8da5ba,0,410,773,2316,773,1906
dfe7aeee414bf1a5113817d4486d49dd,667c89831b18d88b6582fd68b8d442fe,0,0,1061,2908,1061,2908
b888fee8a698fe2e3812be9f6655adac,694d50b4192c888f26d72e32a47be025,874,0,2012,2812,1138,2812
04d59c956abf0bc15c0fd6dec47374b5,f7d41341d772c517b908d3df144a2f89,0,0,1338,2790,1338,2790
14af371ed65a24299499b414b440c5a7,de5557ebc58d12a2fed221d9aed33f25,2061,201,2800,2291,739,2090
4e5f1aabd2e517ad3757873693322a5d,32172bfecbd4e8f1f2cd04249855c991,819,0,2012,2812,1193,2812
4e5f1aabd2e517ad3757873693322a5d,83372ac1f3f946e3d5e4000933f409b1,0,184,1157,2681,1157,2497
14af371ed65a24299499b414b440c5a7,c0589ddcccd2f3ca2650899738f78c1c,0,0,798,3243,798,3243
08e52485e75657d31899080712dbf692,0dfefcfff9c0a8d958948c432da5dfe2,0,536,1011,2758,1011,2222
14af371ed65a24299499b414b440c5a7,fd77181a792657c886ae6e340b9628e3,1974,0,2800,3518,826,3518
8709bf15ee90717d41e647d921a6a357,58d024a0efa07de9d05778d534efe7ea,2144,0,2800,2534,656,2534
08e52485e75657d31899080712dbf692,2c0a96a3cea0829a1abb0e4876db80a7,1980,633,2800,2750,820,2117
b888fee8a698fe2e3812be9f6655adac,7f98fcbd6d20f18102ca4d4c3899fdab,0,0,1273,2319,1273,2319
08e52485e75657d31899080712dbf692,e66b5a49b10968535912f7d6329f89a7,1885,0,2800,2850,915,2850
8709bf15ee90717d41e647d921a6a357,5ac774dd4dd189262b7936f19352d4d6,2044,0,2800,2383,756,2383
8709bf15ee90717d41e647d921a6a357,bc522d7b2cc013bfbc6e7bef74022ed7,0,0,762,2276,762,2276
08e52485e75657d31899080712dbf692,8d20b0ed4de32138b9c4b7f3e7f6e14a,0,0,977,2695,977,2695
310ba4f4e5d1def0ce73b6854633973e,74c70c14f20cee3e957db4a942cdef44,1954,0,2800,2468,846,2468
310ba4f4e5d1def0ce73b6854633973e,ff0f950c25ff916c4e97cc41353ff401,2004,538,2800,2326,796,1788
310ba4f4e5d1def0ce73b6854633973e,ca9016062df19cb419175ae122674ff9,0,351,794,2231,794,1880
0b666e8ea8e2a0772fcd18b528553565,fdc1c5087c5f2728506a9c9dc8e5e885,0,0,1013,2464,1013,2464
310ba4f4e5d1def0ce73b6854633973e,b714100a52b333be1bd3ba3fbeb219d8,0,0,877,2397,877,2397
0b666e8ea8e2a0772fcd18b528553565,6b7baf3a8511769bd615e462df534ffe,1836,519,2800,3518,964,2999
8709bf15ee90717d41e647d921a6a357,72711c5c352ad731d4f832d693af1e8d,0,806,748,2813,748,2007
0b666e8ea8e2a0772fcd18b528553565,8de03802047f0890c395c5098bf0b9f0,0,522,912,2596,912,2074
c7635db1039fe147b27bb603318de2d9,4421091d002156cfb770e6121f68ff38,955,292,2012,2453,1057,2161
0b666e8ea8e2a0772fcd18b528553565,15106683bbfc8f59d49ee64e3e44a484,1750,0,2800,2468,1050,2468
3214ca89949d30d5e656433b0a823e29,e867088a64d7535d9153d30fdf9d3729,0,403,1063,2909,1063,2506
3214ca89949d30d5e656433b0a823e29,4a6d60a3ec7eb3203bef512f48a17387,1822,601,2800,2856,978,2255
3214ca89949d30d5e656433b0a823e29,e0ad65e5132dbe9ad8c8b60e50686dd9,0,0,1059,3518,1059,3518
d7d4d38a1c1499fb6b166b509175fb34,5e1948fbd12c1d9c516e96e485547552,2004,259,2800,3518,796,3259
c7635db1039fe147b27bb603318de2d9,4f5af70a35eeb703e24768e857b27c5f,0,229,1190,2266,1190,2037
c7635db1039fe147b27bb603318de2d9,40e01ce03ea96d526bcbd0a45b403a8a,0,0,1136,2386,1136,2386
c7635db1039fe147b27bb603318de2d9,d9686d26be6fa66166720e3719a51f3d,926,0,2012,2355,1086,2355
d7d4d38a1c1499fb6b166b509175fb34,cab6b81144c64cbe1c9ea62ae6368229,0,518,871,3518,871,3000
d7d4d38a1c1499fb6b166b509175fb34,26afeba9f455f6d3e0a3321cd28e2ac0,0,0,887,2595,887,2595
d7d4d38a1c1499fb6b166b509175fb34,ce7cd918e97cd12d2c4b117ccfbf41af,1905,0,2800,3518,895,3518
3214ca89949d30d5e656433b0a823e29,9ddd0c50a070b5bf93b1aafe5476721e,1728,0,2800,3518,1072,3518
5156801a8682561e9cbf0dc88bb0b2f5,56bb79216eb988fedd1cccd4348f9c68,2030,633,2800,2682,770,2049
5156801a8682561e9cbf0dc88bb0b2f5,2555544a44b0c60d767920e53c2dff7b,0,474,728,2500,728,2026
7ed7391fe55395a5e33c4254788c1058,81246bf05457b31700f7040cb2b599ef,0,0,803,2633,803,2633
7ed7391fe55395a5e33c4254788c1058,1fdc7561f49d36160a16c9922e34eac8,0,540,688,2812,688,2272
7ed7391fe55395a5e33c4254788c1058,52538aa6ccce48fb567875236f7c876c,1237,0,2012,2772,775,2772
5156801a8682561e9cbf0dc88bb0b2f5,69f11f3d7100b10a8c325fe75f9f04a1,0,0,810,2887,810,2887
5156801a8682561e9cbf0dc88bb0b2f5,74f37388ca820ddb0c27c882a1aaa049,1994,0,2800,2345,806,2345
83903d29be96d7561f9f43ad330fe00f,9b1a0f11364f3b51bd991bcbb36aa099,0,0,1242,2688,1242,2688
83903d29be96d7561f9f43ad330fe00f,ac18556b46a96755c0ed909b971136f5,0,344,1185,2719,1185,2375
83903d29be96d7561f9f43ad330fe00f,ec2566befd8c273e08e66528f4eb219e,1608,675,2800,3518,1192,2843
83903d29be96d7561f9f43ad330fe00f,f03818f21b9879b782e3c54989839216,1537,0,2800,2931,1263,2931
5a68e7931d8e40d4135c94c630a6b73b,242f2cd03a6af087a5d1d7a9a9d3d764,0,933,745,2971,745,2038
7ed7391fe55395a5e33c4254788c1058,51e2448b06afa7492addc6e8a5fb3633,1343,538,2012,2812,669,2274
5a68e7931d8e40d4135c94c630a6b73b,acc82758155600b962fb0c019a898ca3,1955,759,2812,2918,857,2159
5a68e7931d8e40d4135c94c630a6b73b,3bee0f712a17866762153fc376b241ea,0,0,858,3580,858,3580
1a1adc50f9e51ffabe94bbaa139a5456,f52761b1ca1dc90c361e34fd3035e598,0,848,970,2898,970,2050
1a1adc50f9e51ffabe94bbaa139a5456,fb2f73d9495cfe6a48505f5aea112ff4,1839,1111,2800,3115,961,2004
5a68e7931d8e40d4135c94c630a6b73b,0645c6b089a00868fcf8e00e01160799,1991,0,2812,3086,821,3086
1a1adc50f9e51ffabe94bbaa139a5456,ed54216bc453e7ca22f93e502d6fd240,1773,0,2800,3493,1027,3493
1b3343535dcba4a24de4147637195ac6,b88db0ad6c35a28fb32b25fac57ce6b0,2165,765,2800,2599,635,1834
1b3343535dcba4a24de4147637195ac6,ee2fde80a6a5d9f17d9778239381b43d,0,673,645,2524,645,1851
1b3343535dcba4a24de4147637195ac6,e22dc02eda3e1d619a9dc29262cbd3ac,0,0,777,3387,777,3387
1a1adc50f9e51ffabe94bbaa139a5456,aff62ece6605b0d2d8b7d1f6b59fde09,0,0,889,2489,889,2489
391ab46e4b803719a88034f86ca7fc3c,f8446ad1e9535168e26c3a24ff3d63a1,0,146,979,2812,979,2666
e839c02619e53a5daa55dd97868e83ab,0f471006b090286f0665e48c1d39c919,1960,520,2800,2411,840,1891
1b3343535dcba4a24de4147637195ac6,fb91d29c1429a1969755fc5d6117f997,2017,0,2800,2673,783,2673
391ab46e4b803719a88034f86ca7fc3c,0559c23c3649a35a86f3f6a22513e0b3,1069,0,2012,2812,943,2812
391ab46e4b803719a88034f86ca7fc3c,421cc50db5a2846fbbf710fd7793c248,1171,229,2012,2532,841,2303
391ab46e4b803719a88034f86ca7fc3c,4d22fd758234c965a14705fc865bd76d,0,0,1019,2628,1019,2628
e839c02619e53a5daa55dd97868e83ab,9255deeeb3467d6dfb57995b4c54753e,0,544,838,2359,838,1815
e839c02619e53a5daa55dd97868e83ab,924fe46fab783c9bbad74c4735aeb778,1964,0,2800,2464,836,2464
38468e3575b1fd75e8319385c8295d06,10473d1f9bed323fd344a1903d47a00d,0,0,1263,3387,1263,3387
8cdeda19dc7ed4341978e706d18585f1,f8fe17af3b47cd8a1db3efbb08828c45,2097,1175,2800,2911,703,1736
e839c02619e53a5daa55dd97868e83ab,d0492a156d20addd70a08a2ca6c7bd82,0,0,988,2477,988,2477
38468e3575b1fd75e8319385c8295d06,a20164d8c615b4d4148cef186b6493dd,1616,0,2800,3518,1184,3518
8cdeda19dc7ed4341978e706d18585f1,a6e2fd8dce61aba45313bed1ce293f0d,1975,0,2800,2482,825,2482
21d6df28ae5cb221a4c8c1b6443abcc4,ae3fe7d85f28b4896393db9a4a008100,1899,0,2800,3518,901,3518
21d6df28ae5cb221a4c8c1b6443abcc4,6817bccd86452f23eee8f26dcec1ab23,2104,734,2800,2794,696,2060
8cdeda19dc7ed4341978e706d18585f1,0e421679d46125261ed1c9e313d9abaa,0,987,680,2666,680,1679
21d6df28ae5cb221a4c8c1b6443abcc4,e67c8ae0a9341784f7ff2d94d52eec60,0,0,871,3518,871,3518
21d6df28ae5cb221a4c8c1b6443abcc4,d9ed48e464facd32e61aba3cc1e0da73,0,738,747,3023,747,2285
6d58d31291b7bedc3398c3d9274c6bfd,c66bdf37a57e7d371b80b6b5b6950bdc,0,582,997,2812,997,2230
38468e3575b1fd75e8319385c8295d06,d467842f4b7bcdf6eb88e57ae467c32f,0,623,1223,3518,1223,2895
8cdeda19dc7ed4341978e706d18585f1,00e82b6a7ad3d0b381640a295364cad0,0,0,819,2967,819,2967
6d58d31291b7bedc3398c3d9274c6bfd,48a120894772e307333c563dec5d121c,0,0,1115,2812,1115,2812
38468e3575b1fd75e8319385c8295d06,2523101d9a4e770f1f627d8c3efd72d8,1669,7,2800,3518,1131,3511
477f57bbb835cc905546a5cfbe897d27,7bc43b853db20088ca25a651d9f2b526,1791,567,2800,3518,1009,2951
6d58d31291b7bedc3398c3d9274c6bfd,3a61d98c58da4b7cb86fca7d760028c3,1139,426,2012,2812,873,2386
477f57bbb835cc905546a5cfbe897d27,5245739c35c5c03b038b021fc92f5505,0,0,1018,2741,1018,2741
477f57bbb835cc905546a5cfbe897d27,c3c45336cef7faf932123f2b7e5da9ca,1763,0,2800,2612,1037,2612
477f57bbb835cc905546a5cfbe897d27,dcab131bc40b49fd71052bc06ad391ac,0,358,1007,3518,1007,3160
2a1cd0584397945d8e4634028ba1d7c1,4232dc82cb84ecc579c6da2faf3657cc,0,0,1094,2812,1094,2812
6d58d31291b7bedc3398c3d9274c6bfd,a3f91fa1d60654e7b3be28bbea27c245,1028,0,2012,2812,984,2812
2a1cd0584397945d8e4634028ba1d7c1,48731c954f276c27f3b42030566e723c,909,0,2012,2812,1103,2812
2a1cd0584397945d8e4634028ba1d7c1,36f91c8e06235d3926cb1910faf51bcb,923,0,2012,2812,1089,2812
1d2725023204e0de7baa9847743dd8c7,3380068c58e2e768219667042859d347,0,672,1000,3518,1000,2846
1d2725023204e0de7baa9847743dd8c7,5bcf71b6a2180c9535909e99d049ab62,0,0,1042,3518,1042,3518
2a1cd0584397945d8e4634028ba1d7c1,6fff228d3e34cda482dda6e883f1c352,0,0,1197,2812,1197,2812
1d2725023204e0de7baa9847743dd8c7,6db4b033556ca0a9834b62483c2c38f5,1777,0,2800,3518,1023,3518
1d2725023204e0de7baa9847743dd8c7,4b4bc14a8cb1ada06291877017baa66f,1777,544,2800,2752,1023,2208
a48233b71cc3b0a613c2ef8011da337a,235637f1956014ee0fdc1ad5853ff9cb,1486,767,2800,2985,1314,2218
2f5e6219a65c6d86d873dee70ef65d91,c672ec9a1e8cff1c66d8f9d2b6b970d8,0,0,777,2484,777,2484
2f5e6219a65c6d86d873dee70ef65d91,cea7726bbc92b5e3b5ca8c2c65d3cafe,2064,0,2800,2701,736,2701
a48233b71cc3b0a613c2ef8011da337a,52069199eb179603d4fde6531a8004d5,0,0,1288,3518,1288,3518
2f5e6219a65c6d86d873dee70ef65d91,a657796c4c3d51c3e13cc9db470623b6,0,0,835,2890,835,2890
a48233b71cc3b0a613c2ef8011da337a,993beabf88eee1dafd62d67f54527c7d,1531,0,2800,3518,1269,3518
a48233b71cc3b0a613c2ef8011da337a,4b1df83d6fd7bab71867089fe763a33b,0,176,1266,2844,1266,2668
c3db57f3c7c27850d938fe14524634ac,9287ecbc10caafbea9c7783504875325,1806,731,2800,3014,994,2283
c3db57f3c7c27850d938fe14524634ac,a9bad76438b55bd9f5c288df755f6621,0,0,1069,2588,1069,2588
c3db57f3c7c27850d938fe14524634ac,9c42ae4b900c6c42c334a4de7cc79fec,0,482,1004,2806,1004,2324
2f5e6219a65c6d86d873dee70ef65d91,605751243908d029dd0cbe46c0b8809d,2062,537,2800,3518,738,2981
c3db57f3c7c27850d938fe14524634ac,e996209848acad8d2c74e9899be88ff8,1736,0,2800,2639,1064,2639
a9e5db3e9452823f5753c401087c9544,3a6dffa30940fa8f5e115a9888eae9e8,0,637,765,3580,765,2943
a9e5db3e9452823f5753c401087c9544,a5e6d2685d98df07408babfa56261665,0,0,887,3580,887,3580
a9e5db3e9452823f5753c401087c9544,d4b45707969b9c3f14c0bb22745739a6,1964,0,2812,3011,848,3011
9b57ccdd5c57508fded13b0ebce42c66,7d40f0de2adb0de4105a5f64e5f09a85,0,171,814,2067,814,1896
a9e5db3e9452823f5753c401087c9544,ce47cb568aaaa328aaa4918e990ae2a8,1948,708,2812,2925,864,2217
4e90106488635206a6b305d71dc1f8b1,8618267bf7780bc801bef436dfa9e472,0,736,662,3281,662,2545
4e90106488635206a6b305d71dc1f8b1,f9c8d0c83f7ef47b09803865e6c12fb3,2123,0,2800,3518,677,3518
4e90106488635206a6b305d71dc1f8b1,1f5995b566b74c572b32c4dfd209c51f,2141,745,2800,3308,659,2563
4e90106488635206a6b305d71dc1f8b1,1d4ce992561c29c6c42ad836585586c3,0,0,673,3518,673,3518
9b57ccdd5c57508fded13b0ebce42c66,d373e46e76b1d00bcb836471b486af7a,0,0,848,2507,848,2507
9b57ccdd5c57508fded13b0ebce42c66,58c689a6acc257b80c7b640c6d30c673,1145,363,2012,2454,867,2091
9b57ccdd5c57508fded13b0ebce42c66,a40a7f07ebfc45a4196e2b5cf7eb1e7d,1176,0,2012,2812,836,2812
3f30820940422af425b4147d85201362,db1411a6e92a86bd56fdae9f957f1baa,0,814,717,2745,717,1931
3f30820940422af425b4147d85201362,b12c86c822f6e4234818106ecbe103d5,0,0,767,3102,767,3102
e79c186b19535a43e30cdeb28e893892,9a3dbb721d997c5974277a28af14dbd4,0,563,842,2579,842,2016
e79c186b19535a43e30cdeb28e893892,bd4bfe460b42411484b5e6cf5f4de6c6,1834,0,2800,2214,966,2214
e79c186b19535a43e30cdeb28e893892,e4f8cb39f01eda798bcc0d84f6aa8153,1879,614,2800,2725,921,2111
3f30820940422af425b4147d85201362,7639fe1ad80012ae1dd14f8821d9fc88,2185,699,2800,2636,615,1937
e79c186b19535a43e30cdeb28e893892,d97a7d7224b3b55a68ad6a6b53c13e29,0,0,936,3488,936,3488
3f30820940422af425b4147d85201362,31eff1a0c726c67d548b0b98674cd1b0,2063,0,2800,3518,737,3518
c04ee721783f5d7e74f6ea67dd29bac3,392b4935c0132e7ae3be14ebe388e0f0,0,513,623,2411,623,1898
c04ee721783f5d7e74f6ea67dd29bac3,0ad157723d28e0f429aecc26d61f1d93,2205,259,2800,2071,595,1812
c04ee721783f5d7e74f6ea67dd29bac3,2f070020a90e6fef330f231931c2bc3c,2040,0,2800,2751,760,2751
c04ee721783f5d7e74f6ea67dd29bac3,8dbe9a68b02a1e293b69b51be1b506c9,0,0,653,2732,653,2732
7974641ffd84fa61d00b13a0987c826d,3c7b5fe0136592ee5eeb99eb0818b50e,0,675,804,2680,804,2005
7974641ffd84fa61d00b13a0987c826d,c44f80c76fde6041d775a0aab8be8456,0,0,784,2484,784,2484
7974641ffd84fa61d00b13a0987c826d,f35adf889528b799693352ba51b310b7,2116,0,2800,2561,684,2561
6c1673b5ab22a98988e9ba8349dc9554,506717a694ff298aa2b7b5b2f4cf1826,1982,0,2800,3518,818,3518
7974641ffd84fa61d00b13a0987c826d,e9c51a071ac41f1b6e6dfbafe985f94e,1991,0,2800,3518,809,3518
6c1673b5ab22a98988e9ba8349dc9554,059b2e9e0dfe56c334bf6202a3684b91,2010,323,2800,2253,790,1930
6c1673b5ab22a98988e9ba8349dc9554,7b6d13368cc589ddd4453f0d0c05b7d9,0,806,705,2746,705,1940
75321149284715e8cb0d08590ab777cb,609870f4d7061a5fbd4b6517f34ed099,0,0,1023,2698,1023,2698
6c1673b5ab22a98988e9ba8349dc9554,dd030140d0a90718e09f9bd61b57b314,0,0,837,3518,837,3518
d4680bab55ac5fc75471e44114f13620,48b556ca396d0b367fbe9b66200697ef,0,477,1068,2663,1068,2186
833f7e133a01c296bf6dbdfd2565d337,f70187eb22096078dc059508afefa680,1606,663,2718,3580,1112,2917
75321149284715e8cb0d08590ab777cb,267db2a1a0f22df7e4aee88d1a5362ce,1971,290,2800,2380,829,2090
75321149284715e8cb0d08590ab777cb,5215777a9e2a8c3a4bd35e81a547c0bd,1842,0,2800,2770,958,2770
d4680bab55ac5fc75471e44114f13620,9ecc693c0a9156ca3daa02364d65a6c3,1685,0,2800,2725,1115,2725
75321149284715e8cb0d08590ab777cb,1ae5ea4013af186e63cd3a4bb507ae5f,0,640,978,2843,978,2203
833f7e133a01c296bf6dbdfd2565d337,6a39f91c7d5072070ee13935b057fdd3,0,440,1013,2557,1013,2117
833f7e133a01c296bf6dbdfd2565d337,54647ae6ac0815375c0461355db0dc9f,1600,0,2702,2663,1102,2663
833f7e133a01c296bf6dbdfd2565d337,cebd6fb8f204301a6b5542c1d6c44b80,0,0,1000,2558,1000,2558
d4680bab55ac5fc75471e44114f13620,983a3baf9eddbd33199aae1a40410a0b,0,0,1179,2731,1179,2731
d4680bab55ac5fc75471e44114f13620,a4228027da72741e488b9a258c967cd9,1757,688,2800,2832,1043,2144
ade0d1df4833760695c8126e9e0893c4,edaf5455f74e05b41b42ed0bd24c0277,2086,0,2800,2249,714,2249
9bdc7619f953b8bce849ca1949212e33,d991dd155ca4ff6e595ee50227a31233,1680,0,2800,3518,1120,3518
9bdc7619f953b8bce849ca1949212e33,11279b349e0e9aee25067eb648e68e94,0,0,1043,3518,1043,3518
9bdc7619f953b8bce849ca1949212e33,a7de2c103d8abf7da6963cf18820ed81,1809,0,2800,2650,991,2650
ef39a03bd841241b1456dcf586cb1f65,0e3722f20710bdb2ee2b81da05a60409,0,0,993,2555,993,2555
ef39a03bd841241b1456dcf586cb1f65,c7ffc16bb58e28f91c7be5fc2ee56060,0,546,960,2783,960,2237
ef39a03bd841241b1456dcf586cb1f65,1a23c13083988630f93b33820098215d,1803,0,2800,2503,997,2503
ade0d1df4833760695c8126e9e0893c4,e1657768954b53d9f38d5f81a8828014,0,0,678,2124,678,2124
ef39a03bd841241b1456dcf586cb1f65,43c0fbac5bbf7241e606a22727c393db,1822,502,2800,3283,978,2781
9bdc7619f953b8bce849ca1949212e33,53d369e5fd3bb9f35525d3d8ddd322b6,0,175,977,2701,977,2526
ade0d1df4833760695c8126e9e0893c4,5f6c3a37710c68aaa4d1ea52c1644659,2281,1179,2800,2820,519,1641
ade0d1df4833760695c8126e9e0893c4,3c5522946823c058e3efdd9717656fed,0,894,632,2649,632,1755
715e32624ee95138a328fe722ec2ae61,4b29846904255232605dc16172d62d50,0,805,685,2748,685,1943
715e32624ee95138a328fe722ec2ae61,da8e989f33f9a80eeefdc6eb8b2b2a85,0,0,805,2460,805,2460
715e32624ee95138a328fe722ec2ae61,d720de955597f31f0da5b54a566bed4f,2051,0,2800,3518,749,3518
af214ec717bb50ace6691dfb85bb1836,f3f19731b17dc0751600287ff050904d,0,0,743,2812,743,2812
af214ec717bb50ace6691dfb85bb1836,4b2d7a34e700e94b91f9317cd23429cd,1171,0,2012,2812,841,2812
af214ec717bb50ace6691dfb85bb1836,b64b992d7b799fd689c6eee37043f7b2,0,374,570,2116,570,1742
cec4b5bfee9c7b8ac37af3e8ac06a8fd,b2dbd7374f11eeb158fcc27d8687a0f4,1090,0,2012,2076,922,2076
715e32624ee95138a328fe722ec2ae61,792ebc4fa86f0f41b365fb59a51adf9c,2161,507,2800,2487,639,1980
9521142946e7a47cf8dcfa7569592152,7500885c2aef27592aea6c35f9229526,1774,0,2800,3518,1026,3518
cec4b5bfee9c7b8ac37af3e8ac06a8fd,ed80b26397d32220db31a35fcda4ff29,1084,0,2012,2117,928,2117
af214ec717bb50ace6691dfb85bb1836,35fa01482c53b745c4ce7ea9ff312353,1422,354,2012,2143,590,1789
cec4b5bfee9c7b8ac37af3e8ac06a8fd,7e5c6596a3fd3f3399f909f8c42b5bb9,0,296,1015,2812,1015,2516
9521142946e7a47cf8dcfa7569592152,06db367152f78f7dc9635139a2bb77de,0,0,925,3518,925,3518
9521142946e7a47cf8dcfa7569592152,7ebd9cdd5df99d8f396f17efa63adf15,0,653,859,3518,859,2865
6df134f139a987cf7f3083439f2cea33,232ca815d9ad82de3f11a67f73c6e2d2,0,0,896,3301,896,3301
6df134f139a987cf7f3083439f2cea33,2513fb959c47a02409a3cbb3b10c2410,1961,22,2800,2308,839,2286
9521142946e7a47cf8dcfa7569592152,ade8a8588eb06065df877ab512188e8e,1812,434,2800,2635,988,2201
f2d683e13f7d36b24bf39580d5a37519,ca02249583e1e8bbbdf365f2afd834e8,1086,20,2012,2090,926,2070
f2d683e13f7d36b24bf39580d5a37519,e87b722bbf50c92edf7371f0315592f6,0,0,867,2812,867,2812
368075ac5faebd83bf0c17e74e517e56,01aa2c5c20ae6adf7df67d797ba3c8f6,1999,0,2800,2282,801,2282
368075ac5faebd83bf0c17e74e517e56,83cfc8e1b91e53fa551ddf00935177c1,2072,810,2800,3187,728,2377
6df134f139a987cf7f3083439f2cea33,ce40f2ec3aad9c7ac88dfa2e555bd3d3,1821,0,2800,3518,979,3518
368075ac5faebd83bf0c17e74e517e56,80c3a503847fd909b4e2fcb7511cc1f9,0,0,856,2200,856,2200
cec4b5bfee9c7b8ac37af3e8ac06a8fd,b8b51ec798c9eb658d2aaa6e914cf61b,0,0,925,2229,925,2229
12027eb598129541c28ef0165c98eb0e,9181da541eac17b2c1e3ec9cdc35e37b,1897,0,2800,3003,903,3003
f2d683e13f7d36b24bf39580d5a37519,dae14fcf5768e5bbd37cd429899cf324,1112,0,2012,2649,900,2649
f2d683e13f7d36b24bf39580d5a37519,e93dd9d3cc28176584fc50be7764bee4,0,508,834,2509,834,2001
368075ac5faebd83bf0c17e74e517e56,0910d745587cc7fe05b07ce16e16268b,0,687,720,2592,720,1905
6df134f139a987cf7f3083439f2cea33,5c4e7f1a8126e11af8bf7410931853c7,0,91,750,2278,750,2187
12027eb598129541c28ef0165c98eb0e,171dc4825b3ce557eec317431023484d,0,0,840,3273,840,3273
12027eb598129541c28ef0165c98eb0e,151f70bd09d7f1f28ce8be1fe701109d,1939,614,2800,3518,861,2904
12027eb598129541c28ef0165c98eb0e,402588c30538903b4703c17f8e61db66,0,656,692,2739,692,2083
953167f397fdb932f9858a93e9b644d3,e46268b0fe43365dcf1998a200928921,1113,326,2012,2610,899,2284
953167f397fdb932f9858a93e9b644d3,41b42634f1748213aaa5d22904f101ce,0,0,969,2199,969,2199
1fb042d1185e912c1ee789b4db12b993,e487f4652dfc28dbdcc7ae6a4318a58a,0,128,685,2706,685,2578
953167f397fdb932f9858a93e9b644d3,d82c1e4bca181a0645a9d5b944260bec,0,109,940,2339,940,2230
953167f397fdb932f9858a93e9b644d3,e0d975e31b3e706351242ce208ccc1bd,1052,0,2012,2593,960,2593
1fb042d1185e912c1ee789b4db12b993,b855180d5a6cfb41db4a58f93ccdc73a,0,0,849,2861,849,2861
1fb042d1185e912c1ee789b4db12b993,1cd5a4abf5e374093eca34b25501a7a1,1938,262,2800,2463,862,2201
1fb042d1185e912c1ee789b4db12b993,628947677ed4e46460b87d9101e5d29d,1980,0,2800,2690,820,2690
3cb9f4578d99ece2c413b53d0fe42609,62b8b2ef4114a6b8efcd8f931587c3c4,0,0,958,2395,958,2395
3cb9f4578d99ece2c413b53d0fe42609,a1844ad5e76946cd5cc4fc032c8ee2a6,0,0,987,3395,987,3395
270709ba17a4afe1e2848ae71f5b9642,d51fd5ecf09f2fdfcdf27fafd2d5fe3f,1822,588,2800,2903,978,2315
3cb9f4578d99ece2c413b53d0fe42609,072203cf399f424bbeaba858f40398bd,1666,0,2800,3502,1134,3502
3cb9f4578d99ece2c413b53d0fe42609,7dc45cee4a466133aee1a79c86b81007,1788,241,2800,2272,1012,2031
270709ba17a4afe1e2848ae71f5b9642,0fe4b46af3e804d83f490f1b1dafba3b,0,620,784,2793,784,2173
388d68977e9c5f3508b2cd705f47965c,ac4c36046d69b5b5f7c525cb520420a6,1989,0,2800,3344,811,3344
388d68977e9c5f3508b2cd705f47965c,d8a9986944146d1ed7548ced12184c2c,0,0,918,2336,918,2336
270709ba17a4afe1e2848ae71f5b9642,3bc2f60f878f9d6132e9c0eb2755aacd,0,0,1664,2672,1664,2672
388d68977e9c5f3508b2cd705f47965c,4b960d0b503d4344c76e85437686c1dc,0,362,775,2779,775,2417
388d68977e9c5f3508b2cd705f47965c,6a8280b6e3ca08c7ed6ae179c2575e8b,2076,0,2800,2315,724,2315
270709ba17a4afe1e2848ae71f5b9642,6502f909cee3a163b0214865dc469038,1799,0,2800,3313,1001,3313
d12ded04194e16a20b08e6268e665619,d4ef1d6641548e34f6c8123119554000,0,0,1170,2717,1170,2717
2b2a86fb6f9d9d894d125a13977ecf87,08cbfb1418fe88585e9e03f72324e3e2,1677,107,2800,3518,1123,3411
545806c1949f3eb9686959d85a1a26a3,888a6a12a9a1d7dbd87418955c7632bf,0,0,1067,2735,1067,2735
2b2a86fb6f9d9d894d125a13977ecf87,bc8022b0f8fc270e70af44a21c14770d,0,0,1117,2555,1117,2555
d12ded04194e16a20b08e6268e665619,9338ec41ce96ae8f564b6d6021ecfa0d,1645,180,2800,2628,1155,2448
545806c1949f3eb9686959d85a1a26a3,02d253f51556e2e0af63525de2e9ff74,1717,0,2812,2954,1095,2954
d12ded04194e16a20b08e6268e665619,9f09e7b2e69b18f1d9b9d2634d3fff5a,0,442,1172,2572,1172,2130
2b2a86fb6f9d9d894d125a13977ecf87,f7fc95f6930665be47dc9723faab191b,1680,0,2800,2662,1120,2662
7432dab4cd8983ef03f6febd69af4d3c,58846fc05114ccb0829e7a4a9f395213,1506,0,2750,2417,1244,2417
7432dab4cd8983ef03f6febd69af4d3c,f716f0612e66daa7d656c6cbc271f9ef,0,586,733,2501,733,1915
7432dab4cd8983ef03f6febd69af4d3c,054edf22d0d72539603464df0b4b46f1,0,0,823,2685,823,2685
c9a38c05261d1a5c7309cd49916e512e,7fa6eca7e5b82fda66e44265ef3fe7ae,0,705,848,3192,848,2487
7432dab4cd8983ef03f6febd69af4d3c,b686e0f9778441b59661ca5987ca501e,1973,680,2654,3580,681,2900
c9a38c05261d1a5c7309cd49916e512e,f93c21b3d92c2f4829514ffeb4852976,1896,552,2718,3221,822,2669
d12ded04194e16a20b08e6268e665619,88dfee8212e25479377c74c5c5c8aff7,1683,0,2800,2590,1117,2590
c9a38c05261d1a5c7309cd49916e512e,9c4bebb54ad2e4e2ab5c9c53178c4b42,0,0,866,2670,866,2670
c9a38c05261d1a5c7309cd49916e512e,d0e8fb3d8e119175f043665b310ae751,1996,0,2734,3580,738,3580
91a60342c832522a2b8d93c58eeb793f,dbfca27798aada748f148dd3889abaac,1676,446,2800,3518,1124,3072
91a60342c832522a2b8d93c58eeb793f,f1fc2a6b07592921d04ee03bcd9145e5,0,0,1066,3513,1066,3513
91a60342c832522a2b8d93c58eeb793f,6921055310c81d6d3b74948dabb0aceb,1654,0,2800,2733,1146,2733
91a60342c832522a2b8d93c58eeb793f,5e29afc547afb90ed70ef2f2fd063956,0,512,1005,2750,1005,2238
2b2a86fb6f9d9d894d125a13977ecf87,9524d708f3fb567c0735eb66f26ce40b,0,652,1244,3518,1244,2866
0a3018e7ad1d1d7d2e142c2ca7c518fa,a321db55863a3c192f1b6ba790e62c07,0,248,1129,2622,1129,2374
545806c1949f3eb9686959d85a1a26a3,619362bc315918c81ecff201d89ab465,0,520,1079,2925,1079,2405
545806c1949f3eb9686959d85a1a26a3,a84bedfa211483078c78e5e4e9a4b3f0,1655,0,2675,2550,1020,2550
0a3018e7ad1d1d7d2e142c2ca7c518fa,ecfa0024c1c5c778cbdbf54f923390d5,1650,0,2800,2886,1150,2886
0a3018e7ad1d1d7d2e142c2ca7c518fa,c2b45125b9e1a9fbd0890552edb58801,1787,0,2800,2041,1013,2041
d4a765c26dc3722d65d786e6671b2cdf,b6c36b4485bd134215084cfc7e03ed3c,0,0,906,2567,906,2567
d4a765c26dc3722d65d786e6671b2cdf,09ba71266fc197aba240e3baca5bc2ae,1834,0,2800,2509,966,2509
d4a765c26dc3722d65d786e6671b2cdf,acc05166b3ff7e257eae37cbe272a25e,1820,0,2800,2575,980,2575
d4a765c26dc3722d65d786e6671b2cdf,73276047d5a71a7942155588ac0f099e,0,150,901,2888,901,2738
0a3018e7ad1d1d7d2e142c2ca7c518fa,4f78dc1158558f3f6753e055c1c318a4,0,0,1155,2911,1155,2911
e081a66ddcbc1f1856e1e6ed8f1a9bd9,0dfe2b682e624ec80b6624e957ebe8a5,2137,600,2800,2513,663,1913
e081a66ddcbc1f1856e1e6ed8f1a9bd9,86b8c44955993fd65239e9f9530cd7da,0,519,698,2487,698,1968
e081a66ddcbc1f1856e1e6ed8f1a9bd9,ca45da8ee990f039e3df0dba07424a0f,2003,0,2800,3518,797,3518
e081a66ddcbc1f1856e1e6ed8f1a9bd9,5fbfdd8f687474b4eb18cb6b3d840973,0,0,778,2748,778,2748
0aef9de26f71136b4b078408e922bd26,a23ce8981eccbea274b1edf342dfd3e9,0,920,763,2791,763,1871
0aef9de26f71136b4b078408e922bd26,24891874b834330630b66c51db384e75,0,0,744,2448,744,2448
0aef9de26f71136b4b078408e922bd26,25d20fe90727a2a97570024fd01caa7b,2195,1094,2800,2747,605,1653
484512e83ae6c1e4c4f85f398f4912b7,06932f056e312740cf68b9a9768751b9,1611,578,2800,2943,1189,2365
0aef9de26f71136b4b078408e922bd26,d0a1890b86b49462208c5f2e09befc40,2098,0,2800,2686,702,2686
484512e83ae6c1e4c4f85f398f4912b7,9f31142ac2dfb5859ea1345fd164be25,0,411,1434,2781,1434,2370
44c63ecd23616c4fce7e817470401d5d,f2c78bfd48fc27f3ecb391ff75bbf353,891,198,2012,2812,1121,2614
39d82944164fcc2892f0e6f12cd0b674,89b3a0d52d6ffccb88e42fd59259aa77,0,885,790,3053,790,2168
44c63ecd23616c4fce7e817470401d5d,a946022ece3bfd27edd0c9ec512caff8,0,0,1111,2812,1111,2812
484512e83ae6c1e4c4f85f398f4912b7,176af0f62f087027f16674e394bae070,1452,0,2800,3288,1348,3288
484512e83ae6c1e4c4f85f398f4912b7,9f0947f68cb807a461fa7538cdfdab7c,0,0,1441,3518,1441,3518
fb9eaa047b42bcc55b55d09265caa4ab,23c005de9f1dcd00f29bcb42b6e1348b,0,391,894,2367,894,1976
44c63ecd23616c4fce7e817470401d5d,972165237ce4c410eb9d612a1dc51a43,0,0,922,2812,922,2812
39d82944164fcc2892f0e6f12cd0b674,1c9fbf57307c32387a96f4a4dea6a116,0,0,943,3518,943,3518
39d82944164fcc2892f0e6f12cd0b674,78d5d9d37d09fa36e605523837dacac0,1848,0,2800,3518,952,3518
fb9eaa047b42bcc55b55d09265caa4ab,d3edc81e73d298cff58bdb5a3622e433,0,0,889,2883,889,2883
fb9eaa047b42bcc55b55d09265caa4ab,bc1601697db48af44542f21f1d529bbb,1912,365,2800,2890,888,2525
44c63ecd23616c4fce7e817470401d5d,a827b2f2eca5f6ef100a0ed628619eb4,813,0,2012,2812,1199,2812
fb9eaa047b42bcc55b55d09265caa4ab,6cae821775219730e5f01918f572c98d,1859,0,2800,3203,941,3203
39d82944164fcc2892f0e6f12cd0b674,42e129a97d0fc4ef0d2bc53135df11bc,2022,449,2800,2580,778,2131
c1efa130e4258fcd9fa64d4461bd8145,0e2457766a4559060731c8911f88d1c5,1734,0,2800,2671,1066,2671
c1efa130e4258fcd9fa64d4461bd8145,9dc911bbf82a852387976bad85e7a142,0,852,1012,2771,1012,1919
c1efa130e4258fcd9fa64d4461bd8145,e6af2d9cd937b057c22e2825d4a44664,1660,727,2800,2644,1140,1917
71fbe9b5c1c11fb81a4eff16dfc0de07,c37c9d06f7dc4dde20f80709f5050f02,1901,441,2800,2673,899,2232
71fbe9b5c1c11fb81a4eff16dfc0de07,979bbd89e132a975b3175ad53e0e9abb,0,0,915,3518,915,3518
71fbe9b5c1c11fb81a4eff16dfc0de07,69096a320389061323d897e6051f68c2,1893,0,2800,3439,907,3439
c1efa130e4258fcd9fa64d4461bd8145,82ce050e4866fc273dd87e0a7498c0da,0,0,1023,2559,1023,2559
4152e212d727057984702e2dfbdee234,7c73a65ce94c56feabab0c8b615eab42,0,0,964,2642,964,2642
71fbe9b5c1c11fb81a4eff16dfc0de07,560a28614a9247716e2f4374f67c839c,0,588,932,3518,932,2930
4152e212d727057984702e2dfbdee234,5a8febeab992a67c705ce7649c3efe21,0,28,907,3518,907,3490
a445fb17665f09342c64e5056dfcdb3a,63accb9428609f275e3990c80f54efa9,0,560,928,2767,928,2207
a445fb17665f09342c64e5056dfcdb3a,42a8634763703b0624bd0cf03eb3835e,1779,713,2800,2836,1021,2123
4152e212d727057984702e2dfbdee234,fae5f8cf37f37b672454a67ff7b16ef0,1866,689,2800,3518,934,2829
4152e212d727057984702e2dfbdee234,9f3a7288c7c0d992ffe69a23fe34b1e4,1768,0,2800,2716,1032,2716
a445fb17665f09342c64e5056dfcdb3a,2a22f0ed965998c0b0540c9b78e64496,0,0,920,2628,920,2628
8714c44e7743e0ce25213c71ee9f6765,265d4d7d7473ef7cbab4f0a7a957971f,0,709,970,2909,970,2200
df6e703de9dc243350f8427dbb6df365,0b95852c5dc6989ebf8a384bca829f50,0,773,724,2730,724,1957
8714c44e7743e0ce25213c71ee9f6765,7ad2692a68c4d366c1d1f775541e9a65,1942,727,2800,2980,858,2253
8714c44e7743e0ce25213c71ee9f6765,5906eb95e4edbe9e3ad8886ccc3f0b43,0,0,1073,2917,1073,2917
8714c44e7743e0ce25213c71ee9f6765,8a435248f8a6d148385b79ccf83257d0,1759,0,2800,3518,1041,3518
e35dd42328fa67f674cd799187956ec0,645cad6d363ba179b827a29a1827cb57,1021,0,2012,2812,991,2812
e35dd42328fa67f674cd799187956ec0,a72e2414df4b4abbac7e0c28d94eea37,0,525,768,2569,768,2044
e35dd42328fa67f674cd799187956ec0,4a76db60dca3bc0fc6753626e3f57328,1194,440,2012,2447,818,2007
df6e703de9dc243350f8427dbb6df365,9e82fa334e2de8cec496a5ca7ee8d14a,1806,0,2681,2609,875,2609
df6e703de9dc243350f8427dbb6df365,69c0a8dc2051407a97e582b995819f9e,0,0,931,2638,931,2638
e35dd42328fa67f674cd799187956ec0,5c4c5d068470ed34d0be3c809258bb69,0,0,942,2812,942,2812
df6e703de9dc243350f8427dbb6df365,6d18d5e62e1109df5ecdfe130d6fcb46,1789,544,2675,2680,886,2136
dd40afcc87ec2505b4a8973819fb5cdb,0e3b26c133c5fd3dc66dc42d7a6b52e4,1970,0,2800,3303,830,3303
dd40afcc87ec2505b4a8973819fb5cdb,38f263b6a5697174ae6904809e2f0556,0,641,800,3518,800,2877
a445fb17665f09342c64e5056dfcdb3a,ad7406fc7dc4bf148cf8dd697c66c188,1769,0,2800,2684,1031,2684
dd40afcc87ec2505b4a8973819fb5cdb,1bd492e53ecaf53522a266bc4bb9680f,1989,27,2800,2611,811,2584
dd40afcc87ec2505b4a8973819fb5cdb,70cd42ef6063237e7dafc194e6842041,0,0,852,3518,852,3518
d51872cb860414480dbedb3733e70724,7a7dfe0a2a9998e2eac32e5579db5317,0,0,908,3518,908,3518
6b0ff076ecb74691769c1248a8a031dc,46267de459fd45429ff2322eab034cb0,0,372,867,2397,867,2025
d51872cb860414480dbedb3733e70724,e507bee7c9fba777c89f4f1a96887f78,1957,562,2800,3518,843,2956
6b0ff076ecb74691769c1248a8a031dc,e853e2215787e38ce7275cad24cec920,1157,176,2012,2200,855,2024
6b0ff076ecb74691769c1248a8a031dc,f0456e56a0cd6b08ef237779351903b5,0,0,920,2601,920,2601
d51872cb860414480dbedb3733e70724,60f09a4f77ed153f5f4efd3bb3ea2835,0,472,880,2706,880,2234
d51872cb860414480dbedb3733e70724,73dcab1172639ae173f533e072daf2a4,1934,0,2800,3518,866,3518
6b0ff076ecb74691769c1248a8a031dc,9eefd8c66a0671c9ce3c0a0844965040,1084,0,2012,2812,928,2812
ac188db57db4ba50952d477f5ad41c00,d69703510b45102ed7a0852e2bc639b3,1533,33,2800,2567,1267,2534
ac188db57db4ba50952d477f5ad41c00,fd1aeca2dcadf3fbba23fea249fe230f,0,0,1192,2829,1192,2829
0248b2a2e617bea3174d5c0d926c4d58,2ee6cc34b802b820411b0cdff50f26ef,0,635,1129,2817,1129,2182
ac188db57db4ba50952d477f5ad41c00,e4127dadae1c0ca8b3458e39fed18aea,0,198,1390,2686,1390,2488
0248b2a2e617bea3174d5c0d926c4d58,33b81ab447478212f36d23089b62b935,1722,680,2800,2888,1078,2208
ac188db57db4ba50952d477f5ad41c00,c7b55f3d668b6dbd58b8d395f1f39e49,1616,0,2800,3518,1184,3518
8844438578f68c04d2f9811e0228c276,52eda18c09a3e5683011537b68513c68,0,392,801,2614,801,2222
8844438578f68c04d2f9811e0228c276,4e26c9b28cc643ff18158436c40332f1,2047,0,2800,2552,753,2552
8844438578f68c04d2f9811e0228c276,9ab789aef5ce680a94231f6633ab8aaf,2145,689,2800,2619,655,1930
8844438578f68c04d2f9811e0228c276,d6462653289e33b6c08e4da4cf988348,0,0,763,2626,763,2626
177a933dd5c12879620d96e03363d19b,ee77f85cc5721027e2530b83c060af4c,0,0,839,2531,839,2531
177a933dd5c12879620d96e03363d19b,c170ee49c25ac1039fa0b2528310cd5d,0,251,643,2812,643,2561
177a933dd5c12879620d96e03363d19b,d9a6d15be69d4a95317fa0351710c0d2,1324,353,2012,2411,688,2058
177a933dd5c12879620d96e03363d19b,2e0ec66790c5cf7f4558d397e7ac141f,1194,0,2012,2721,818,2721
0248b2a2e617bea3174d5c0d926c4d58,38cf0c1d5b66b44285bb41c02a6bb6de,1747,0,2800,3518,1053,3518
0248b2a2e617bea3174d5c0d926c4d58,98ffe0bc3bff61a973e0fc662d8dbbca,0,0,1101,3406,1101,3406
9652d400651e55dd2d67688ef187ec63,b351c51a9eab85ff313bc31fc2158d60,1299,344,2012,2268,713,1924
9652d400651e55dd2d67688ef187ec63,98df75585fed07c131e49166f318de3a,0,0,745,2599,745,2599
9652d400651e55dd2d67688ef187ec63,c55b961ce39494a1271229d8d5264843,1274,0,2012,2467,738,2467
e549f0ea058b3002844aec9328e24498,51cff1e98299eeec4d3d67e94a297199,1941,564,2800,3518,859,2954
9652d400651e55dd2d67688ef187ec63,3176da54ff274676f70c58693109983e,0,423,677,2351,677,1928
e549f0ea058b3002844aec9328e24498,3781a49eacaecfc8d024e90be7ec7884,0,281,885,2775,885,2494
fc52f5f7f83057fe882d21ebdac35922,ed6ac96ac3799624210698ca714f34a5,0,0,946,3110,946,3110
e549f0ea058b3002844aec9328e24498,5d1ebf546773de78f858add79ab3e723,0,0,904,2773,904,2773
e549f0ea058b3002844aec9328e24498,d3fbe52dd2522869510f8ce6f4e49f82,1910,0,2800,2793,890,2793
fc52f5f7f83057fe882d21ebdac35922,5e237c5ad772e1bbd8ca67cfae25f6df,0,921,857,2772,857,1851
fc52f5f7f83057fe882d21ebdac35922,22d85580030209bd36bf25806adc4b3e,1883,0,2800,2610,917,2610
5ed241690b2b9488f7c68e441357c6cf,bd32db5353325122d7778d73616d52e5,0,264,1228,2369,1228,2105
5ed241690b2b9488f7c68e441357c6cf,6f9e49fc60bf2191b109b84f136089ef,1650,0,2800,2872,1150,2872
a3f5fc2fc898d225bdacdc4083c37170,c2fb497c4cecd830b3a48aedf13376b3,0,790,677,2619,677,1829
3f98a39e82d6d68877571f1edf77b20e,fd382a9aa92f42e17079bc3ae071a2e0,1742,0,2800,3518,1058,3518
5ed241690b2b9488f7c68e441357c6cf,b458f37ae9b350ebc733d249db75401e,1754,486,2800,2603,1046,2117
3f98a39e82d6d68877571f1edf77b20e,ddcfda256aac2e1d6f4890aca8f33bd8,0,229,1030,2631,1030,2402
b31ad174f4dbfdd3890e05c13013946d,6f0b729208f8d8233b325e3ef5cf2484,0,0,989,3518,989,3518
3f98a39e82d6d68877571f1edf77b20e,5108c24a412b9a8a389271a0409fd892,1740,395,2800,3518,1060,3123
b31ad174f4dbfdd3890e05c13013946d,24c7801e2b422c2e5c0256ff6bd0b510,0,525,986,2726,986,2201
6176b51c721488337a76c3f66dcd110a,fe25e359e8ffb114aad4c4faba9a2c9a,0,343,752,2812,752,2469
6176b51c721488337a76c3f66dcd110a,fc6dcfbb65b58b02a8f0a5eaa42e967c,0,0,821,2320,821,2320
a3f5fc2fc898d225bdacdc4083c37170,085915d953d1dcb1b70b6c3b8e68e1c5,2186,609,2800,2352,614,1743
5ed241690b2b9488f7c68e441357c6cf,7b0a3507572604070257fe9a31b6fa10,0,0,1251,2755,1251,2755
a3f5fc2fc898d225bdacdc4083c37170,ed8e3ea08e94d11e5b4ea552c86cb3f3,0,0,706,2479,706,2479
fc52f5f7f83057fe882d21ebdac35922,c109ce18d872c340378acdfa12d4a058,1893,484,2800,3518,907,3034
a3f5fc2fc898d225bdacdc4083c37170,5fe8df2fb6a10d31a770177e37546256,2091,0,2800,2444,709,2444
3f98a39e82d6d68877571f1edf77b20e,890cb8bccf5f7ab9318c0010248ac889,0,0,983,3518,983,3518
934cf9b48c1d3ed86d954c31349a30a7,527c1518584a8afa0dcd5f4049325230,1673,0,2800,2850,1127,2850
934cf9b48c1d3ed86d954c31349a30a7,007bbe21cee36adbda9db043fba3c151,0,355,1206,2793,1206,2438
934cf9b48c1d3ed86d954c31349a30a7,31a400bf5e969c8508746ef1de3685d5,1694,140,2800,2923,1106,2783
6176b51c721488337a76c3f66dcd110a,756ddf452be86304f7610c0b9eebd0ef,1255,300,2012,2308,757,2008
934cf9b48c1d3ed86d954c31349a30a7,f02b09ddc387ad7bb337573c9bff10f5,0,0,1068,2948,1068,2948
6176b51c721488337a76c3f66dcd110a,4e28baf70ea1fd5dbb0f93ebfec4ff70,1225,0,2012,2283,787,2283
70e1593fd831e52b2056361cf8611783,5e08ff52b553a36142bc9973f79bc0f6,0,0,1001,2968,1001,2968
70e1593fd831e52b2056361cf8611783,71003f8907c0a43dddf4878ae9d6721d,1857,608,2800,2839,943,2231
b31ad174f4dbfdd3890e05c13013946d,7c1c472b3819a1804a0a07ea04bf5bcd,1766,616,2800,2773,1034,2157
b31ad174f4dbfdd3890e05c13013946d,75a84bc0edf56b3fb307f98accad522c,1848,0,2800,3518,952,3518
70e1593fd831e52b2056361cf8611783,5e98f140bb7aa9900e8e4ee1f924d292,0,0,1101,2821,1101,2821
70e1593fd831e52b2056361cf8611783,a24393616d845d87516c8281f6f9e581,1672,0,2800,2862,1128,2862
668a6a79cd3e29cf87f1a0211734a278,5cb8e03a1b981f930a89b7ae2f22e60a,1695,369,2800,2505,1105,2136
668a6a79cd3e29cf87f1a0211734a278,0fbfc4e8712bf0d6690bb1b09174861d,0,225,1140,2418,1140,2193
668a6a79cd3e29cf87f1a0211734a278,eae1887c9cb65f31a6978c589ccff450,1702,0,2800,2514,1098,2514
dade88bf5ab35143eec4f7cc27319bcb,ddfbc4825b3aff0e498209468f36859e,0,0,955,3218,955,3218
668a6a79cd3e29cf87f1a0211734a278,038a667ad8327337f5d4e32c53c4b82b,0,0,1174,2460,1174,2460
dade88bf5ab35143eec4f7cc27319bcb,b031b704ddded0f72fc07638f46ecea4,0,544,840,3518,840,2974
dade88bf5ab35143eec4f7cc27319bcb,0fb99066f76a5bf30396d0c4f945f6c3,1855,0,2800,2500,945,2500
ea6054632002120e2324bf58023cb098,ed451a795585068d9335150b4be79816,0,257,1004,2636,1004,2379
4ad0ce84cd3fd2f4a38972af8bbac15b,ebb2f62c72566dc36a8753a3e66ee1d6,1744,530,2800,3518,1056,2988
74263faa4ce6b5f38d5a566341b90ede,1db7d31c99895f51586ee77cffec4f0a,0,0,669,3518,669,3518
4ad0ce84cd3fd2f4a38972af8bbac15b,3952f09f51305910d3c32c9b790f7c74,1609,0,2800,3518,1191,3518
4ad0ce84cd3fd2f4a38972af8bbac15b,6b03a98b65cb29478418136eedbbd6bb,0,446,1073,3096,1073,2650
74263faa4ce6b5f38d5a566341b90ede,0e2a0708c2f8563b44e877277e96cea2,2199,0,2800,3518,601,3518
dade88bf5ab35143eec4f7cc27319bcb,1d5a28affcffc600c2dc3f6408876a51,1818,108,2800,3518,982,3410
74263faa4ce6b5f38d5a566341b90ede,81f16a40cd17f0f2850a0efab15ef6dc,0,936,532,3518,532,2582
b22bcfa6690a433f56d58cc7a0f30ac2,15ac5c7b62dfd790290616e2e327a0d0,0,0,674,2974,674,2974
ea6054632002120e2324bf58023cb098,e75f2f8e8ff3a54765d85b5ba15b020f,0,0,1007,2903,1007,2903
b22bcfa6690a433f56d58cc7a0f30ac2,2eed3628f509c770656a545b4a238d5e,0,686,628,2436,628,1750
4ad0ce84cd3fd2f4a38972af8bbac15b,8c56a5a401fc42779d71b1fed550c7c6,0,0,1107,3118,1107,3118
ea6054632002120e2324bf58023cb098,72e757097b9d88f245d2efd38088b849,1801,540,2800,2838,999,2298
74263faa4ce6b5f38d5a566341b90ede,71564414afdacaf35044279c0cef05d1,2208,755,2800,2673,592,1918
b22bcfa6690a433f56d58cc7a0f30ac2,3a41b05db02077f4a13db390381baa75,2231,684,2800,2514,569,1830
520f6746b1d2785e60279aa4128cf40d,f3499b0d32170d3130946c942bd5bc2a,0,471,911,3022,911,2551
54b84438aceebc33848f1ed19877b330,0adc8a85d70d053c80a88bb97d108e44,1605,136,2800,3518,1195,3382
54b84438aceebc33848f1ed19877b330,d54194aa1fcbb929fca6bd1a88b116b9,0,160,1224,3518,1224,3358
520f6746b1d2785e60279aa4128cf40d,14e87ab7a1d0b19f4484c6368991f215,1936,0,2800,3518,864,3518
8f5bfebe4dc00a437550d2e00dd6577e,ace9f3ea014b101251bb16637211b430,0,0,859,2646,859,2646
520f6746b1d2785e60279aa4128cf40d,3a1e38ac0c35ecbe57ca3de5cb9e5281,0,0,1229,3518,1229,3518
8f5bfebe4dc00a437550d2e00dd6577e,fc36df8f5460edafaabe5699bc3ed4a6,0,393,892,2563,892,2170
b22bcfa6690a433f56d58cc7a0f30ac2,f5e6a5a409ce03773c7cfb88db5ceb51,2054,0,2800,3372,746,3372
54b84438aceebc33848f1ed19877b330,95fc8c105d16ac569c2a2ac2966e8c55,1490,0,2800,3518,1310,3518
54b84438aceebc33848f1ed19877b330,1a96a240cc0748f1ae02bc6a0126aac6,0,0,1285,3518,1285,3518
8f5bfebe4dc00a437550d2e00dd6577e,c35cbd7b6b6fca18848e12dbb4d8d81f,1942,205,2800,2425,858,2220
ea6054632002120e2324bf58023cb098,d13bbad01a0829b1d78e83fe251aaa93,1842,0,2800,2804,958,2804
5cedbbdb51fc5d53d6c2a263c51d0550,82eace599402d6bc946e8c2f2e52135f,0,0,995,3414,995,3414
520f6746b1d2785e60279aa4128cf40d,c35eafa8cb9501d2129fd8225c5aa0fc,1897,0,2800,2632,903,2632
5cedbbdb51fc5d53d6c2a263c51d0550,c73c7fdefb65311725fa01da769fa1e4,1718,613,2800,2595,1082,1982
5df9b468cdc085e3a5fc570b803d8f07,c34f0939b036d194da8dc90cefe0c31b,1116,389,2012,2250,896,1861
48975fff28d21f8a852624749fcc7411,9b41ab605b23a804f8891e25b37097fd,1648,459,2800,2644,1152,2185
5996b674aba7a82b87244404d94d9f6d,0fcfe7fa501e3484590bc1c40df01132,0,0,1256,3518,1256,3518
48975fff28d21f8a852624749fcc7411,ce334c03dad5d9784977301ab1a84965,1610,0,2800,2765,1190,2765
48975fff28d21f8a852624749fcc7411,76d75b91f8471fededfdab08d895f5fc,0,0,1337,2863,1337,2863
48975fff28d21f8a852624749fcc7411,91df86bd8464d34510963e30eeccfdce,0,277,1263,2592,1263,2315
5cedbbdb51fc5d53d6c2a263c51d0550,261a2439b22bd322aed3f8d01e3ff1ba,0,762,1059,2790,1059,2028
5df9b468cdc085e3a5fc570b803d8f07,54ba17a0287e668b88e2f71808d0e521,1138,0,2012,2652,874,2652
5996b674aba7a82b87244404d94d9f6d,3679e2f9506fa22d4e2320867b8a6c20,1363,0,2800,3518,1437,3518
5996b674aba7a82b87244404d94d9f6d,c14af0c396f36e5f2dd3d79a0006f00c,1417,292,2800,2502,1383,2210
5996b674aba7a82b87244404d94d9f6d,46eeed5019f9d3b159836ca7835d0420,0,905,1202,3003,1202,2098
5df9b468cdc085e3a5fc570b803d8f07,9858977222769c6114df63947c8ec23e,0,0,825,2621,825,2621
e7ef134de68adb4e57657c1d1b3182b1,f775ea4cd26171353162c3cbfb7f944d,0,0,980,3518,980,3518
5df9b468cdc085e3a5fc570b803d8f07,ce26f9ea9ec53aafe6030a4fc8357b52,0,204,839,2044,839,1840
0c1289005ca8221836f570c16feec928,3240b9c937d902850f9035ee5fbaa429,0,649,1180,3379,1180,2730
8f5bfebe4dc00a437550d2e00dd6577e,4634d1b6a424dd312e69a0d661975137,1931,0,2800,3509,869,3509
e7ef134de68adb4e57657c1d1b3182b1,f72c6e43c15b49fa802c78395fa28104,0,319,950,2632,950,2313
e7ef134de68adb4e57657c1d1b3182b1,20c2500cfe9aca80141e3303d98239d6,1653,0,2800,3518,1147,3518
59c2efb7e93936b5bc32ca50d5eccd8c,a48fafd897b679b57d9204b042e16737,763,0,2012,2484,1249,2484
0c1289005ca8221836f570c16feec928,e185a0cd040597f0de520fecb8d477e0,0,0,1168,2734,1168,2734
0c1289005ca8221836f570c16feec928,dfc941f5aa30288fdd34f412234f8cab,1604,0,2800,2764,1196,2764
1a1fab4e6eb9512e6eda9d1d2cfda26b,c39c4396aebbba160dee0d711452ca2b,0,417,1065,2594,1065,2177
df8dd41ceeab917b59184941ba429bdc,4fdac34670ca221c8bd62f5c610648b5,2074,0,2800,3518,726,3518
df8dd41ceeab917b59184941ba429bdc,a9192040c8eb31ecb29e9fc9ba37603d,0,341,752,2500,752,2159
59c2efb7e93936b5bc32ca50d5eccd8c,db2fa1f25121edc390ef7be6ddc9e2be,677,181,2012,2610,1335,2429
df8dd41ceeab917b59184941ba429bdc,8b8a7a9cccb3d9d38826dcab08cda6a2,2163,642,2800,2581,637,1939
e7ef134de68adb4e57657c1d1b3182b1,9a8f2adaa77c3a185e52226d1b44c20a,1831,395,2800,2776,969,2381
59c2efb7e93936b5bc32ca50d5eccd8c,bccfffcc725788466d3acb3847c0402a,0,0,1241,2812,1241,2812
1a1fab4e6eb9512e6eda9d1d2cfda26b,f9b4e08fec0c5cb555d9da694abc1116,0,0,1132,3518,1132,3518
da6ce640b22100d327694fac20224427,9b0235aeeac25e10d742a3844eca7c42,0,433,1231,2712,1231,2279
df8dd41ceeab917b59184941ba429bdc,8fc9cac42a8e30a77fbdbb9f50ff0393,0,0,794,3518,794,3518
59c2efb7e93936b5bc32ca50d5eccd8c,b6f05df49f1c134240c55cf1c938b044,0,249,1161,2812,1161,2563
da6ce640b22100d327694fac20224427,36a1e784ebf01317e1ba734d3b23c1aa,0,0,1143,3518,1143,3518
1a1fab4e6eb9512e6eda9d1d2cfda26b,129b633979a43461369df710e69e111d,1753,0,2800,2617,1047,2617
f64b4d28092443aacf493234f6914393,366888ba593902283c1e5e60f7bd8ecb,953,312,2012,2515,1059,2203
5cedbbdb51fc5d53d6c2a263c51d0550,2617c55f84f1eab8d574c67630e55a21,1885,0,2800,2509,915,2509
da6ce640b22100d327694fac20224427,f60e4a6ab3f58f13e178fe8d98e532c5,1625,0,2800,3023,1175,3023
f64b4d28092443aacf493234f6914393,64179617f5e895888fefef51e7286331,0,0,1199,2529,1199,2529
f64b4d28092443aacf493234f6914393,259418d4cceafa8ce159ac701aa3e124,0,289,1223,2812,1223,2523
1a1fab4e6eb9512e6eda9d1d2cfda26b,2ac008d751dbe9d70d86a82e6544928e,1749,627,2800,2730,1051,2103
0c1289005ca8221836f570c16feec928,dc18ba4ea07ea23bf712eace7029e3d9,1545,266,2800,3244,1255,2978
da6ce640b22100d327694fac20224427,5a5b47288fbee0baeba652a8a8027682,1642,0,2800,2063,1158,2063
f64b4d28092443aacf493234f6914393,918554d13576bd63d2daeb0bc1266763,871,0,2012,2683,1141,2683
e408ef916c5ecb67e860d9a6a0aa11ce,ae3dfe522bd3d49d1af0c48c09832a12,1209,177,2012,2099,803,1922
e408ef916c5ecb67e860d9a6a0aa11ce,02e9d0e4b287ced6f6809c3c0e17970a,0,235,799,2180,799,1945
e408ef916c5ecb67e860d9a6a0aa11ce,e4a4fc761edf7873ed47237e3c7f94cf,1188,0,2012,2309,824,2309
e408ef916c5ecb67e860d9a6a0aa11ce,ee3be746d46b34571894610239592b1b,0,0,820,2406,820,2406
daed1861ac498ce81327b6bb9648c6ae,b874a55ca3e6fe40e239705d6866303c,2039,607,2800,2674,761,2067
daed1861ac498ce81327b6bb9648c6ae,ba80757bd004f8f53a8baac3f116c5b7,0,426,748,2481,748,2055
daed1861ac498ce81327b6bb9648c6ae,eb4fd52eabcfdeceb4c0b518f49b4d83,0,0,791,3518,791,3518
cca563825387b3ac1a1a81661501da99,b55a2a4694989e6e20b0927fd4508d6f,0,0,952,2386,952,2386
daed1861ac498ce81327b6bb9648c6ae,f926a7e5a3ba2908d90e5a0740b198ee,2005,0,2800,3518,795,3518
cca563825387b3ac1a1a81661501da99,044560be48741d6c344395686c892943,1760,756,2800,2889,1040,2133
cca563825387b3ac1a1a81661501da99,8745f4dc33a01199132367ef00405667,0,448,1111,2750,1111,2302
4d578469d22efd2a0d2e15add99e563f,401b7d150e2a7f21df5a86cabf0c9426,0,164,689,2812,689,2648
4d578469d22efd2a0d2e15add99e563f,5e86cc29f79dac5f9ba12a3534a25151,1337,0,2012,2344,675,2344
4d578469d22efd2a0d2e15add99e563f,dcc259ccf29374852945eee23c6b09e5,1290,0,2012,2812,722,2812
4d578469d22efd2a0d2e15add99e563f,9a8f1bcee32891eeb746727bdde5d268,0,0,724,2812,724,2812
cca563825387b3ac1a1a81661501da99,6c1e8f4a6ee75ec60ba5ed1e5e6a137c,1710,0,2800,2597,1090,2597
e1b91a51a8ffa7dd603104abae65c0ab,ace92b13e3349a378f9cb1bff82a364e,0,0,893,2431,893,2431
6916ac0c21bac3c8d8826f8067128122,259813249161f829b7a78cebe8ba06d7,1953,3,2800,2254,847,2251
e1b91a51a8ffa7dd603104abae65c0ab,16249821f7b29715c3bb8bd6db88f00a,0,603,845,2660,845,2057
6916ac0c21bac3c8d8826f8067128122,8ea9dab52c89d5b2d91ed4ecc00d560b,0,29,766,2258,766,2229
e1b91a51a8ffa7dd603104abae65c0ab,3a73434c916f7d315a5e6b98314093c1,1947,0,2800,2487,853,2487
6916ac0c21bac3c8d8826f8067128122,ad0f86503a88a1ba02583edb2bae84e2,0,0,795,3118,795,3118
e1b91a51a8ffa7dd603104abae65c0ab,5703c5841377a3546c9392c3f722a3e6,2010,696,2800,3518,790,2822
2bb068d72c51723fddf6b84d63702ae7,c4c1d232c76e33ae81ce3c08476ca538,1117,0,2012,2812,895,2812
6916ac0c21bac3c8d8826f8067128122,155209db98c4a651746d8a914fd66a70,2010,0,2800,3035,790,3035
2bb068d72c51723fddf6b84d63702ae7,fe2a2145c97741e0aff840234e907bdb,0,0,737,2062,737,2062
2bb068d72c51723fddf6b84d63702ae7,5d729bbf4e98444a3c1b454801ecabd9,1351,0,2012,2176,661,2176
356d2fb0000064937ed6d2890b8aafc6,2ae0289c36c98f1d1bade9968de68ef0,2146,449,2800,2514,654,2065
e96df68bfea5ae9171077df984d86abe,d131dc8a20445466361ed2b02c94ef93,0,132,852,2454,852,2322
356d2fb0000064937ed6d2890b8aafc6,18d9b87b1edd8128fe2a90037b64f67d,0,0,800,3349,800,3349
2bb068d72c51723fddf6b84d63702ae7,68f1a46e76c7467a03e3a2bed8d00154,0,0,919,2812,919,2812
e96df68bfea5ae9171077df984d86abe,0be4228940b4b63987b50b083469a71a,1177,473,2012,2812,835,2339
356d2fb0000064937ed6d2890b8aafc6,fdecd3fdbd46f05fe0106cc3b12b40be,0,501,669,2393,669,1892
fa770a3321d2065515dff4cff15ffcb5,00486d657f38482cb074d85bb970c763,943,0,2012,2812,1069,2812
356d2fb0000064937ed6d2890b8aafc6,b0341567989c4dcbae793bd782db78a4,2015,0,2800,3518,785,3518
fa770a3321d2065515dff4cff15ffcb5,68769b71b038732beac25885704272ea,0,0,1043,2812,1043,2812
e96df68bfea5ae9171077df984d86abe,ac102a9cb0c9400d95e61f87cc0ab3d3,0,0,962,2812,962,2812
4286cbee7d245746eb7ab621fb6d4234,3ec7dc0aac03ee6ea35c0c759fd01d2b,0,0,660,3518,660,3518
e96df68bfea5ae9171077df984d86abe,513948d4827155e53dd1583c10c95bdd,997,0,2012,2812,1015,2812
ec1fa167a5a95cb1e63836a9abdf864c,b5bda12d1de7b4639dc78fce717bf543,0,638,875,2824,875,2186
fa770a3321d2065515dff4cff15ffcb5,b2d2d75bbaeb9e0e59e76fba897bc87d,0,0,1047,2812,1047,2812
fa770a3321d2065515dff4cff15ffcb5,177285e49831893a23e1a8284ce4d34f,975,0,2012,2812,1037,2812
dec442c750151a175272b8ef0007cf09,63a6fea3ac77af3f8e332371745ccd65,1827,515,2800,2674,973,2159
dec442c750151a175272b8ef0007cf09,e45309a158e94a1ae380435e64023327,0,463,970,2614,970,2151
ec1fa167a5a95cb1e63836a9abdf864c,86b964a363d33f8d9959d6986619986b,1894,727,2800,2845,906,2118
382a5331fae3a148d8c1aa3808ac71ec,9cda9b93e5130a856ff7b435ab940e85,2071,0,2800,2392,729,2392
dec442c750151a175272b8ef0007cf09,675d744240f47d661b80c42df6b6b0bc,1766,0,2800,3438,1034,3438
382a5331fae3a148d8c1aa3808ac71ec,eb020f1df13082ae6d98dba524af2435,0,376,612,2380,612,2004
ec1fa167a5a95cb1e63836a9abdf864c,74b32d78ef7d6bfa572a705886271c7a,0,0,894,2654,894,2654
ec1fa167a5a95cb1e63836a9abdf864c,9b78b9e7a06712df5c0876f27d47fc18,1902,0,2800,3518,898,3518
4286cbee7d245746eb7ab621fb6d4234,4a687d98d93fa14b0e7ff6982cf385df,2113,0,2800,3259,687,3259
dec442c750151a175272b8ef0007cf09,2dac15a124ef97fc785e8cf9b4dad197,0,0,1072,3518,1072,3518
7ef745d36bf940627676a995773540c1,c1e13c5e968e4a03b297381d737c9628,1844,0,2812,3580,968,3580
7ef745d36bf940627676a995773540c1,fabd08617cf92bc72f308f1ad998e1aa,1894,583,2812,3002,918,2419
7ef745d36bf940627676a995773540c1,44d0ec23ea7b3815c7ded8c15823cc3b,0,491,906,2880,906,2389
7ef745d36bf940627676a995773540c1,8bd536780420a60aae347ab875c5b236,0,0,988,3580,988,3580
b365dbf9c6878c12650cac3bf8095e59,431964722939d4720140fc70e2da76f3,0,0,963,2585,963,2585
382a5331fae3a148d8c1aa3808ac71ec,2438ce076b0eaaf87f40f5bb0e9a712a,0,0,706,2724,706,2724
b365dbf9c6878c12650cac3bf8095e59,f5e0b34800ede10dbcd78cfdd82ab15a,1628,542,2800,3504,1172,2962
6fa247a7cc8c55a5c2c1c2e08886fff0,8614843af0214e12b27f5dddff82ebcc,0,507,962,3119,962,2612
1cd256c6c6305f54ab8ab30095f39604,3808468bb4c363fa41486b0791e4e51f,2050,700,2800,2623,750,1923
50a8bfda39adc93f22a174153632b823,648040dd50a48c66b4819c38536668ef,1266,0,2800,3518,1534,3518
1cd256c6c6305f54ab8ab30095f39604,74dd813d3bb066760a2ca6f80540d119,0,1102,680,2983,680,1881
6fa247a7cc8c55a5c2c1c2e08886fff0,5012f229d533459e5b014c3516dcd4f4,0,0,1158,2722,1158,2722
e118efea719f8dd45cbb08e5429a464d,5436ac441e02cf97a918c2ba513f9233,1782,0,2800,2803,1018,2803
6fa247a7cc8c55a5c2c1c2e08886fff0,25ff5206d206256dcd76cd32217a9d6c,1782,155,2800,2735,1018,2580
50a8bfda39adc93f22a174153632b823,f1c55ba6d6fef45f306b4415d05c6be5,0,0,1400,3518,1400,3518
4286cbee7d245746eb7ab621fb6d4234,1605863dcb28712755d979e417726459,0,903,623,2679,623,1776
382a5331fae3a148d8c1aa3808ac71ec,5353337c9c256dfa34fa5c4b7aac27a6,2287,576,2800,2349,513,1773
1cd256c6c6305f54ab8ab30095f39604,d703bfdbbd3d3eaf836ee23cda6565ff,1986,0,2800,2886,814,2886
50a8bfda39adc93f22a174153632b823,a6a9f78adf4efc1d312985667552eb28,0,163,1386,3518,1386,3355
e118efea719f8dd45cbb08e5429a464d,6e5e113edcd76a05b14b8ed1f7750ba6,0,0,1057,3518,1057,3518
1cd256c6c6305f54ab8ab30095f39604,68a22b1954bc7ebd5893eb47531f5be2,0,0,739,2546,739,2546
e118efea719f8dd45cbb08e5429a464d,c3c51d6c85973932338cc2e988b3f1f9,1639,0,2800,3514,1161,3514
9ea020a74caea13c4990c9d34a4bb45f,9f2bd50bb7a5b6925685639db66620dc,2004,247,2800,2020,796,1773
4286cbee7d245746eb7ab621fb6d4234,d78f7faa043e317d25d92dc76a4e4e29,2181,784,2800,2561,619,1777
9ea020a74caea13c4990c9d34a4bb45f,5b0fe52f8470b480c3fe575be1d9439b,1824,0,2800,2662,976,2662
9ea020a74caea13c4990c9d34a4bb45f,e6ec20879ea99b464f5b485fa2533bec,0,571,847,2507,847,1936
6fa247a7cc8c55a5c2c1c2e08886fff0,d938573749d169fb1a462ce1f9f9cc86,1743,0,2800,2908,1057,2908
b365dbf9c6878c12650cac3bf8095e59,8a7414f4289d4ffdfae1c8c6b767a4ef,0,342,1084,3441,1084,3099
e118efea719f8dd45cbb08e5429a464d,f27721b219f110a419193176e5e53151,0,344,1082,3518,1082,3174
b365dbf9c6878c12650cac3bf8095e59,d1e2bbb40a32e1ececd4ac8733d5beea,1661,0,2800,3518,1139,3518
50a8bfda39adc93f22a174153632b823,0a6f0eac805822cd00f3c25ba99569e8,1414,293,2800,3518,1386,3225
9ea020a74caea13c4990c9d34a4bb45f,b8527c2bc3302a40c583b450aa0c7808,0,0,925,2743,925,2743
b103f1f8b0587e655e3d2ef172d77aec,afa5da296256066dd1d2701eb3d37634,0,0,1211,2876,1211,2876
b103f1f8b0587e655e3d2ef172d77aec,a4e1902203b851213146380f19a6891e,1826,516,2800,2835,974,2319
2bdb22f710c9636e657208c4b0318c9c,7d743968b25dbe05699c268410a3c3f7,1516,0,2800,2797,1284,2797
b103f1f8b0587e655e3d2ef172d77aec,93651b27b036a8e6f7316ea11a37b99d,0,529,1171,2968,1171,2439
2bdb22f710c9636e657208c4b0318c9c,4b46694fdf9614b41b8968ddcdc60fec,0,678,1412,3035,1412,2357
b103f1f8b0587e655e3d2ef172d77aec,efcb0eafdd9b5125468295d63e6ce173,1673,0,2800,2709,1127,2709
64d8ae3012d204aa6d000215e97d8f5c,066baba8c1172347566b6eef58583fa7,0,520,587,2084,587,1564
2bdb22f710c9636e657208c4b0318c9c,db769a6542dbd47457abdb021636f857,1505,429,2800,2765,1295,2336
64d8ae3012d204aa6d000215e97d8f5c,12562dbabe64104b6d2dc0132f33b885,940,0,2012,2612,1072,2612
0e658db3b1995425c26e2a04402f4431,0bb789fd913523189766cf82b65f598e,0,515,1079,2649,1079,2134
0e658db3b1995425c26e2a04402f4431,fbc2a73ca8b071257ec032a226c2db6d,1832,315,2800,2714,968,2399
4399b66289c085683de8ae59d1cb2688,cf527a0c9e3060fa25c60c013305b3d9,2025,895,2800,2767,775,1872
872b83b92267c4e4aeb493df6171b1aa,1211e465eb1d3f2dc27046b2bda0456a,1396,0,2800,3179,1404,3179
872b83b92267c4e4aeb493df6171b1aa,28051d3a4c61ca34bcee001d5ad0ee6a,0,0,1411,3213,1411,3213
872b83b92267c4e4aeb493df6171b1aa,33b7f62e5fbac04436b4ff959857ca90,1562,437,2800,2918,1238,2481
64d8ae3012d204aa6d000215e97d8f5c,fedc33c3503c257dab40ac62997100c3,1519,452,2012,2158,493,1706
2bdb22f710c9636e657208c4b0318c9c,7caabc517262e5cb1ca146d1c5f9095a,0,0,1345,2677,1345,2677
e70610ed4047bdef68a83b693eeae613,56fc4476e431eac2f1bc6291b9c78210,0,932,1050,3518,1050,2586
64d8ae3012d204aa6d000215e97d8f5c,4fcb676d3aac2a4e77e2f70b5d8a6cf2,0,0,739,2768,739,2768
44f388c54b19c6ea21e1b6658bbc364f,e3dfc91e12d49e955bf514cbbbd89ec4,1337,0,2012,2812,675,2812
44f388c54b19c6ea21e1b6658bbc364f,f9dd3ea5f5ab5b20d85cdc2f74b8ae39,1505,587,2012,2076,507,1489
872b83b92267c4e4aeb493df6171b1aa,5049ebd512ed58a6b07c4df585603f39,0,451,1152,2921,1152,2470
0e658db3b1995425c26e2a04402f4431,b46e703a1f3e08ddb65c93889e0bb2e1,1860,0,2800,3518,940,3518
4399b66289c085683de8ae59d1cb2688,b4215e8cfa6eb628e7144913dc078ff4,0,0,934,2996,934,2996
0e658db3b1995425c26e2a04402f4431,e86a66c703828063733d89c051ac144d,0,0,1061,2729,1061,2729
4399b66289c085683de8ae59d1cb2688,a787ef4cf1b563ad15b831f7688b3490,0,747,951,2890,951,2143
e70610ed4047bdef68a83b693eeae613,28df19fab3181eeb9dfcc55be3210f8a,0,0,1081,2910,1081,2910
e70610ed4047bdef68a83b693eeae613,d62657074dd288e8887bf595e816de32,1592,238,2800,2877,1208,2639
4399b66289c085683de8ae59d1cb2688,c1f1e6e47f473ef2bf9630cbf225a1ae,1780,0,2800,3086,1020,3086
44f388c54b19c6ea21e1b6658bbc364f,252e04bc2f1dfcf5b3d06099d3d7fee1,0,683,529,2235,529,1552
bd91fdd74220324456336b34a2e84462,b1e41796ea46c8fb3141e325c18aaaf8,1475,618,2812,3580,1337,2962
e70610ed4047bdef68a83b693eeae613,37f381bdbdaa688f7cf34fe65d2d6eaa,1644,0,2800,3518,1156,3518
44f388c54b19c6ea21e1b6658bbc364f,fb8a027f53841dea36c2ca4ea4cc9db3,0,0,681,2578,681,2578
bd91fdd74220324456336b34a2e84462,c79a63fb2c295508bfd43e76d995c781,0,587,1181,3154,1181,2567
bd91fdd74220324456336b34a2e84462,e28939b990d1e535578c79d4d6540e89,0,0,1266,2806,1266,2806
3d69a7800411de271a7ba6503b05bef6,a95f5aff554af89da17ad496a27eab5e,1827,0,2800,3364,973,3364
3d69a7800411de271a7ba6503b05bef6,b8ad72c3472c5490c59f664b2a6f6269,0,441,849,2477,849,2036
3d69a7800411de271a7ba6503b05bef6,d626637f09c7e1f0d43c7340886b65d6,1982,473,2800,2582,818,2109
b928aecbae94f96efeaa108133ec9a82,7fc9aca518392f403747ec36f9e14a45,0,0,862,2850,862,2850
b928aecbae94f96efeaa108133ec9a82,7536b035840d28a2b3c721a2c7914f1e,0,547,739,3208,739,2661
bd91fdd74220324456336b34a2e84462,30c9de78d8b028aabca147ff73272369,1474,0,2812,2908,1338,2908
b928aecbae94f96efeaa108133ec9a82,a017ae124b1046e68c717956cf4d5e5e,1960,0,2800,2746,840,2746
3d69a7800411de271a7ba6503b05bef6,94ded0fb1036a6f4f044beba047b8d3a,0,0,957,3518,957,3518
b928aecbae94f96efeaa108133ec9a82,8135e950c37154569fb37dbb804f856a,2027,626,2800,2778,773,2152
2b333f5ac2c701dd5d9a3c52cc3a9a4f,14e7f8b67d95a646ba327cb22a2511fa,0,283,987,2790,987,2507
2b333f5ac2c701dd5d9a3c52cc3a9a4f,347d7eb503644c175d6e829d679be19c,1780,979,2800,3045,1020,2066
2b333f5ac2c701dd5d9a3c52cc3a9a4f,b2b756cca82dfcc53072470e1e8ac115,1715,0,2800,2724,1085,2724
197c738cb0d8fdf00626b15bd51f37eb,6c70470bae8a4cbabb0448fd3c6b7b1c,0,0,866,2583,866,2583
2b333f5ac2c701dd5d9a3c52cc3a9a4f,516f190d9339b5242b2b27cc90926556,0,0,1062,3324,1062,3324
197c738cb0d8fdf00626b15bd51f37eb,d59f9ba1d3af055dc43ed2bd4180ce33,955,0,2012,2812,1057,2812
e49d8e95ce75cfec372ac63495490225,b1a0ff08d1036d3e2c901be8820ae682,1938,313,2800,2568,862,2255
e49d8e95ce75cfec372ac63495490225,019b9f6365fa641db040b5b643fadc42,0,547,798,2738,798,2191
197c738cb0d8fdf00626b15bd51f37eb,8c1be979f07b8eb9ef052b8c951abc90,0,656,664,2812,664,2156
e49d8e95ce75cfec372ac63495490225,83a5fa12e65beb4e9bc94d7bcd407e02,1715,0,2800,3518,1085,3518
e49d8e95ce75cfec372ac63495490225,c7c60c6a527a217dd3f4f508a6305556,0,0,1044,3051,1044,3051
982ee2f10cd571869161c0e1d50a7983,24dcabfec19f55688cb3718eab505d32,2032,703,2800,2490,768,1787
197c738cb0d8fdf00626b15bd51f37eb,81621d74ae79bbb78500cd671b298cee,1153,263,2012,2455,859,2192
982ee2f10cd571869161c0e1d50a7983,db6998c4cf504c9d3c918667cd9d5e61,0,786,846,2563,846,1777
0a936e2a8042114394878bee2c7ef727,9358c1e956e4bcb7f57fd064075ded77,2050,653,2800,2690,750,2037
0a936e2a8042114394878bee2c7ef727,f440c8794f743a8652cf8b76cc666f72,0,990,768,2921,768,1931
982ee2f10cd571869161c0e1d50a7983,cc87d966254f38fd9b0244b1f5ee5770,2045,0,2800,2368,755,2368
0a936e2a8042114394878bee2c7ef727,b6e2559b471f72cb81b225f47b74c117,2039,0,2800,2635,761,2635
0a936e2a8042114394878bee2c7ef727,44229b17b0931efd0afc80439c474259,0,0,712,2657,712,2657
982ee2f10cd571869161c0e1d50a7983,7690b8076d9bb60c639458226f908e66,0,0,791,2424,791,2424
f58ee75d530001771356090077eedbfe,f5267308a0a9597d0640ca84ddee4376,0,0,664,2759,664,2759
f58ee75d530001771356090077eedbfe,5d51e2e3e3ba17f5b2a753c85b94f922,0,306,680,2315,680,2009
f58ee75d530001771356090077eedbfe,9a9923a681969f5ea6b3feaa381602e7,1356,0,2012,2241,656,2241
a9806aea2c2a812e3495c594b70a2622,d2cf4542976e36dcdfd39a1f9a6df2d3,0,0,796,2392,796,2392
f58ee75d530001771356090077eedbfe,b0e42e86ebf15e4748398fc46135e633,1233,0,2012,2812,779,2812
a9806aea2c2a812e3495c594b70a2622,e87781720c2771e22823701fcc0aaf44,1961,0,2812,2317,851,2317
a9806aea2c2a812e3495c594b70a2622,db61c413c763ec7bf18c7d67c97fb1a1,0,576,823,2548,823,1972
a9806aea2c2a812e3495c594b70a2622,e9474b0f6b8fee9cf11dca4ac57b8959,1883,1010,2812,2987,929,1977
11083fc737704d5c6a8fc47e195f4b2b,d1bbffcbb06605165b497abb14c845be,0,0,856,2359,856,2359
11083fc737704d5c6a8fc47e195f4b2b,23ce85ac7ecc522bc018a57cadcf2e15,1992,0,2800,2574,808,2574
11083fc737704d5c6a8fc47e195f4b2b,3f67417d7d98eba147c4d0ae4cb6c63f,0,634,922,2631,922,1997
11083fc737704d5c6a8fc47e195f4b2b,c6605822cb14e76780082988edb8950c,1925,465,2800,2415,875,1950
74ee91af9bbf6aeb8a55f24e3842d6ba,1840b15a710e1251102ef0f480289915,1934,0,2712,2922,778,2922
bcab78ee9a90e5cfd4c5fb59771bbfca,d3e1f847b4b8cb939cbdb804fe972443,0,157,1029,2335,1029,2178
74ee91af9bbf6aeb8a55f24e3842d6ba,d01b018e5e45f9f7580df2435917ca49,0,1178,725,3146,725,1968
74ee91af9bbf6aeb8a55f24e3842d6ba,0a162557b264e6af7643345ee1f73f5e,1897,863,2700,2877,803,2014
bcab78ee9a90e5cfd4c5fb59771bbfca,b68769ba266c8a6ccfc95b649e14e23c,987,0,2012,2338,1025,2338
757089b11b301a4cad0e765a2dcc61d9,bb0e14815e022d5ca1654408f0ae14cc,0,510,800,2674,800,2164
74ee91af9bbf6aeb8a55f24e3842d6ba,8a93499340824c3adeefec70eb52fa33,0,0,714,2722,714,2722
757089b11b301a4cad0e765a2dcc61d9,37e8ab2c6f735a63313ea993d0b6de65,1978,533,2800,2675,822,2142
757089b11b301a4cad0e765a2dcc61d9,e9134a25ff9f0bda5519959ff95b1910,0,0,891,2788,891,2788
bcab78ee9a90e5cfd4c5fb59771bbfca,7ce6d14b8b32e11881fc1ce635f205dd,938,0,2012,2508,1074,2508
bcab78ee9a90e5cfd4c5fb59771bbfca,4a744841c393135e24378da6f6da4444,0,0,949,2458,949,2458
757089b11b301a4cad0e765a2dcc61d9,2955de02cc9495a45e596224b916499f,1851,0,2800,3518,949,3518
5a303126e063d3215dc41c3951c9f3a4,70140b4f4661b08654613fcf797df472,2055,544,2800,3518,745,2974
f132348fba403645b37cd96ad4deaa70,3422cb728b4ce89af950b15f561ff5c1,0,0,720,2522,720,2522
9ea36ed26150207709431103d87793da,1a2c3306f55a34e49a77b399a5963fe4,0,725,665,2673,665,1948
5a303126e063d3215dc41c3951c9f3a4,51de2592d207f5604696b52567c39ff5,2102,0,2800,3075,698,3075
c6e05e9f27c1af96756ef5221391feab,67c4fbb33651eca5ab24f86978bcc9c9,0,269,1196,3402,1196,3133
f132348fba403645b37cd96ad4deaa70,7b01339960d50bd120e8cb7049fcd36d,1538,0,2800,3277,1262,3277
5a303126e063d3215dc41c3951c9f3a4,6b59f64eab15b9fad12333e4c82a1b3a,0,694,774,2631,774,1937
9ea36ed26150207709431103d87793da,6ea03a23669e2b2dd6a1c4aac26d833a,0,0,847,2481,847,2481
5a303126e063d3215dc41c3951c9f3a4,65ee52bfa04dd0c66b346a48033c749b,0,0,787,2240,787,2240
9ea36ed26150207709431103d87793da,c9bc9b77bd0e0dde8d763c9f62bd6240,2099,420,2800,2542,701,2122
7364e99bbbfc25fca6f398ca2110b55b,8213861246abd9d9f87311466587dfaf,0,774,752,2574,752,1800
c6e05e9f27c1af96756ef5221391feab,9b0a92f47fcfce6f702ae2b2ac5c033f,1577,356,2800,3518,1223,3162
f132348fba403645b37cd96ad4deaa70,36cab231c9ebb3b879dfbcae136c5d24,2073,0,2800,2473,727,2473
7364e99bbbfc25fca6f398ca2110b55b,255ba54736c7c638fa29aa5ab0c0188c,0,0,714,3518,714,3518
c6e05e9f27c1af96756ef5221391feab,22e70fe0901a4704494023159e1031d8,0,0,1315,3518,1315,3518
8c5683e7012038668f69a21cfadd8e1f,009e539fbe294fb3f22022e56faa7600,1904,435,2800,2553,896,2118
7364e99bbbfc25fca6f398ca2110b55b,0aa8394efecbfb0f5c4a66ffbd215912,2061,0,2800,3518,739,3518
c6e05e9f27c1af96756ef5221391feab,65debf528f289d705998518d8d056f84,1571,0,2800,3083,1229,3083
7364e99bbbfc25fca6f398ca2110b55b,0bcbcbbe010d72178ba66ded4ad519c4,2066,771,2800,2576,734,1805
9ea36ed26150207709431103d87793da,3dda60b3551bb25754eec87edb583cb6,2003,0,2800,3156,797,3156
acbdb0c6c3d5ca682292023bd853202b,f735e39d97ae9c9e453679e69d219a30,0,378,860,2441,860,2063
f132348fba403645b37cd96ad4deaa70,594ded60d16bd730498fbb41c0c190b3,0,0,1214,2643,1214,2643
acbdb0c6c3d5ca682292023bd853202b,0ba057406ce039d9c72a2a643ddb038f,0,0,758,2504,758,2504
8c5683e7012038668f69a21cfadd8e1f,e6d1fee02d8d4700ae9923cc5ffe25f3,0,0,912,2967,912,2967
8c5683e7012038668f69a21cfadd8e1f,33ff45adf5e9994562b71a181ee5c676,1768,0,2800,2881,1032,2881
acbdb0c6c3d5ca682292023bd853202b,150bcf3cbda3ced308ea6e212af70f23,1999,361,2800,2274,801,1913
7eac8fe6c40fb918bd457a748336a6eb,5f297200892a29353e4ac3a451cc5735,1746,309,2800,2469,1054,2160
acbdb0c6c3d5ca682292023bd853202b,de8b9bb0de559148fbdde2630f3067f3,2015,0,2800,2593,785,2593
cc2fa527db72082028747b8f14c3d578,3cf5b4d09a6085ad86491fade395eebd,0,878,972,2826,972,1948
7eac8fe6c40fb918bd457a748336a6eb,0f4eb6b9b5dab6e2789f781d354aaa4a,1730,0,2800,2590,1070,2590
8c5683e7012038668f69a21cfadd8e1f,c21b2fb5b233f2f8e938862c8aeab31c,0,527,855,2699,855,2172
7eac8fe6c40fb918bd457a748336a6eb,44a40f11ec42c86f785b63af0a61f972,0,0,1107,2470,1107,2470
455f64c9930181b4e7607cf3fcb52c73,02466a0f53e10d20c4886decf214b629,0,215,1389,2617,1389,2402
9194b4cb70ab88e4acf35047f7ee5a1b,995a11646afc1951a658daf7c29b414f,1761,0,2800,2700,1039,2700
455f64c9930181b4e7607cf3fcb52c73,f06207a410055fd0bee9e3b95f6cd1f8,0,0,1333,2658,1333,2658
cc2fa527db72082028747b8f14c3d578,9be8f8e91569f85bf8472c9eacc47753,0,0,792,2680,792,2680
cc2fa527db72082028747b8f14c3d578,db995adee9848eeb14830fbc984d7457,1973,0,2812,2710,839,2710
455f64c9930181b4e7607cf3fcb52c73,c0a6ef17f4591adf581591e9314b10cc,645,0,2012,2812,1367,2812
cc2fa527db72082028747b8f14c3d578,32c871fc00d74fda13141bdb757e0304,1886,442,2812,2490,926,2048
455f64c9930181b4e7607cf3fcb52c73,1f807e4b28198a089796a8a714c68fac,700,0,2012,2608,1312,2608
9194b4cb70ab88e4acf35047f7ee5a1b,2e12b82d43753618c5ac764832dd3938,0,423,1282,2722,1282,2299
9194b4cb70ab88e4acf35047f7ee5a1b,cb367d89463e0acc02ef891b82cbac46,1594,437,2800,2780,1206,2343
4a55afd0d112bcc760240003aefa0807,a4b744af93fbb7336f6a1ca50d57e958,1907,269,2800,2374,893,2105
4a55afd0d112bcc760240003aefa0807,173550dede8b8d89e2e31d8c40c85413,0,0,894,3360,894,3360
9194b4cb70ab88e4acf35047f7ee5a1b,312d8cc113a643808b92a854ea8d10c1,0,0,1167,2670,1167,2670
4a55afd0d112bcc760240003aefa0807,8b228b554e9625ce931adf21c6d387d2,1963,0,2800,3459,837,3459
020111fc6dcc2788d576d96867fccdfe,ddfe9ee47563db55b0fe2fa5d1429f04,0,323,911,3518,911,3195
020111fc6dcc2788d576d96867fccdfe,3326f713b6f96f691e16abf6c62e8d59,0,0,968,2947,968,2947
020111fc6dcc2788d576d96867fccdfe,92ac374d4fba573b49489862fd94ba42,2058,213,2800,2546,742,2333
436d8bc6249a84f919004ccb0a34e267,39a55f6385784e6004e10dbf5fcc082b,0,447,972,2619,972,2172
436d8bc6249a84f919004ccb0a34e267,0c7e55487cd8f38f8bcc82a0b63ab817,0,0,992,2471,992,2471
436d8bc6249a84f919004ccb0a34e267,4c032a28c02e370237e64b5f1b698f59,1878,657,2800,2679,922,2022
684f950789b07fa422523e4f75a5b665,0a2b30321476ddb51126ae5ecd992b6b,0,690,855,2642,855,1952
020111fc6dcc2788d576d96867fccdfe,bbc02c7b51f36ea39d9a65122164eaf8,1807,0,2800,3184,993,3184
4a55afd0d112bcc760240003aefa0807,6c297a1a2dc591d7cfac684cc37acb81,0,703,833,2738,833,2035
436d8bc6249a84f919004ccb0a34e267,1f7d49da43d159eb0cb9e46afaf4301e,1819,0,2800,3086,981,3086
684f950789b07fa422523e4f75a5b665,e962815fe64254c045ec2c547181d27f,1879,0,2800,2410,921,2410
684f950789b07fa422523e4f75a5b665,ea932f88b0339d26e2f2463b238a5aec,1837,564,2800,2587,963,2023
a46fec0ee2a1bcfa8e0561f3fa3c76ae,9bc031b3ead6fdfe544e5fbbc911db34,0,302,1227,2577,1227,2275
684f950789b07fa422523e4f75a5b665,92aa05ed351e6ae341bd087f2aa1cf96,0,0,944,2316,944,2316
a46fec0ee2a1bcfa8e0561f3fa3c76ae,1b37399d03756446b315f818b89c0b73,1657,382,2800,2550,1143,2168
a46fec0ee2a1bcfa8e0561f3fa3c76ae,8838c48008498198ede063e97ab65424,1694,0,2800,3518,1106,3518
a46fec0ee2a1bcfa8e0561f3fa3c76ae,cf2c32db9f9b0347ab2953a0aec4bd21,0,0,1152,2800,1152,2800
868945065ea8bdca1ffd3736f0c3d18d,778da574de176a8ae539d2d22e12e07e,1877,360,2800,2496,923,2136
c3a4083c5d1cbae24bf78b95465c89b1,39e183171ffaf61b0d40bb198f013a7c,1946,453,2800,3518,854,3065
c3a4083c5d1cbae24bf78b95465c89b1,ef1c9c8dd072e1c43a7172dfddd7660e,1885,0,2800,2625,915,2625
868945065ea8bdca1ffd3736f0c3d18d,5b6b35d73112b0730ec69c15bb11eac7,1878,0,2800,3000,922,3000
868945065ea8bdca1ffd3736f0c3d18d,8aea0bfbc0d704832d1501c004a51fa7,0,427,838,2461,838,2034
c3a4083c5d1cbae24bf78b95465c89b1,a85636bc3e9a44de2cfe0341fa2b2421,0,0,920,2723,920,2723
c3a4083c5d1cbae24bf78b95465c89b1,0207463fd1940306b1fdb35605c04ef8,0,561,835,3518,835,2957
7eac8fe6c40fb918bd457a748336a6eb,2d72cc0b958361c7b02c771ce458d089,0,349,1025,2506,1025,2157
868945065ea8bdca1ffd3736f0c3d18d,eefef00c3ea217423507e9e96028b57e,0,0,962,2871,962,2871
a1f8c1d32ac2da1967b3c6b3ee34616e,f554eb48ce46c7e5035e731257e35d91,0,576,729,3039,729,2463
a1f8c1d32ac2da1967b3c6b3ee34616e,8d6f67484bb440da35cad13606f0dc31,1853,0,2800,3334,947,3334
a1f8c1d32ac2da1967b3c6b3ee34616e,deaa6aeba35fe47e656fabf4ef4190ca,0,0,887,3518,887,3518
0b4c1120dbd23c7742319c51f60a56f6,746b890b9f593ba8207d46c80372211f,870,0,2012,2383,1142,2383
0b4c1120dbd23c7742319c51f60a56f6,270336b2618d7705dd2e192309a63318,0,108,1274,2395,1274,2287
a1f8c1d32ac2da1967b3c6b3ee34616e,82badf21d57a89758e9f7948d8835a17,2065,601,2800,3145,735,2544
c7d073d0e734b36ccd8dad3c571d8709,d9de09395baf10a64c597ac8d7a2e890,1805,0,2800,2923,995,2923
7e429f30d103d3bc6126421f5a24a35d,5429fb38876c45cb4bea50db9428c22e,0,758,815,2732,815,1974
0b4c1120dbd23c7742319c51f60a56f6,de3475a37f64bfab5c8a3f8578026ef0,801,0,2012,2317,1211,2317
0b4c1120dbd23c7742319c51f60a56f6,50f6fc54744b6d80329dd4f021c416ef,0,0,1251,2481,1251,2481
c7d073d0e734b36ccd8dad3c571d8709,9090f4e857c22052de0069ece146855d,1849,316,2800,2766,951,2450
c7d073d0e734b36ccd8dad3c571d8709,dbd9cf2096b31ac4229d5b0bfe18cd65,0,0,829,2864,829,2864
7e429f30d103d3bc6126421f5a24a35d,e1968e88016eba5a7f224624736bfc48,0,0,884,2347,884,2347
7e429f30d103d3bc6126421f5a24a35d,b5f4b4b14752f09c404c77fc060a2edf,1957,546,2686,2588,729,2042
7e429f30d103d3bc6126421f5a24a35d,94b129eb57c4df7439062a46e18a65d5,1839,0,2670,2380,831,2380
73e5bc02b800e984b42461d237d45b7a,4bc40e5b3c576fa60cc1ac23db0e08e3,0,741,749,2541,749,1800
73e5bc02b800e984b42461d237d45b7a,aed224dd48c044e357cb538a11033127,2137,737,2800,2541,663,1804
73e5bc02b800e984b42461d237d45b7a,172efa3624ae08507072d794cdf80bf4,1965,0,2800,3259,835,3259
73e5bc02b800e984b42461d237d45b7a,4ed60d1f2b4490ba51da5193276f8a9f,0,0,844,3505,844,3505
c7d073d0e734b36ccd8dad3c571d8709,bcd0d546a02193c2618fdee0fafe79f0,0,266,827,2446,827,2180
0fdd1b944faae451048b2edf9c2e4634,093792a2fed943297d478f6f03c6aa79,0,0,892,2389,892,2389
0fdd1b944faae451048b2edf9c2e4634,381b49e55a39c5d526ed54d52fbf6343,1040,214,2012,2445,972,2231
0fdd1b944faae451048b2edf9c2e4634,84af46ce3ca5b3d45de245e8118b86be,988,0,2012,2812,1024,2812
5b5b8cc749e8bf6a7d1baa629904baeb,f6e6fd5bdca3f8ade8fd466441c7aca7,0,965,1033,2759,1033,1794
5b5b8cc749e8bf6a7d1baa629904baeb,44053ec6468b638fa1f20a93ec368acb,1493,0,2627,2651,1134,2651
0fdd1b944faae451048b2edf9c2e4634,1a682ebf418241ec7745a7a84364553c,0,0,1033,2812,1033,2812
5b5b8cc749e8bf6a7d1baa629904baeb,fd33f8dd4073e7ea6da4beb3193b25c3,0,0,936,2838,936,2838
5b5b8cc749e8bf6a7d1baa629904baeb,ca208cf179ee9092eb78d7065d8ef2d0,1436,723,2579,2487,1143,1764
5e96b59e5dd5ef6bbe1261e69766c426,65cc9e7db32c047a5b13ed81767ac9fb,0,922,821,2551,821,1629
5e96b59e5dd5ef6bbe1261e69766c426,961e54f3e891e37cb1081918fad44bf9,0,0,895,2560,895,2560
6dc96a9bda7fa876473679a90f33079d,08490d6ee0e276c8a4daaf106d9a01e0,2128,404,2800,2664,672,2260
8986c1c512f09b69c783c21b52e5d32f,b89f13a0c894c384eed78dce95aa4fe0,1737,0,2800,3518,1063,3518
5e96b59e5dd5ef6bbe1261e69766c426,d63baf97cb55ca5ba2c2042391f93e89,1987,0,2800,2197,813,2197
5e96b59e5dd5ef6bbe1261e69766c426,022785725cc57023a8f65f47a104731f,2060,452,2800,2065,740,1613
6dc96a9bda7fa876473679a90f33079d,ed7f308e119f42e57fbca9bcb45da178,0,0,892,3518,892,3518
6dc96a9bda7fa876473679a90f33079d,e61b74be6f2b1a6cf281c718004047af,0,355,785,2814,785,2459
6dc96a9bda7fa876473679a90f33079d,3d6766d0893e835d0ed4dcbce74335ae,1965,0,2800,3518,835,3518
081f3a745d04594d58fd24fe39687f20,bac87835b71d02abba949352eaec3112,1621,171,2800,3518,1179,3347
658602d790b802fb079fe5d2eba494dd,c7fb162346f04e12de7c86fa5209b987,0,357,767,2609,767,2252
658602d790b802fb079fe5d2eba494dd,aa02e8c5422114d20da11c573d0ee8ee,2043,68,2800,2272,757,2204
8f328fd6f7d44f5142d977c3a2b1d640,8cd0d434790b58528180c0d03bb10c56,0,0,893,2795,893,2795
081f3a745d04594d58fd24fe39687f20,4d328ea0d6146f0d29e3e54d04c6f38b,0,0,1350,3518,1350,3518
8f328fd6f7d44f5142d977c3a2b1d640,be1bd5b2d48d152847ffb581eb3f5bc0,1149,167,2012,2184,863,2017
455a29563081e3ce744c3c0461922b90,5a4a10f091edfd33c5d889ae6c929d74,1544,0,2800,2897,1256,2897
455a29563081e3ce744c3c0461922b90,3b47d1fa9fcb62ca03b55058f0d06ab2,0,129,1184,2744,1184,2615
658602d790b802fb079fe5d2eba494dd,94a0303b8185bda248e4a4cd7ccda692,0,0,886,3453,886,3453
8986c1c512f09b69c783c21b52e5d32f,b47636eb30a6c77db3eecd8f71369603,0,354,963,2834,963,2480
8986c1c512f09b69c783c21b52e5d32f,5f366892aed339a2f7c399635a9c3fee,0,0,1008,3518,1008,3518
081f3a745d04594d58fd24fe39687f20,7407a735efee218383ae2f20adfd837c,1449,0,2800,2991,1351,2991
455a29563081e3ce744c3c0461922b90,855d82a8f0933347366c6707c3bf9ea2,1641,0,2800,3518,1159,3518
658602d790b802fb079fe5d2eba494dd,32778aee1d68f09b110dcca3ea5a549e,1987,0,2800,3518,813,3518
081f3a745d04594d58fd24fe39687f20,8a3c55503c0dcd647ddb1a970a847168,0,422,1110,3260,1110,2838
455a29563081e3ce744c3c0461922b90,6af58427122e96172040d035cf541b9e,0,0,1030,3518,1030,3518
51c513b3bcf8fa42f4db5f168988671e,671ef20f00175be2cf0489d0b49e6403,1869,316,2800,2389,931,2073
51c513b3bcf8fa42f4db5f168988671e,ba89703484fe35caa2be835b1a8fd3e1,0,511,926,2524,926,2013
51c513b3bcf8fa42f4db5f168988671e,3e71b089f6e55d5791771b05f88518dd,1829,0,2800,3212,971,3212
51c513b3bcf8fa42f4db5f168988671e,d1933b9b47e13ddc6d9c92febcf3c1bd,0,0,894,3376,894,3376
55432d803774825408dadf24883cb347,7de4fa3d36048e2bbdaf181155d728c2,0,456,968,2713,968,2257
55432d803774825408dadf24883cb347,b023b85742fe3ce7dbecb2c140135451,0,0,1042,3518,1042,3518
8f328fd6f7d44f5142d977c3a2b1d640,03cf69428fab7a0c2a77d889d263682f,1049,0,2012,2305,963,2305
55432d803774825408dadf24883cb347,9faf542e2731d7e3cfaf8300b13d7fa3,1915,0,2800,2459,885,2459
8986c1c512f09b69c783c21b52e5d32f,ddedef013b71b3e61c2132235359f89d,1783,0,2800,2678,1017,2678
b8e1f9bb50265fc6e58d2121fd125730,78d595322f9fa3f059f6fd6d90222adc,1687,729,2800,3518,1113,2789
8f328fd6f7d44f5142d977c3a2b1d640,de581f8c3c2e1ec529fa812187837199,0,186,816,2179,816,1993
b8e1f9bb50265fc6e58d2121fd125730,446f4dd9caecc85a5c5ca323b5bbbcd0,0,0,1188,2760,1188,2760
55432d803774825408dadf24883cb347,d1d8082732431473f3a2b299b38e4323,1913,514,2800,2702,887,2188
7931a37d2d40f949030e043d85085979,eb123b94cf4a87bbbdf2000157baa510,902,176,2012,2812,1110,2636
b8e1f9bb50265fc6e58d2121fd125730,96e357bbcd79d39ac782e3ac2b40459b,1645,0,2800,2911,1155,2911
7931a37d2d40f949030e043d85085979,3c8596c4332192cdad713486ae45a07b,0,81,1149,2513,1149,2432
b8e1f9bb50265fc6e58d2121fd125730,0ae8c21b150940ed55614d370a314c90,0,405,1131,2757,1131,2352
7931a37d2d40f949030e043d85085979,a3ff0cbe53f0c76c2ee1830370685cef,0,0,1182,2812,1182,2812
7931a37d2d40f949030e043d85085979,d3b3d6985fdfc14b4b0c8a6f3acf8d4b,785,0,2012,2812,1227,2812
59a4436af3f680f40a4c23f1c4775519,3d4f515c57168b681084e31497e28224,0,334,819,2490,819,2156
11cd227f21866bf48de1cd3f1d96e01a,56c744fa0f390b14a4ffd6dfcc589af4,1021,0,2012,2812,991,2812
59a4436af3f680f40a4c23f1c4775519,0a67ab01d2a0269aa9968cde7164e963,1970,140,2800,2291,830,2151
59a4436af3f680f40a4c23f1c4775519,5beeabf32d3056534fdf61c550ae3831,0,0,852,2580,852,2580
b8d273e8601f348d3664778dae0e7e0b,cd0fc7bc53ac632a11643ac4cc91002a,2083,333,2800,2408,717,2075
b8d273e8601f348d3664778dae0e7e0b,290c658f4e75a3f83ec78a847414297c,0,0,845,2903,845,2903
11cd227f21866bf48de1cd3f1d96e01a,b333176e0cd247dc83fbb331553249ae,0,469,1057,2812,1057,2343
59a4436af3f680f40a4c23f1c4775519,c5f21f33e22456eb5cdde3b294ace66f,1956,0,2800,2716,844,2716
0a42c6ff59b652c12aa5a784fffa97c4,ae3b2767096883cfd24cb03f12bb6674,0,0,810,2775,810,2775
11cd227f21866bf48de1cd3f1d96e01a,4fc8fc2920a584d2473f23f39de515a5,1035,0,2012,2812,977,2812
11cd227f21866bf48de1cd3f1d96e01a,318dfa536c62b10cce6f1307d34bb97f,0,0,1084,2812,1084,2812
0a42c6ff59b652c12aa5a784fffa97c4,5335b81f00d4608d8ab9d6cbdb73b965,0,639,796,2608,796,1969
0a42c6ff59b652c12aa5a784fffa97c4,31f9bcd6e042eb0f047eaef8a4d71c97,1980,104,2800,2638,820,2534
b8d273e8601f348d3664778dae0e7e0b,d8125545210c08e1b1793a5af6458ee2,0,892,828,3024,828,2132
7aab09479b8d92c4f40c7137ce3323be,dbb90d7bbe0cdf6fb75b90cada7e8714,0,497,1007,3409,1007,2912
7aab09479b8d92c4f40c7137ce3323be,f83c73940570651d521676fbba234587,1828,155,2800,2605,972,2450
9d70fdb1b75e27fc265289abd9fd3800,06e41ae6d876da5119d826eee7f26fd3,0,507,1148,2774,1148,2267
9d70fdb1b75e27fc265289abd9fd3800,c4b45f9c8faa631b1a32628f37cf4b96,1815,328,2800,2530,985,2202
41c3f83a7426b5d11a69a47a7c8ba8ba,acae9d88281e48d8c77f79159ae5c0fa,0,271,1052,2495,1052,2224
0a42c6ff59b652c12aa5a784fffa97c4,040fb9e96d6619afdb69aae3893bebcb,2082,0,2800,2950,718,2950
7aab09479b8d92c4f40c7137ce3323be,14d759ca773e5016e6d5245b0fa34d7f,0,0,1010,2694,1010,2694
9d70fdb1b75e27fc265289abd9fd3800,6d31d71f628fe19b9be1d7553939fc84,1698,0,2800,2515,1102,2515
9d70fdb1b75e27fc265289abd9fd3800,f8b39a69b0d70db0af82cb353ba51a52,0,0,1081,2659,1081,2659
b8d273e8601f348d3664778dae0e7e0b,71638b1e853799f227492bfb08a01491,1902,0,2800,2774,898,2774
7aab09479b8d92c4f40c7137ce3323be,5941f8deaa3d628cee61d45d0294261c,1792,0,2800,2773,1008,2773
41c3f83a7426b5d11a69a47a7c8ba8ba,7c54fc5d23a050162c96ad619cf8d70f,1735,3,2800,2295,1065,2292
6b675c868d714a59a521978dd89ee685,89c31814544adff256882da89c1c9bed,2009,501,2800,2620,791,2119
41c3f83a7426b5d11a69a47a7c8ba8ba,4f4de70c3330b65787961f56755717d9,0,0,1098,2785,1098,2785
41c3f83a7426b5d11a69a47a7c8ba8ba,cdb6afb666edfd4ec4d593148550f577,1776,0,2800,2827,1024,2827
fbdc572b430c0b423d0a88e8684233b0,b4199ebb8667d80b6884654b88c15a4e,0,0,777,2661,777,2661
6b675c868d714a59a521978dd89ee685,384860062eb279f10c0dc0dc2bae6fb8,0,0,796,3518,796,3518
5a2b5febd11b2fdd2c7f4fd1d0f92104,ac2d46b2499d0e27f00d2ed21fbe6d92,1888,173,2800,2647,912,2474
5a2b5febd11b2fdd2c7f4fd1d0f92104,b841c1e419eaa15e8510dbc178dd0e21,0,0,972,2632,972,2632
fbdc572b430c0b423d0a88e8684233b0,b5ea45e740ac58e54618ab79642c7a48,1975,0,2800,2681,825,2681
6b675c868d714a59a521978dd89ee685,2da6599a0c2fc663da80899c69fb3f70,1915,0,2800,3518,885,3518
fbdc572b430c0b423d0a88e8684233b0,9c43c2db65642680c9dbe608d4127428,1985,632,2800,3518,815,2886
5a2b5febd11b2fdd2c7f4fd1d0f92104,5babc8f7e8ede530d3f9229cc1d1548e,0,528,936,2913,936,2385
5a2b5febd11b2fdd2c7f4fd1d0f92104,0860f56cde9bd39dde73f2225c5f5023,1819,0,2800,2705,981,2705
fbdc572b430c0b423d0a88e8684233b0,f2504628e2a4c5e04bb39655b4776f57,0,349,738,2616,738,2267
6b675c868d714a59a521978dd89ee685,313c8967c8e806bb1bbc738f1469d133,0,647,796,2575,796,1928
0390f122b4712bc7fb326c058f9aaa66,1dd9223f1485e63fd47c1c027b8c7839,2004,0,2800,3518,796,3518
0390f122b4712bc7fb326c058f9aaa66,3fbbec4fcbc4ac57ed0d0be16b60df2e,1917,0,2800,2573,883,2573
0390f122b4712bc7fb326c058f9aaa66,a2d06b433b242332e893f2c1bf78889a,0,487,969,2704,969,2217
0390f122b4712bc7fb326c058f9aaa66,52324dc9b4c80f208b31a5a3c7129406,0,0,976,3518,976,3518
6ddef7ef418a801ab1db4aefa8fe6482,17df7e555b6628b79ce98ff0c624f3bf,0,0,579,2559,579,2559
6ddef7ef418a801ab1db4aefa8fe6482,5310627e95084edb678f9ea556b98f4b,0,1007,474,2596,474,1589
70df0922235c570b6c66f142f2bf8d36,f3a4d89c558db44c3f9d81c07206a90e,0,0,718,2401,718,2401
70df0922235c570b6c66f142f2bf8d36,4cb0a6b3bfe6b442ff48df156437a1a4,2101,327,2800,2271,699,1944
6ddef7ef418a801ab1db4aefa8fe6482,78e8584bd6f7955ec349b4a962cafbba,2191,0,2800,3068,609,3068
1ecf4917545e2ad4ffc7fea4b025354f,ba204ea9b73a7bb065f801d4c686c945,2016,492,2800,3518,784,3026
1ecf4917545e2ad4ffc7fea4b025354f,fa5b6990cf9d42c6fb0a8977b7368c3f,0,0,885,2642,885,2642
6ddef7ef418a801ab1db4aefa8fe6482,277aefd097788f8f92faff7c39d0d217,2355,839,2800,2448,445,1609
70df0922235c570b6c66f142f2bf8d36,ca2e81e2eaf665fad94db37e121967b3,0,0,774,3518,774,3518
1ecf4917545e2ad4ffc7fea4b025354f,39e9f46af10677402fbda7db2febd011,0,381,829,2845,829,2464
75f35fd9cf0d3ec781be9252393e3833,30e17f4eb563d6e3de0fd0d1e99fdab4,0,553,1141,2769,1141,2216
75f35fd9cf0d3ec781be9252393e3833,931c2664b304fe052723407d6bbf627a,0,0,1067,3518,1067,3518
70df0922235c570b6c66f142f2bf8d36,c8b818027ad8733dac683a707603bc59,1965,0,2800,3310,835,3310
1ecf4917545e2ad4ffc7fea4b025354f,bd53cb1fd05a3344ad56126a3b64d89c,1938,0,2800,2556,862,2556
b8a4842f8969332fb091679216944be5,eb64a6d8d679c174df545c53d613e2df,1725,0,2800,3518,1075,3518
75f35fd9cf0d3ec781be9252393e3833,3684ab27ba93c1008bd5cffe1c5a0a17,1807,650,2800,2633,993,1983
ca60477243d5a26bcf8fb9211ef04405,3d2b889bbf9124521c65054b682e4a22,1269,423,2012,2553,743,2130
7ac2e76df23a557f4167d95a4ada066f,b384829b0983963ca9094d75fd92c953,0,0,1423,3518,1423,3518
b8a4842f8969332fb091679216944be5,3bee994ff66f8f8d4984f86bb84087f6,0,0,1163,2982,1163,2982
7ac2e76df23a557f4167d95a4ada066f,2c0b969aeeffb35f9f58ce529ed54dec,0,425,1312,3518,1312,3093
b8a4842f8969332fb091679216944be5,c7b7f143aa2c76b11469bfd51f48e0c5,1882,570,2800,2755,918,2185
7ac2e76df23a557f4167d95a4ada066f,503e77c4fc69261380ad393d5c2d4589,1429,302,2800,2916,1371,2614
0878cebc9517e09c2bc4c6c3375eae4c,7794557bc5d08abc82920b60fb99a749,1733,0,2800,2407,1067,2407
6fdc97f2d200daca79d67252e518456b,5fd27e4b8c275eedd6c51593d1dd0a20,1265,568,2800,3065,1535,2497
75f35fd9cf0d3ec781be9252393e3833,cf435c6f9ddcef01aed9dd1fbdfb98fb,1713,0,2800,3277,1087,3277
b8a4842f8969332fb091679216944be5,51d4614c3d2fc6e5f19cae06220d05e9,0,582,974,2626,974,2044
ca60477243d5a26bcf8fb9211ef04405,dafd3a196ccb8dffb663d1d49dbdd761,0,192,741,2286,741,2094
ca60477243d5a26bcf8fb9211ef04405,d9c89c5d9e7ccc595755f96454e6e3b3,0,0,909,2812,909,2812
0878cebc9517e09c2bc4c6c3375eae4c,18e0e1044b044480f1b2a3e4b6551cdf,0,0,1022,2711,1022,2711
0878cebc9517e09c2bc4c6c3375eae4c,3f58e6abb972b265b43dc55e1cf02071,1656,0,2800,2725,1144,2725
0878cebc9517e09c2bc4c6c3375eae4c,f765ec7e0f3a0fc889e64be875a5b90b,0,365,1027,2773,1027,2408
e249e715e70518ab6eb8980a28f10609,a16a6f31c5db48da3049fb2777edd921,2030,628,2800,3449,770,2821
6fdc97f2d200daca79d67252e518456b,48a6303f4b031c1ac29de1fc198bdaaa,1291,0,2800,3191,1509,3191
e249e715e70518ab6eb8980a28f10609,77e6f906b7ca488ccfbc2e9322f9665d,1903,0,2800,3370,897,3370
e249e715e70518ab6eb8980a28f10609,61a95e8381bf91342162160976f0762b,0,0,731,3211,731,3211
ca60477243d5a26bcf8fb9211ef04405,7509c417a6639b087124c74e8d10fb15,1201,0,2012,2812,811,2812
6fdc97f2d200daca79d67252e518456b,1e127c7c8244691059bb6616445dbcc4,0,371,1704,3087,1704,2716
e249e715e70518ab6eb8980a28f10609,b4fcbd41c3e8774267be4f97f44cf9bb,0,639,609,2573,609,1934
b76313a9685b3246852f3f4938f957f2,e3c7b99f2c27ba07adb5340ef98cf035,0,648,867,3518,867,2870
6fdc97f2d200daca79d67252e518456b,a5690263fcd00686f7be545d235b22c4,0,0,1591,3260,1591,3260
9365f6e518774b05e7086e57b5bb5c01,e6609898c0c3b06fd4e35046cf20b5a0,0,367,917,3518,917,3151
b76313a9685b3246852f3f4938f957f2,30bbba8bb59a349960d43505d9c64f77,1984,71,2800,2902,816,2831
b76313a9685b3246852f3f4938f957f2,a09e05aa8804cf1bf0e7100b4e9b1cdf,0,0,977,3518,977,3518
91e7032acd284f790981670f71e41a0b,f359d1be48462b44a07970b8b899cf15,0,0,942,3378,942,3378
e21990528649632e75e374678f5550aa,160ff957641a6d63a76a78620355525a,0,782,1015,2981,1015,2199
91e7032acd284f790981670f71e41a0b,0fd7f7882a70320e3db5d88e55f6a340,1837,28,2800,2271,963,2243
b57b97020df361371ae1877080433275,7a6c57ce6034053ca02a8cd32549db7f,0,0,1014,2756,1014,2756
b57b97020df361371ae1877080433275,e23a10823e23305b4e81d6fd17302f52,1736,358,2800,2513,1064,2155
9365f6e518774b05e7086e57b5bb5c01,8fc7a96efde3c6aca0c4d9cf6fd8c651,1773,325,2800,3518,1027,3193
b76313a9685b3246852f3f4938f957f2,13a6f4fe093389155e360e7193de0d42,1847,0,2800,3205,953,3205
f1f965c9f8b072e8c80ced333c8f2661,fa8277f134e6b0b457130c282b396076,0,0,1415,3518,1415,3518
f1f965c9f8b072e8c80ced333c8f2661,09db82a9247c417ef0edfb7a09843db1,1526,281,2800,3518,1274,3237
e21990528649632e75e374678f5550aa,df0a78fecf322ca411265822646bf26a,1674,0,2800,3518,1126,3518
e21990528649632e75e374678f5550aa,ca9d8117a24e5f5a05303827efa45bbe,0,0,1057,3518,1057,3518
7ac2e76df23a557f4167d95a4ada066f,40aaed823b2d6d86b5af810195611985,1344,0,2800,2620,1456,2620
b57b97020df361371ae1877080433275,5fe8350c930a08ebc532cbb304f5642a,0,541,992,2692,992,2151
9365f6e518774b05e7086e57b5bb5c01,8faeb67fbbd6ce3d9c4aa694bc2b24d9,1627,0,2800,2688,1173,2688
f1f965c9f8b072e8c80ced333c8f2661,41245d77d893426c3bebe31029bf76a0,1407,0,2800,3518,1393,3518
91e7032acd284f790981670f71e41a0b,ea9842de3a51c99a3b8ef0adf767b8c8,1808,0,2800,3145,992,3145
f1f965c9f8b072e8c80ced333c8f2661,d0b28be36f9cc211e2c52466fa27d9d8,0,547,1315,3518,1315,2971
e21990528649632e75e374678f5550aa,e8e0697d7aa957547b196fc88e070c90,1803,267,2800,2489,997,2222
91e7032acd284f790981670f71e41a0b,286dc388ff18eb25e2161b08d26c5d6d,0,468,908,2628,908,2160
9365f6e518774b05e7086e57b5bb5c01,47839a9dd0622ddb9acf7bf283f7f75b,0,0,1096,2622,1096,2622
27f72660a5dedfa162daa3894b4500eb,416868ee4da7c67dcfd35940af4493bd,1578,110,2800,3518,1222,3408
b57b97020df361371ae1877080433275,45cf4a48135cc54eb05619d3cafe028c,1755,0,2800,2685,1045,2685
27f72660a5dedfa162daa3894b4500eb,5d2282c5b1a6c43ab2ecae58ba55015f,1764,0,2800,2703,1036,2703
27f72660a5dedfa162daa3894b4500eb,575ecc0d24a2fd3d224b2cdf1837947e,0,495,1231,3431,1231,2936
66d2eb8d2eb8608f56456d3fa6f6e596,d8e2b12e5aa70e6bd43e9fc581ef31fd,0,0,976,2547,976,2547
27f72660a5dedfa162daa3894b4500eb,1ffb933b38767a155e5afc94d852bd5b,0,0,1078,2786,1078,2786
66d2eb8d2eb8608f56456d3fa6f6e596,2653cb1ca89850abdfa4c56ace745c03,0,0,984,2872,984,2872
66d2eb8d2eb8608f56456d3fa6f6e596,0e01c8d957c72017c489d6e4a92661d6,1840,0,2800,3243,960,3243
3fb217eb1bb4f635357b4b087f67e5e7,b29c55ae6fecb6341fedbef55e87b540,1971,252,2800,2521,829,2269
66d2eb8d2eb8608f56456d3fa6f6e596,9fe195ae5e4dc9811ea5d0632ec436ab,1866,0,2800,3383,934,3383
3fb217eb1bb4f635357b4b087f67e5e7,9ed934a6455ec762305f60f09afd3c91,0,560,827,2798,827,2238
3fb217eb1bb4f635357b4b087f67e5e7,e5071c32859a58b87d16a7fd05df36a1,0,0,952,2891,952,2891
3310b43f482865d3b49356be1faea5d8,5da0c74fa8276a5456c1dfc01f4c6f31,0,164,863,3440,863,3276
dfd5a629946401c14f88b088764e94d6,f8f47e20c120a6c12cd9e3e6c40a8f74,0,0,707,2245,707,2245
3310b43f482865d3b49356be1faea5d8,0415ad24f6c9efbc0c7a6bd3a9072e34,1954,339,2800,3518,846,3179
dfd5a629946401c14f88b088764e94d6,b6e2bb86a0e6d980388b27c2215d4d50,2038,0,2800,2226,762,2226
3310b43f482865d3b49356be1faea5d8,a2e42b9691fdc5aaa52e79765077d6db,0,0,1033,3518,1033,3518
dfd5a629946401c14f88b088764e94d6,b55e3a97f5239085a3725e8169a38f31,1949,644,2800,2397,851,1753
3310b43f482865d3b49356be1faea5d8,7b3b17522a41ed6482907a004695d518,1774,0,2800,3518,1026,3518
dfd5a629946401c14f88b088764e94d6,bd31aaa6dbd904a7be72e0b48972b85f,0,445,776,2253,776,1808
3fb217eb1bb4f635357b4b087f67e5e7,ff8d3ec86a49d3d8835daa1afa36fd57,1824,0,2800,2617,976,2617
6f196bb41e6e723bdbb78d2d82072f0c,aedaf111b5385ba70877e278445ca724,0,469,1166,2893,1166,2424
6f196bb41e6e723bdbb78d2d82072f0c,64113e9e9c6fdf37b4a912da4e3ab47a,1729,436,2800,2865,1071,2429
39610a5ae60107b37a19fd12dab3308a,3a93b47961d17361275ed1b5aee87f20,2034,312,2800,2125,766,1813
6f196bb41e6e723bdbb78d2d82072f0c,95d976063786808f3135ca24c88e8766,0,0,1114,3518,1114,3518
39610a5ae60107b37a19fd12dab3308a,902f95d0776b14648f7e66c94246d59b,1965,0,2800,2373,835,2373
6f196bb41e6e723bdbb78d2d82072f0c,f49ec1a2c6dc405dad8b8ae13f6a46b8,1735,0,2800,3518,1065,3518
39610a5ae60107b37a19fd12dab3308a,e7758058872e63e34ee0e17649a93ce4,0,819,714,2612,714,1793
39610a5ae60107b37a19fd12dab3308a,5cd50d94a6447dbc0b27b2dbb2ca0848,0,0,895,2955,895,2955
b2da0c05f2a455ff710ff98f1a594e9e,dc261344202e04c3301f973af301706c,0,0,958,3518,958,3518
c6f4ceeb17657608088927b2e54b2a8f,97b358c7e4b0a6b2430e5cc208092b81,0,0,1065,3469,1065,3469
c6f4ceeb17657608088927b2e54b2a8f,4d6b292c21a446b69b45665c903ce141,1808,0,2800,2821,992,2821
c6f4ceeb17657608088927b2e54b2a8f,2fc44b939842570a966daec640c5d5b7,1827,324,2800,3436,973,3112
c6f4ceeb17657608088927b2e54b2a8f,6b41f48bcbf792323b46b2f0f3597de7,0,366,995,2900,995,2534
b2da0c05f2a455ff710ff98f1a594e9e,1d51d5bd22846821409cb531a95979d2,0,443,842,3227,842,2784
b2da0c05f2a455ff710ff98f1a594e9e,9d28479f8a232b21e6bb29e4841d23ef,1794,0,2800,3518,1006,3518
8c2c1cefe3ba30602b7249ad9ab5df07,de4472c4d0782e24448da013a80d82ed,0,0,1303,2744,1303,2744
8c2c1cefe3ba30602b7249ad9ab5df07,0abdf3f3255cb44a2a15908a811fe6e3,1531,0,2800,2579,1269,2579
8c2c1cefe3ba30602b7249ad9ab5df07,de5c2051b0c82f026f30b7556d0eb37b,1391,394,2800,2699,1409,2305
3f77a67d63af8d57a4119efa6fe298c6,a4fafb6a9b73339cef9404b529a04fe7,0,835,1102,2961,1102,2126
3f77a67d63af8d57a4119efa6fe298c6,428eabd942668c96e2e3010f83054fe8,0,0,1073,2650,1073,2650
3f77a67d63af8d57a4119efa6fe298c6,614ee08af2499715e2b20b97d387fd92,1740,0,2800,2421,1060,2421
3f77a67d63af8d57a4119efa6fe298c6,bfd31e5e6ba3c8df271e317b0d87576f,1653,18,2800,3476,1147,3458
d4f684f4f18da4f9527827c6dc7ac5b2,03ce8b2ed38f04166291966fd188ff5e,874,0,2012,2812,1138,2812
b2da0c05f2a455ff710ff98f1a594e9e,d012b112c6939662a6398a7b2f3d0396,1889,734,2800,3518,911,2784
d4f684f4f18da4f9527827c6dc7ac5b2,ad3780d890d4e6fb78c9352ce546fb17,0,0,1010,2559,1010,2559
d4f684f4f18da4f9527827c6dc7ac5b2,b7a3bbb1b4854e69b173bc6cd5a42a19,957,0,2012,2337,1055,2337
5ae1e62ab43d573b6f3243e7472e4008,99351e6314db9d63b9c9f4f9bfa477d1,0,678,670,2667,670,1989
d4f684f4f18da4f9527827c6dc7ac5b2,125654b2ff973cbd61be41440115e336,0,0,1082,2812,1082,2812
5ae1e62ab43d573b6f3243e7472e4008,1275c9b0efc3fbe4dae44c173d856405,2038,0,2800,3518,762,3518
c11ca2078944ae613d28f33cad6e2975,77177748429714724847c1b77dbb406b,1905,601,2606,2471,701,1870
8c2c1cefe3ba30602b7249ad9ab5df07,c9b8194c7448dbe56929de90d38e3515,0,360,1316,3518,1316,3158
5ae1e62ab43d573b6f3243e7472e4008,06d4b51c9a8d2e874d7c3f0dfa145257,0,0,776,2744,776,2744
c11ca2078944ae613d28f33cad6e2975,d32b5a922b775ce0ef171f5740dd1714,0,617,744,2500,744,1883
5ae1e62ab43d573b6f3243e7472e4008,ed7fda597cba6555d6451d7fe5b84193,2164,955,2800,2675,636,1720
c11ca2078944ae613d28f33cad6e2975,4b8c1a2e1c5fd7d814d17c2a52adc867,1859,0,2622,2910,763,2910
c11ca2078944ae613d28f33cad6e2975,6445bb53473aeebf90bfa091b0efdb75,0,0,797,2812,797,2812
22b2f64ce677cbd467260f72a96ca859,2ec42145d76455048f9994514b1d9722,1978,0,2800,2444,822,2444
22b2f64ce677cbd467260f72a96ca859,33c051397b53c46e4e0307dc13dff8ed,2018,538,2800,2449,782,1911
c5ac07d0b55e1d43686ad5c6c299a84c,b4c28cfa69ecdd1442ab5551e7f46880,1962,666,2800,2476,838,1810
22b2f64ce677cbd467260f72a96ca859,95f779e2f359d8f20e1e0e864070b02a,0,782,783,3518,783,2736
22b2f64ce677cbd467260f72a96ca859,20a3bd49e1dadde835cc08dd4eb40ac3,0,0,839,2465,839,2465
c5ac07d0b55e1d43686ad5c6c299a84c,1f8c35a79c0f3eba782fb2c7f24d58b8,0,808,820,2587,820,1779
c5ac07d0b55e1d43686ad5c6c299a84c,e52aba336dbdff481df998bc81fe2d90,0,0,789,2412,789,2412
c5ac07d0b55e1d43686ad5c6c299a84c,2c4e4d6242b32dce70dbf66e069de339,2044,0,2800,2285,756,2285
f290c2c0bb608ab0287c35c4693696e6,553b529ff89ea278c9065cde8bc0e0d7,1466,0,2800,2718,1334,2718
f290c2c0bb608ab0287c35c4693696e6,fb37f7f1423480f1173ff376ca8e6ada,0,0,1301,3002,1301,3002
f290c2c0bb608ab0287c35c4693696e6,7817f61914ec852a68dda6d939ac00e4,1440,437,2800,2787,1360,2350
f290c2c0bb608ab0287c35c4693696e6,a89afd636c07ebb8d327d495ee3209db,0,459,1265,2784,1265,2325
eff31eb110bc0a5d76f2db4c240dfd14,ab1722e1d09db704413c4fe30b898d38,1852,591,2800,2877,948,2286
eff31eb110bc0a5d76f2db4c240dfd14,38982ad7ded99fb8504b0afb52d3e111,0,0,906,2714,906,2714
eff31eb110bc0a5d76f2db4c240dfd14,cff247818a159af6f5570ff12047f421,1830,0,2800,3518,970,3518
eff31eb110bc0a5d76f2db4c240dfd14,c171898cd8cce888b5f8e198dda75546,0,0,873,2778,873,2778
d834b160ec124df8d5bc8091759a7a23,33eccfd39d4377d7ad8282d8b0f51fde,0,0,838,3518,838,3518
d834b160ec124df8d5bc8091759a7a23,0618745df2013229050f8296458cf5d8,2180,846,2800,2747,620,1901
dd75639d26941066bcee87059be269fb,df9bc222001bfa55330b55d68804b3b6,1262,0,2012,2139,750,2139
d834b160ec124df8d5bc8091759a7a23,18b8336fc401346d33009a30347a4c0e,1995,0,2800,3518,805,3518
dd75639d26941066bcee87059be269fb,7670957d64489cc8cde46c5812b32e39,0,454,778,2494,778,2040
dd75639d26941066bcee87059be269fb,2375a9fb761cd8fa511ff12f2f1b4658,1112,0,2012,2567,900,2567
d834b160ec124df8d5bc8091759a7a23,386c1777efb0e168e0a8f4d9982c1d17,0,747,626,2647,626,1900
19c0b9aaca930b073af99ab2e3ae1879,c2d1a6a150efa0e2027b39d04de7248e,0,454,940,2642,940,2188
dd75639d26941066bcee87059be269fb,28fcdd9ad2da4e80df510e7c3b4fb674,0,0,863,2713,863,2713
19c0b9aaca930b073af99ab2e3ae1879,92c3207e4e9e992304fc8b18bffb92ac,1919,730,2800,2725,881,1995
19c0b9aaca930b073af99ab2e3ae1879,f1ead5f8bfa8c032caab952110e3d2bd,1735,0,2800,2435,1065,2435
19c0b9aaca930b073af99ab2e3ae1879,fee0d27815a8a255889cdc35d7f09334,0,0,924,2562,924,2562
ea3a60749b542f2430b09bc593d628de,09119e9566bc5037375e6f5e98b1455f,1748,556,2800,2583,1052,2027
ea3a60749b542f2430b09bc593d628de,b75bbfbc57fffdcbf3ac71879376f5b1,0,461,1096,2566,1096,2105
f4d6c3a038d1b31c069707cbf439d3af,e63ef870bc57aaecaa57c87c1143594e,1910,0,2800,2273,890,2273
f4d6c3a038d1b31c069707cbf439d3af,f618df91931c514c82028cac4e052b75,1933,630,2800,2656,867,2026
f4d6c3a038d1b31c069707cbf439d3af,b74d5c7d42633c9c6355296bbf78724f,0,686,1000,2847,1000,2161
f4d6c3a038d1b31c069707cbf439d3af,f21861c7485b5506887556458217d97a,0,0,910,2350,910,2350
b747b4375fed5007db728d35b1acac93,7c513058f6f78267bf45fb4c6ebe1031,1083,0,2012,2812,929,2812
ea3a60749b542f2430b09bc593d628de,b6d4844cb8701e8ffd60bc811fdae1f1,0,0,1005,2678,1005,2678
b747b4375fed5007db728d35b1acac93,e7d4051c0408a9fc24eb7a1a8c4606cb,0,39,812,2475,812,2436
b747b4375fed5007db728d35b1acac93,21849f6546f4c821282c389981d47f4e,0,0,913,2812,913,2812
ea3a60749b542f2430b09bc593d628de,6a373668e66fc7f56aefc5949a251034,1793,0,2800,2541,1007,2541
b747b4375fed5007db728d35b1acac93,675f1b020a230475084d7b8c6d1a2ffa,1249,28,2012,2492,763,2464
a187b425b23c4264a79785c062fce873,9b28bca8f8312283e4fd9f093646b04b,0,132,1101,2746,1101,2614
a187b425b23c4264a79785c062fce873,429702da538095a74022d076758cdf12,1722,292,2800,2493,1078,2201
a187b425b23c4264a79785c062fce873,62707e7e7c47bf3fa9771914babb2d35,1786,0,2800,2679,1014,2679
a187b425b23c4264a79785c062fce873,9076323f4b661b4b57a9229b869c62c7,0,0,1010,3518,1010,3518
b8d3939adf312195520b605d4a5aa895,ff42378dd57be838e95d777d16737f25,1796,0,2800,2458,1004,2458
9458bbe7b41e096b43292b31b3b8b59f,c9aa021b4c19aaf87a9810d91a87849e,1885,0,2800,3518,915,3518
9458bbe7b41e096b43292b31b3b8b59f,062eaa8aee8ee715eb842dd23ee00edc,0,0,875,3518,875,3518
dcc3c49b7099b35c5b0b548a1f19a96c,2c1d61642c647cacaf0c0cb39d3cd59e,0,890,920,2792,920,1902
dcc3c49b7099b35c5b0b548a1f19a96c,b146159b24631b33bb2d0e121d27da72,1913,228,2800,2338,887,2110
9458bbe7b41e096b43292b31b3b8b59f,10916a774288b1fed1fdb04ee7e7e026,0,666,836,2985,836,2319
dcc3c49b7099b35c5b0b548a1f19a96c,890340261398cf0f69af55dc9be8cdeb,1879,0,2800,3518,921,3518
dcc3c49b7099b35c5b0b548a1f19a96c,0d93616c03a629f632f8b3a868881814,0,0,936,2633,936,2633
b8d3939adf312195520b605d4a5aa895,f8aa7b26b267f688f1ffb86f66eb7633,0,467,823,2508,823,2041
b8d3939adf312195520b605d4a5aa895,c80953dd38a14c381e00cf3763c3b83c,0,0,916,2289,916,2289
473bdee8f22dd5642142b8f16e81389e,ab4974336da5935591534ec261fd6d5f,0,644,708,2633,708,1989
b8d3939adf312195520b605d4a5aa895,810b7aa60cabd3c7b2b25b653d6e220f,1882,259,2800,2392,918,2133
473bdee8f22dd5642142b8f16e81389e,42f708482ba70f2f783ce9656568fcc8,2094,0,2800,2984,706,2984
1f3b01c43747f59ae0570a5f99189851,f2766a6c28cd4ccd1ff43edd9e2572d4,0,0,1973,2812,1973,2812
473bdee8f22dd5642142b8f16e81389e,0a606bbd1efb12a67c0e055df542836f,0,0,746,3192,746,3192
1f3b01c43747f59ae0570a5f99189851,f01af2af485dbc405678e1413935e8a2,0,0,1838,2812,1838,2812
1f3b01c43747f59ae0570a5f99189851,cd6a1109d7f7bf8ebcb4d9f1684ebbfb,0,0,2012,2812,2012,2812
9458bbe7b41e096b43292b31b3b8b59f,8275716d0e65766f8eea487db8f77b74,1924,174,2800,2600,876,2426
1f3b01c43747f59ae0570a5f99189851,4dd52d8952fa688b5dddebb3cd7abab8,0,0,2012,2812,2012,2812
473bdee8f22dd5642142b8f16e81389e,4a638d5dad5d5834c05baf5b367dc0d5,2055,562,2800,2523,745,1961
421dabee398b0b501b0c3e9865a3c120,3a32ae60fbe1573c346968ee9c1e88e7,0,0,926,3518,926,3518
421dabee398b0b501b0c3e9865a3c120,fca6948856be41f7bd91d3186df7f5bb,1979,257,2800,2642,821,2385
421dabee398b0b501b0c3e9865a3c120,ba5b0a59a861ae2bfb8ab2529df574b9,0,453,765,2682,765,2229
483f1d83b0c0fe3b1c8628741ecc3c3b,de099a835da7bf3b61641468b6ce31d0,0,413,936,3477,936,3064
421dabee398b0b501b0c3e9865a3c120,4849bd214a817fe7c134a2ca0607c607,1832,0,2800,3518,968,3518
483f1d83b0c0fe3b1c8628741ecc3c3b,dae6ba368519d3d9aa25726b53434e42,1997,295,2800,3517,803,3222
483f1d83b0c0fe3b1c8628741ecc3c3b,7b7207a72f0b7edfd9180b12a10213e4,0,0,1039,3145,1039,3145
483f1d83b0c0fe3b1c8628741ecc3c3b,c1714b58fa7b6dfc5987778670acdf5a,1929,0,2800,3473,871,3473
1acac9be3e482adc17b20ddb36153929,85bfb68e429109b67f3c18329f5e4888,0,1116,514,2758,514,1642
1acac9be3e482adc17b20ddb36153929,4b8a5b7fa09b4d7c5621c0808021d425,2342,818,2800,2599,458,1781
1acac9be3e482adc17b20ddb36153929,8296acc9e57b59b5066b538e6618ed8c,2029,0,2800,3518,771,3518
1acac9be3e482adc17b20ddb36153929,01ea288cea134b2730c5965888e22b73,0,0,771,3518,771,3518
366bf1bffacd41ca9d53b15b87a3f508,6efe2e8bbea791afa605c49966c87d14,1920,530,2800,2605,880,2075
366bf1bffacd41ca9d53b15b87a3f508,27d1cd5aa86d7139d89fe46ff815861a,0,194,833,2716,833,2522
366bf1bffacd41ca9d53b15b87a3f508,a5f150d35ebd003064edbcaf7479419c,1902,0,2800,2618,898,2618
fab52da99780482db9fed1da74fcc1cb,b8870ff0ae2a1c3cbc893f78c373ae98,2134,767,2800,2829,666,2062
fab52da99780482db9fed1da74fcc1cb,c20f5ddb19b65d030e5a3c8d27608090,2063,0,2800,3518,737,3518
366bf1bffacd41ca9d53b15b87a3f508,95e0d32acc082d1c08b5cf9cc29fc2c4,0,0,844,2575,844,2575
da7ee8db725a99f5de65a45f91a2827a,0297d8ce7bf4a47ab8b813d38e02b227,0,904,692,2562,692,1658
da7ee8db725a99f5de65a45f91a2827a,af3d61ce6402575ebb8f6bf8cd3e5caf,0,0,722,2862,722,2862
67d48015a54385f297ff9c76552e8800,8619ea02f263bedc0415d4d2ae954f4b,1229,0,2012,2270,783,2270
67d48015a54385f297ff9c76552e8800,cf2f190aba8f55e091d350cff8cb3212,0,0,865,2286,865,2286
fab52da99780482db9fed1da74fcc1cb,604d7f8b47012725db88acd6d1e7255c,0,321,726,2625,726,2304
da7ee8db725a99f5de65a45f91a2827a,4f48e40a18772bc74164f3d915474114,2120,702,2800,2388,680,1686
9a4c6693513af534f01ea98d25ac4bff,f1f4b0b3ea4eb23a8d16670cac1fd84b,0,785,724,2710,724,1925
9a4c6693513af534f01ea98d25ac4bff,2e163cacde5920eb9d15f3998dc30344,2111,517,2800,2554,689,2037
67d48015a54385f297ff9c76552e8800,a2ac38f90a2a44b41ad10363f77285ad,1223,0,2012,2420,789,2420
fab52da99780482db9fed1da74fcc1cb,4b37750481af3d2933124c8d2b2fd230,0,0,806,3518,806,3518
9a4c6693513af534f01ea98d25ac4bff,91dd313b4e728fa815e05403a8010a18,0,0,850,2249,850,2249
9a4c6693513af534f01ea98d25ac4bff,8c51d046a5edceba7b74c00cb84dda57,1938,0,2800,3366,862,3366
5ba7efca02f58dbfe8d3345395bbe01c,750109bc2a7d8808ed252c9733762de9,753,115,2012,2812,1259,2697
da7ee8db725a99f5de65a45f91a2827a,2f0b2326c2f683baa25cb96d8e05ea64,2123,0,2800,2633,677,2633
5ba7efca02f58dbfe8d3345395bbe01c,4c663b3dd52b6b7d223937c3efd86294,0,258,1297,2812,1297,2554
96e3b1bdfe0b2dcdadde96bc1e716880,52915cc92f5632d0a5da6dfd60a0d31e,0,349,834,2884,834,2535
67d48015a54385f297ff9c76552e8800,d5c2418c4e343e9312e28a8804d47dbe,0,136,750,2173,750,2037
f9eead6754001db8afcb5691161903f5,65cde2425ab6477bd07b237b30341091,0,762,932,2720,932,1958
5ba7efca02f58dbfe8d3345395bbe01c,5bda3507f9bff4cfcff8e2e454409632,0,0,1165,2610,1165,2610
c488d7ef379be78343fd91eefa9cc477,16c5567c9a2c621c980a8992f6540c01,689,461,2012,2781,1323,2320
f9eead6754001db8afcb5691161903f5,490dd9646a02e54bfee80da1b6ce86ae,1926,697,2800,2544,874,1847
f9eead6754001db8afcb5691161903f5,0bdd65e6be619c3d8781d565b2433f43,1978,0,2800,2591,822,2591
96e3b1bdfe0b2dcdadde96bc1e716880,1545d3528b9cc99bcdf09d4b2b434f59,0,0,1009,3580,1009,3580
c488d7ef379be78343fd91eefa9cc477,bac4fa932577504e96b0502fcfd600e5,0,432,1216,2675,1216,2243
5ba7efca02f58dbfe8d3345395bbe01c,4159867cbb078b0ddbb5e25224044f34,811,0,2012,2812,1201,2812
f9eead6754001db8afcb5691161903f5,18646c7551d04105a6b2c28eef75b542,0,0,903,2446,903,2446
96e3b1bdfe0b2dcdadde96bc1e716880,f26fd79dd9fbc47a8b43d40db6c0b8ab,1728,0,2812,3580,1084,3580
c488d7ef379be78343fd91eefa9cc477,b000444cadac8f3369e3c578bf66dfb9,0,0,1257,2748,1257,2748
653cafb60761b6a4c629e7d579f126a4,1d24c29bb1286af36d46c496e152aeb8,2087,798,2800,2792,713,1994
c488d7ef379be78343fd91eefa9cc477,7c4891b5d07df8817a24947c8ef613ce,714,0,2012,2812,1298,2812
96e3b1bdfe0b2dcdadde96bc1e716880,99d3569848ee71d4a387bb137f4f66a6,2031,635,2812,3019,781,2384
653cafb60761b6a4c629e7d579f126a4,3d796b4c8b206c7b178bf154ddefbf52,0,728,755,2748,755,2020
653cafb60761b6a4c629e7d579f126a4,24d34d2b6c3466c4e29e18706690983d,2023,0,2800,3320,777,3320
653cafb60761b6a4c629e7d579f126a4,7ccecd82fbc337a8198cda4a125e06b9,0,0,913,3294,913,3294
83d7ef564b2ce61d0aec8f524d60a920,2db5b0479db85891b488f96eb233c9c3,1865,678,2800,2777,935,2099
a4572977dd0e4b0f02a954d493471604,579d293ee47c59a891f51f181d3c3254,0,0,1172,2812,1172,2812
83d7ef564b2ce61d0aec8f524d60a920,8e7cd5b0b8bcda552d5bef5a41c708e0,1849,0,2800,2474,951,2474
83d7ef564b2ce61d0aec8f524d60a920,db77306c1cf0bb6a6038a4415873b5c2,0,644,820,2615,820,1971
a4572977dd0e4b0f02a954d493471604,c9db7cf9509f98cba23defc025582542,927,0,2012,2585,1085,2585
a4572977dd0e4b0f02a954d493471604,f3af1f8f8146842ed814f69b487e2d10,860,0,2012,2681,1152,2681
a4572977dd0e4b0f02a954d493471604,dea337cee8b4567965ad86f3afa6f688,0,0,1067,2812,1067,2812
f1d152920cbec99bbe6f740c4fc995c3,f621b8cec1a055de78068c3b4dceb2d6,1794,381,2800,2525,1006,2144
f1d152920cbec99bbe6f740c4fc995c3,64a5267ed6584b3b1eb9f53ca201e9d7,1876,0,2800,3011,924,3011
83d7ef564b2ce61d0aec8f524d60a920,397c71b1ae13d422623b50161961ae74,0,0,854,2615,854,2615
f1d152920cbec99bbe6f740c4fc995c3,471d39dc08626594a2a110d066b8f9f2,0,0,962,2897,962,2897
926d8c68a43968b46ceae6ec68396cd0,d06bb271da2aab234b3bca47fe218e99,0,475,1044,2633,1044,2158
926d8c68a43968b46ceae6ec68396cd0,fef13b5dceee87ce7132550ae918b508,1780,885,2800,2848,1020,1963
926d8c68a43968b46ceae6ec68396cd0,75dfd2697f4c53ff02f66d537144e1e3,0,0,1074,2498,1074,2498
f1d152920cbec99bbe6f740c4fc995c3,0a1f2495e34a207df0e09177a16e2feb,0,670,977,2822,977,2152
c98e004b7763fd4ab954a7b1d7b81935,5fc178a4e42ce51639bbda5d0b689161,0,0,1119,2764,1119,2764
926d8c68a43968b46ceae6ec68396cd0,a69aabaaa894c8c159e0c02f98b1e1ca,1751,0,2800,2769,1049,2769
c98e004b7763fd4ab954a7b1d7b81935,90cff17c3770f114018b16a793549d89,0,200,987,2812,987,2612
c98e004b7763fd4ab954a7b1d7b81935,d20fff9fa12bae900281b3153c48fd71,824,0,2012,2812,1188,2812
559ebd93b1bee27474b3b2349b5fa3db,4b4485b6fdd99478e4269b279b895ab5,0,523,1120,3518,1120,2995
c98e004b7763fd4ab954a7b1d7b81935,1f3e933b0886683e5c5e05fd268bada5,965,52,2012,2812,1047,2760
559ebd93b1bee27474b3b2349b5fa3db,4060131361a655b0f0b52c7014cb7af6,1711,0,2800,2871,1089,2871
f34e322fbf4023bd4e169ed6c862b4b2,dde5bae12d789cd35214e00707975a18,0,538,1447,2858,1447,2320
f34e322fbf4023bd4e169ed6c862b4b2,c23c8491534e7c53fcd307875bee811a,0,0,1610,3024,1610,3024
f34e322fbf4023bd4e169ed6c862b4b2,3a8e5ec308ca1cb47251f48eb2015403,1427,0,2800,2829,1373,2829
e5cba99e2c25c2dcbf806a9e71623a29,d6f14e6d45ef5986bcd7dc3a8209ecce,2120,650,2800,2498,680,1848
fb81c88ce766b5f553fb2b40010723a5,1566026ffe72f7208a4650e4a1e0fc03,0,986,644,2726,644,1740
559ebd93b1bee27474b3b2349b5fa3db,dbccf501876ad403a0eb8fae392dd2a8,0,0,1210,3518,1210,3518
e5cba99e2c25c2dcbf806a9e71623a29,f207721c062a56fb73907b8448feb39a,0,0,903,3518,903,3518
f34e322fbf4023bd4e169ed6c862b4b2,7c4c61428a00ceed90d7d4421b9ea0e4,1507,360,2800,2698,1293,2338
e5cba99e2c25c2dcbf806a9e71623a29,de153fa07a2b513c6fc78f9835cc5629,0,773,817,2755,817,1982
fb81c88ce766b5f553fb2b40010723a5,ed87f70cb63970d25bfa3ac0e748705d,2108,779,2800,2521,692,1742
fb81c88ce766b5f553fb2b40010723a5,0b3b9cff2e3b6a7672804b67910cec50,1922,0,2800,3092,878,3092
559ebd93b1bee27474b3b2349b5fa3db,27d14e6b9d67634839b8a63e438acb84,1756,267,2800,3518,1044,3251
e5cba99e2c25c2dcbf806a9e71623a29,7a146c79870c71cb449c3b87713de030,1952,0,2800,2840,848,2840
fb81c88ce766b5f553fb2b40010723a5,7587b833da814e1e107efd16cf3889a0,0,0,814,2992,814,2992
050575b290a81b8c1c27aa4859c41b5f,7f86eccba7fc206a651a195b4b21c779,1090,0,2012,2363,922,2363
06620f15f7a3e7aa70883271a579a9f2,985040611534cbbcb503ba59c8369aa5,1916,337,2800,3518,884,3181
06620f15f7a3e7aa70883271a579a9f2,f677e15a57b36ff55334448f769c35d5,0,0,1003,3518,1003,3518
06620f15f7a3e7aa70883271a579a9f2,6fc95120af96eedb4c3a5a303a17eaed,0,548,931,3518,931,2970
050575b290a81b8c1c27aa4859c41b5f,9188206c92cd2e8ca18ec71e42616458,0,0,1035,2812,1035,2812
06620f15f7a3e7aa70883271a579a9f2,7feabe4da5bb46c46c87a4661bbb4ec8,1860,0,2800,3518,940,3518
050575b290a81b8c1c27aa4859c41b5f,c5f34020473a1bfbf291316ddb6f7889,0,0,956,2145,956,2145
e6f4f71e543f75cb1dd94388467a1ce2,87b64e7256affb5e3a36ae12a7b1a3cf,2052,611,2800,2677,748,2066
050575b290a81b8c1c27aa4859c41b5f,6540de57303e99003dfe60f16d725a6f,996,0,2012,2812,1016,2812
e6f4f71e543f75cb1dd94388467a1ce2,e54aba4921fdb39b5da4fe832814d080,2066,0,2800,2440,734,2440
e6f4f71e543f75cb1dd94388467a1ce2,deacf62d7ad07e061d0ab1d87f7d4be0,0,0,705,2184,705,2184
f0e535f6dd3a1c654b79b8ceac5bcf37,90802510956d62651bf25e1e724b5637,1964,190,2800,2092,836,1902
f0e535f6dd3a1c654b79b8ceac5bcf37,95aab524d4ffc1e476cdb01d5bc59035,0,507,756,2459,756,1952
e6f4f71e543f75cb1dd94388467a1ce2,aca3b43ea31f8a59d580742da52fc98f,0,686,1356,3518,1356,2832
2407ac5a7615e3153d471bb74e4c82ee,d6d89e3d2a08348af3bd0e43197960fb,1259,362,2012,2271,753,1909
2407ac5a7615e3153d471bb74e4c82ee,6d301f37c0fb39369458a07d5187b4f7,0,0,1079,2812,1079,2812
2407ac5a7615e3153d471bb74e4c82ee,2e04144553929a1b5566dfbaedbf027e,0,327,769,2208,769,1881
f0e535f6dd3a1c654b79b8ceac5bcf37,4a16dd07f74b4f715989dc9aea8b8260,1940,0,2800,2472,860,2472
f0e535f6dd3a1c654b79b8ceac5bcf37,b078d2080ba472d5ecaad1e80b25e677,0,0,835,2825,835,2825
f86bdd8540f054e7f61b033da8d4715f,e80bb54bc1220a5b522767f5bc2be268,1836,0,2800,2613,964,2613
2407ac5a7615e3153d471bb74e4c82ee,630155626cfe179f7835f6729d65046e,1145,0,2012,2812,867,2812
f86bdd8540f054e7f61b033da8d4715f,24cf4217ffe65396c0a2ab5ce2c28c22,0,592,1080,2816,1080,2224
07e5c636c39f4925b8043d9fd07867f2,72467aeb35bc7ec30036b8749531ed9d,0,0,1103,3121,1103,3121
f86bdd8540f054e7f61b033da8d4715f,5f5bb81a91e7f18b426f3da5a59935da,0,0,1044,2580,1044,2580
f86bdd8540f054e7f61b033da8d4715f,602a11d24069e39aeb4b5d1b9f615633,1729,461,2800,2716,1071,2255
07e5c636c39f4925b8043d9fd07867f2,008d8e9f0c87ab7ee45c88494c921c2a,0,557,1143,2867,1143,2310
07e5c636c39f4925b8043d9fd07867f2,b9c41a1ef359c2b73cacc8dfdbad7273,1796,0,2800,2992,1004,2992
07e5c636c39f4925b8043d9fd07867f2,8608433ad2169809faea793d105a6d66,1848,224,2800,2425,952,2201
8fbb8c09f23e793be807eae6fd4c47d6,a142a8d8fe3eab24839271080b755418,1626,0,2800,3518,1174,3518
fe2441f3d6dcddac91dbf3001bbd07bd,6bfd366c216f2a594ed469ac949de17d,1764,834,2657,3147,893,2313
fe2441f3d6dcddac91dbf3001bbd07bd,bff9669cebd99da13e8d8f5ccf8d4795,1817,0,2694,2585,877,2585
fe2441f3d6dcddac91dbf3001bbd07bd,fed62b27c6ceacb4eb773518fb4cc000,0,0,801,3580,801,3580
8fbb8c09f23e793be807eae6fd4c47d6,11e53464c3c0e777044a50d3a3665b62,1783,670,2800,2779,1017,2109
fe2441f3d6dcddac91dbf3001bbd07bd,c3238cf7055c90941f6eb14e91c9176b,0,786,803,3580,803,2794
bc49201d8fe55e4c3df5c2d75a51b6ee,0a55c283214f768716b7d91ff0388bd9,0,502,1117,2705,1117,2203
8fbb8c09f23e793be807eae6fd4c47d6,9095451f8f67f62352957b1b9d593695,0,450,1100,2676,1100,2226
8fbb8c09f23e793be807eae6fd4c47d6,53fff52154e81a6ed627afa4bc766334,0,0,1000,3518,1000,3518
bc49201d8fe55e4c3df5c2d75a51b6ee,008bc6050f6d31fc255e5d87bcc87ba2,1726,0,2800,3518,1074,3518
bc49201d8fe55e4c3df5c2d75a51b6ee,434d11c4a4ad519fd57ed3f8a5398418,1632,392,2800,3406,1168,3014
ec642f6ec721c60e8df032a054be3f4f,a51318baaeb6df00bc234816751d8969,0,801,648,3435,648,2634
ec642f6ec721c60e8df032a054be3f4f,f1ec66d80752183ab33f013157164fee,2115,820,2800,2925,685,2105
9494a6a100096956cd72899f59602e62,a5458d95963f33ef608ae92dffae190e,2060,448,2800,2676,740,2228
ec642f6ec721c60e8df032a054be3f4f,b14d2c446719ec79ab974dc620327cfb,2063,0,2800,2734,737,2734
bc49201d8fe55e4c3df5c2d75a51b6ee,3cdac11fc7e46b1093709840e8940289,0,0,1192,3518,1192,3518
9494a6a100096956cd72899f59602e62,688ece496be02afd7ee4ed6e3d5ab036,0,0,923,3518,923,3518
ec642f6ec721c60e8df032a054be3f4f,22a8cb3cbbb0c0c04e60ff484d603d89,0,0,755,3040,755,3040
c8310970e646f1fbf54aacb46bb88199,950f582fe774dac5bfd0e8e0cd676990,2055,0,2800,2437,745,2437
9494a6a100096956cd72899f59602e62,3b1583bc80cb5bd15d9f4d985169fad0,1757,0,2800,3518,1043,3518
9494a6a100096956cd72899f59602e62,9515868b0e0de7195161d62e0f580dcc,0,379,722,2876,722,2497
c8310970e646f1fbf54aacb46bb88199,9b3766f1e796bde18a701554280033f1,2066,612,2800,2572,734,1960
c8310970e646f1fbf54aacb46bb88199,0972b4844f07018e395a624617c30d0b,0,0,781,2415,781,2415
c8310970e646f1fbf54aacb46bb88199,5f09cae949ff895bb33220998e6535df,0,617,647,2529,647,1912
891c50be065be0e84d40b621bbabb534,a2d6c735148f18afd8f43510401eb648,0,0,852,2812,852,2812
891c50be065be0e84d40b621bbabb534,3cb402f3c00502647caf91cdc3adf014,1184,0,2012,2695,828,2695
891c50be065be0e84d40b621bbabb534,1bcb3d2abd0303fec1cb1798a290d711,1159,54,2012,2812,853,2758
0939c6e7137f2c883403ef0971c99d53,478aa6494133e2a21495eca5d22e0ac8,0,0,981,3518,981,3518
891c50be065be0e84d40b621bbabb534,dacadc9d2864bdfae6c696585eb6252e,0,130,892,2812,892,2682
0939c6e7137f2c883403ef0971c99d53,bb97a6f3d9cf4e685a34c6bd5dec36bd,0,546,1028,2682,1028,2136
0939c6e7137f2c883403ef0971c99d53,16c5c479358e3d27695444d813af6d3a,1847,495,2800,3518,953,3023
06638221ad71bf397e1109b67e425597,a07c4d13639e48fe3f9b80d0bea0a7a3,1689,0,2800,3518,1111,3518
0939c6e7137f2c883403ef0971c99d53,fcb9c78d185c12aebf783e2d342b5e7b,1883,0,2800,2699,917,2699
a112384eeb503e4e1ba00981eda464e8,a4eed594bef1cd59ed0b567f7a1cd7f6,1302,0,2012,2697,710,2697
06638221ad71bf397e1109b67e425597,acfdaa73de3066a071ca4b13b1e0f15d,1703,116,2800,3409,1097,3293
06638221ad71bf397e1109b67e425597,181e63cb4ffaad44b81400c493a3a94f,0,357,959,3518,959,3161
a112384eeb503e4e1ba00981eda464e8,b5f273eabd63a0c190e20a6395b8e554,0,400,690,2134,690,1734
06638221ad71bf397e1109b67e425597,e42cba584142f92dc42ef3fb95b5878d,0,0,947,2791,947,2791
a112384eeb503e4e1ba00981eda464e8,5a40e50261a1d048b3558ce09485d8b3,1271,357,2012,2072,741,1715
a112384eeb503e4e1ba00981eda464e8,34ad279c4df22579e8215119d9002a33,0,0,730,2812,730,2812
e5e0f092ba767a07a4086c702d9cd329,12a6ecf1b55b4f47216e8e928b0bc694,0,721,1010,2754,1010,2033
e5e0f092ba767a07a4086c702d9cd329,27eefc3b5fdb1043eadd6b0c20773c76,1800,0,2800,3518,1000,3518
e5e0f092ba767a07a4086c702d9cd329,c3c0c550dab5e4db9e5b52ae239fd8d5,1772,523,2800,2515,1028,1992
e179a23b0452773e1687f24f9e94ba98,fdafaecfb3f6fe93030f5030fdbdf9a7,0,681,816,2684,816,2003
7ee98232df9bcefc6b54530b6a616690,39a9809abe1441f60f9fab50679c2a73,0,712,1035,2855,1035,2143
e179a23b0452773e1687f24f9e94ba98,fae9ca15b5179cb92926e977e7501cd9,1956,0,2800,2738,844,2738
e179a23b0452773e1687f24f9e94ba98,7dc1ab4b1917c9afead5eb77b2ada8b7,0,0,758,2590,758,2590
e5e0f092ba767a07a4086c702d9cd329,4796909bb310939ac2805f6ca1fa1359,0,0,989,3518,989,3518
176c028d9d3d00b4e44a17cbf0341ab3,140a1f4472834264ac2d06efee7607c4,0,485,837,2682,837,2197
176c028d9d3d00b4e44a17cbf0341ab3,01da09fd1965f686f5613d00f749c202,0,0,923,2672,923,2672
7ee98232df9bcefc6b54530b6a616690,5c40def8eb37a29833a498f9390f2b02,1662,516,2800,3518,1138,3002
c8d6a28ae706373eaabf1925299b71ce,133f144ed6cbfb9a2c500fbbace4074c,0,443,1153,2720,1153,2277
e179a23b0452773e1687f24f9e94ba98,8e7906d6df667cd95fe64cae18889f1d,2019,705,2800,3518,781,2813
176c028d9d3d00b4e44a17cbf0341ab3,f23cd42c104cca4c2f1da74d594c1f7e,1718,613,2654,2741,936,2128
7ee98232df9bcefc6b54530b6a616690,6770e08049264165b58c5f5ddcfd5b95,0,0,1060,2743,1060,2743
308bbd1271c586cb9a61788567e675aa,3fc60710a9897049d093117524d64715,1615,0,2800,2719,1185,2719
176c028d9d3d00b4e44a17cbf0341ab3,a78cadff6f1a822e4948fa51735b056a,1711,0,2622,2717,911,2717
c8d6a28ae706373eaabf1925299b71ce,a4ad0d891d99306174b5a8921c49dd95,1506,333,2800,2814,1294,2481
e3f14fe1a8a77b6ce64d522af6532058,131497f3a502bd6f0a476f2b3d233cb6,1879,439,2800,3518,921,3079
c8d6a28ae706373eaabf1925299b71ce,202011da98a53b3150df0cffca61d882,0,0,1083,3518,1083,3518
e3f14fe1a8a77b6ce64d522af6532058,cbf7e14525aff629d403a6db9de56e84,0,405,1051,2721,1051,2316
308bbd1271c586cb9a61788567e675aa,c4d495cbb362685b3abaeab9125c75cb,0,0,1177,2741,1177,2741
308bbd1271c586cb9a61788567e675aa,3350de5a7aea26467719ebd8c9153fb6,0,927,1209,3064,1209,2137
e3f14fe1a8a77b6ce64d522af6532058,f4dfed070a6557f394dcead5e18a37cc,1822,0,2800,3378,978,3378
fb19c61785923edddc159c1741579dec,75808477d288976157857a3a8d2b4cfc,1819,366,2800,2750,981,2384
fb19c61785923edddc159c1741579dec,48de68a91734709865963dfc105d3e44,0,382,996,2735,996,2353
e3f14fe1a8a77b6ce64d522af6532058,b2f36098cf8c1ed286e62987c1af6178,0,0,1107,3463,1107,3463
308bbd1271c586cb9a61788567e675aa,8060ced609427d3b85a8cb4b27846c03,1577,1087,2800,3235,1223,2148
c8d6a28ae706373eaabf1925299b71ce,0652844c6396bcbd3c632808a7ab4d06,1613,0,2800,3518,1187,3518
fb19c61785923edddc159c1741579dec,fe66b352642aa674f68e0620e9198540,0,0,1093,3202,1093,3202
76e27d8b44f701af38fa5e3e5f58af7d,65b43c25e2f0b85034ca6c59667b9a5d,1516,325,2800,2696,1284,2371
7ee98232df9bcefc6b54530b6a616690,79929caccef83eaa6f23972d59982913,1672,0,2800,2762,1128,2762
fb19c61785923edddc159c1741579dec,8f1ec8ec7b228f4c0702b939de6986d8,1814,0,2800,3518,986,3518
76e27d8b44f701af38fa5e3e5f58af7d,9bcbb383c4705a530603707fdc11648e,0,318,1562,3161,1562,2843
76e27d8b44f701af38fa5e3e5f58af7d,95a92776f041d4ce2beda9718572bb4a,0,0,1538,3240,1538,3240
76e27d8b44f701af38fa5e3e5f58af7d,074fe0be955da68e8d0048652b575634,1052,0,2800,2746,1748,2746
02168046f4f6acc686d124802dc94a78,4c08f814803e913ac145455f62b3945f,0,0,733,3518,733,3518
02168046f4f6acc686d124802dc94a78,6047d317d3fa5296cfa537e1c9d95649,1934,0,2800,3518,866,3518
8819ff2324c475efe3e7df347619b3c6,4e26b939df474b94780daf1c2fffc789,1982,0,2800,3518,818,3518
02168046f4f6acc686d124802dc94a78,5e759d65dcdc06dad3645ebb8606cb82,0,684,700,2593,700,1909
8819ff2324c475efe3e7df347619b3c6,cb44789d3edfc890116b7617fd328b49,0,0,875,3518,875,3518
8819ff2324c475efe3e7df347619b3c6,6850ae23a92a9770a3402778aa6834d8,0,577,767,3518,767,2941
02168046f4f6acc686d124802dc94a78,69ad0e1b8d2e6c20731efb53e776abf7,1946,715,2800,2578,854,1863
8819ff2324c475efe3e7df347619b3c6,2eba141b4fe0e75d5b8b711ba553cabc,2053,398,2800,2697,747,2299
53e6a258ab75a8471a93b840f7486c0d,0d73d9c169b5ef4e4dc98e511a6331ae,0,0,828,3518,828,3518
93ae8864e8ebd746e7865737cf56c93c,9fbccd2959eebb05491e683046359f33,0,108,1081,2152,1081,2044
93ae8864e8ebd746e7865737cf56c93c,de0f9af653384c45abdc59bfb99a4165,1067,0,2012,2742,945,2742
53e6a258ab75a8471a93b840f7486c0d,252907bc746462933ba526a7113d09fd,2008,0,2800,3176,792,3176
93ae8864e8ebd746e7865737cf56c93c,57f3e387c511019816656ad4211c2da3,0,0,1167,2524,1167,2524
53e6a258ab75a8471a93b840f7486c0d,c51a8792cea5f9ce5be625d5adb314f9,1970,182,2800,2150,830,1968
53e6a258ab75a8471a93b840f7486c0d,6d43a11ebf32288aada73d542d18898f,0,492,791,2624,791,2132
c992002261bc88a4f998498655249435,a9eb2e093621c3759c3244c0805692e1,827,288,2012,2278,1185,1990
93ae8864e8ebd746e7865737cf56c93c,8ba0aa5a1c4382e02a2d3b65cc7bd34c,1065,0,2012,2387,947,2387
c992002261bc88a4f998498655249435,8470557fec9bd5f0f1b30ec48b1d8654,0,0,1118,2672,1118,2672
c992002261bc88a4f998498655249435,2fffa2694cee8cdcc478580fcaeeeb31,834,0,2012,2380,1178,2380
51b131e97e4e405947433084bd9c4341,9d316c53ee1dc9fcd8db0a47789f3d04,0,264,1035,3069,1035,2805
c992002261bc88a4f998498655249435,e2a9f68e5f57465acea8f2f585e5634e,0,91,1104,2276,1104,2185
51b131e97e4e405947433084bd9c4341,7d38e6535619b76bda1e43162c2b34b2,0,0,1099,2929,1099,2929
10bc8d383313ff6fbcc6a8d00ee11e10,28b44ad03f997e6377a978177f9390a7,2033,742,2800,2853,767,2111
10bc8d383313ff6fbcc6a8d00ee11e10,fd8e177071d6969a293fea58228e0f9f,0,409,861,2689,861,2280
10bc8d383313ff6fbcc6a8d00ee11e10,f10baafc63de6d3f2491254392eefeaf,1853,0,2800,3518,947,3518
10bc8d383313ff6fbcc6a8d00ee11e10,c0bea5c0ca9a8391ac058102c72456ae,0,0,945,3518,945,3518
51b131e97e4e405947433084bd9c4341,277697856e973179a183c0dd259fd8f5,1657,485,2800,2887,1143,2402
4867450bcd6f8e6e5820811b995c1b0e,2165410e4ef4e5c9cb1956b75c6e3650,0,904,776,2835,776,1931
4867450bcd6f8e6e5820811b995c1b0e,fe18be4bdd2340a5f34ce69e3db45cd9,1934,0,2800,2288,866,2288
4867450bcd6f8e6e5820811b995c1b0e,7c2e0505c2bc59a9385d1c58ff811026,1989,765,2800,2668,811,1903
51b131e97e4e405947433084bd9c4341,cb8bd2043cf0ac722432af737e2b2272,1685,0,2800,2796,1115,2796
13b32b73fc34cc3ec885e44c46ec7dc9,6a1014c61dd6117ba70fe2bcf66d34ad,0,0,1045,2812,1045,2812
13b32b73fc34cc3ec885e44c46ec7dc9,ec9c12867e94f410c7fdad09ebf7b0e4,910,0,2012,2812,1102,2812
4867450bcd6f8e6e5820811b995c1b0e,f349e78bbc3a1079029e5d416d6d7e44,0,0,821,2286,821,2286
13b32b73fc34cc3ec885e44c46ec7dc9,1b1b7a64a37ec580340a546ec4504de6,959,0,2012,2812,1053,2812
d9d54d68fc1c66ad5ee8481bafcd55da,2f51ad43272ff8e8d2070cd4f3763c48,1892,0,2800,2608,908,2608
13b32b73fc34cc3ec885e44c46ec7dc9,0520efa770d0cd4135208d679404de92,0,0,981,2812,981,2812
d9d54d68fc1c66ad5ee8481bafcd55da,72423f5fe30fe6377c15d1331761d594,1859,721,2800,2654,941,1933
d9d54d68fc1c66ad5ee8481bafcd55da,03dec6da1995e32056d29a72fe256ed1,0,607,990,2522,990,1915
43febb5f398cb6a6b2af276e487da1c6,2388de2d287a6bc7e4e9a12be4fa08e5,0,0,839,2451,839,2451
43febb5f398cb6a6b2af276e487da1c6,f2a07e8f15c5e894dc24ae337ac625ec,1999,93,2800,2230,801,2137
43febb5f398cb6a6b2af276e487da1c6,d3cc0f0bbfeb91797a677bc502643c60,0,930,749,2833,749,1903
5b9cb37e9512dd60d4938f3d964ec1d8,50c59bcafdae0aca9af54cb36bc43e32,0,637,765,3580,765,2943
43febb5f398cb6a6b2af276e487da1c6,bef0d33534db18c84f975dc0a23b391b,1998,0,2800,2331,802,2331
de47720434bfa5fcb5e258412ce14dfc,df6a1eda2f5273bd6ca8abda14cbfdb1,0,392,827,2416,827,2024
de47720434bfa5fcb5e258412ce14dfc,b50bef5dae26ab6ff15b7b6c8a72c95a,1102,393,2012,2423,910,2030
5b9cb37e9512dd60d4938f3d964ec1d8,84a7f2b8f826c185f5739fb6b78bf1c5,1948,708,2812,2925,864,2217
d9d54d68fc1c66ad5ee8481bafcd55da,7741ddddcade389ccbe389165ca9be46,0,0,824,2498,824,2498
5b9cb37e9512dd60d4938f3d964ec1d8,a0fb467441e1f7ad6344812a63a1b9d5,0,0,887,3580,887,3580
b2b49d880f06ca420bae27d840082b2b,c010eec77972b5da1a1afff9255bec41,0,0,1018,2600,1018,2600
b2b49d880f06ca420bae27d840082b2b,ac5ee953305d8667cb637188c470e606,0,579,1041,2647,1041,2068
5b9cb37e9512dd60d4938f3d964ec1d8,0178810f3d306a7aa66eeea226b85846,1964,0,2812,3011,848,3011
b2b49d880f06ca420bae27d840082b2b,5e69b1428a31c26353de73e7bd8d936a,1673,454,2800,2588,1127,2134
de47720434bfa5fcb5e258412ce14dfc,37f8c2de376fe6ac2148120565c90103,0,0,918,2812,918,2812
95973feeba4fef6cec86dce4783833fe,6c922d671c2b707a89250ee122b69d59,0,0,998,2621,998,2621
95973feeba4fef6cec86dce4783833fe,d67362f6c1c2a4408b7f8eedb9cf5055,1733,658,2800,2687,1067,2029
3fa94bbf5bd9539dd1821b2b21a7af32,29e400a960410461dafeeea64eac8825,1744,503,2800,2646,1056,2143
de47720434bfa5fcb5e258412ce14dfc,84424f61eac5d4e5b63aa626f9d8e5b4,1207,0,2012,2812,805,2812
f5beb7ad715af3a638cf903362034bf5,72a9e76a90909e15d7a307dc9d5ee906,0,244,1169,2812,1169,2568
95973feeba4fef6cec86dce4783833fe,04a3e79996d3ea13d264d995e25c91c1,1824,0,2800,2499,976,2499
95973feeba4fef6cec86dce4783833fe,42c61525dd1e0c130579d732f2eb3787,0,570,1055,2626,1055,2056
f5beb7ad715af3a638cf903362034bf5,c824f1a7222fb8d73d9dfd7b2e92b740,0,0,1059,2577,1059,2577
51a51d676e68424a468575961d3ae473,8e3a3dec72417399e49fc9d45c227a8b,1047,0,2012,2812,965,2812
51a51d676e68424a468575961d3ae473,880d8a96f5dd129243d537da8c255fe1,0,0,1037,2623,1037,2623
f5beb7ad715af3a638cf903362034bf5,a38910b353e7d0cac314c1d69c455db4,1029,0,2012,2510,983,2510
c34e0a2fc4e7977cc06dc205401cc100,1f2e136243c40b8fe5851601087d94c0,1812,500,2800,2704,988,2204
51a51d676e68424a468575961d3ae473,3d5ea07105dba70ff1f10b95821b5bd8,0,147,905,2562,905,2415
3fa94bbf5bd9539dd1821b2b21a7af32,7a1975db6fbc004152dcf2e34c03f2fb,0,637,1111,2816,1111,2179
08bfd7e17a07f559ff709a1a6f5d0c75,2aa6e2a1775de8c8806c2a6c4ec61aeb,1659,0,2800,3230,1141,3230
08bfd7e17a07f559ff709a1a6f5d0c75,4baa54e68ac5490203f2e65906d44d46,1665,579,2800,2849,1135,2270
b2b49d880f06ca420bae27d840082b2b,00f93296e26122d3c3bf9dac05485639,1669,0,2800,3409,1131,3409
51a51d676e68424a468575961d3ae473,66046be8e68de975dd029e5dc98c192b,1147,0,2012,2486,865,2486
c34e0a2fc4e7977cc06dc205401cc100,7de284c6ef0ef204916a8fe1a773e22c,1622,0,2800,2639,1178,2639
f5beb7ad715af3a638cf903362034bf5,bf33f4d45d656875174bd7ba99bc5c49,802,160,2012,2812,1210,2652
464ad05b646590ac1119f35b160f837e,2ec74456db4d97f97b3f29b63e65f6d2,0,159,860,2687,860,2528
3fa94bbf5bd9539dd1821b2b21a7af32,6c2ba45dd7753bc804701f4e6ddbc33b,1745,0,2800,3518,1055,3518
3fa94bbf5bd9539dd1821b2b21a7af32,6a1c27260cf078234ac7976deaa1e18c,0,0,1051,3267,1051,3267
08bfd7e17a07f559ff709a1a6f5d0c75,cc1901fd12c157c1adc64f0a716d2889,0,544,1197,2758,1197,2214
464ad05b646590ac1119f35b160f837e,6c352b54b391756ad175649b9f40906e,2010,377,2800,2619,790,2242
c34e0a2fc4e7977cc06dc205401cc100,c2a2d4081640635a763842012c182ec3,0,448,1015,2630,1015,2182
464ad05b646590ac1119f35b160f837e,da3b18318ea8057c78681ca282146521,0,0,942,3518,942,3518
c34e0a2fc4e7977cc06dc205401cc100,fb267547d59fde109bb343860fe13ef5,0,0,1186,3262,1186,3262
90fc7681b15eef8cf8d929beef7857c1,da944038079f72dbe4dbe89f82204020,1908,0,2800,2763,892,2763
e55d4c8bb6663c20ea7e72560391aef5,f2e4bc88fbae36161506cbea34128d05,2023,396,2800,2642,777,2246
08bfd7e17a07f559ff709a1a6f5d0c75,77048a86c37612aab3ce41bd52f4fe9f,0,0,1174,2987,1174,2987
90fc7681b15eef8cf8d929beef7857c1,573948fb36e5d8031e349a57f8bdc057,2071,1047,2800,2876,729,1829
e55d4c8bb6663c20ea7e72560391aef5,820180e4bc66d8cd01b7ee0f1a6b5717,2002,0,2800,3518,798,3518
e55d4c8bb6663c20ea7e72560391aef5,94787fdee924cecd111cd23cc478f950,0,29,723,2340,723,2311
54c43061f47a9e4578b7068f7e6ac77f,3a91ee4023f59de883fb3f3bbb1abcca,1708,661,2800,2932,1092,2271
e55d4c8bb6663c20ea7e72560391aef5,b0f00f93ea8fa8d829c35cee93cd614b,0,0,810,3518,810,3518
8b477ee27be976426d02aed5a02b4e55,5fa42a202ccb52523f5972365037a8f4,1730,0,2800,2706,1070,2706
8b477ee27be976426d02aed5a02b4e55,36e110b4cafe4e11902c7f1125f70fa1,1666,232,2800,2365,1134,2133
8b477ee27be976426d02aed5a02b4e55,c688d8438a1d18b36bc8813f900ebeb0,0,201,1233,2426,1233,2225
8b477ee27be976426d02aed5a02b4e55,4430c6ead70e7557344abb5c23ec0781,0,0,1152,2721,1152,2721
0adae23a719aacc5e600f6fc5aeca7c0,6f3ed0ee7d1b6ab38161bc89fd7143c3,1692,0,2800,2949,1108,2949
464ad05b646590ac1119f35b160f837e,96b378f0fbde6e8d9cf37825fb4b29bf,1969,0,2800,2946,831,2946
54c43061f47a9e4578b7068f7e6ac77f,cce1fece9a0af65673055e882d186185,0,602,994,2721,994,2119
90fc7681b15eef8cf8d929beef7857c1,645c20e2aea08ca444ea92fec1ebb244,0,549,804,2490,804,1941
0adae23a719aacc5e600f6fc5aeca7c0,d4477e5457c6686123cce687c1a1eaf1,1807,457,2800,2584,993,2127
54c43061f47a9e4578b7068f7e6ac77f,a7428a42f1eef0ffbd2b1ccdef784a85,1529,0,2800,3518,1271,3518
0adae23a719aacc5e600f6fc5aeca7c0,8cad9c617cec6ffaf984a4fdf7a8af67,0,0,1438,2811,1438,2811
a61dae3e47f2e0affc040353e2e4d442,a2dc57162dbc543509ca7afef936d009,0,0,868,2779,868,2779
90fc7681b15eef8cf8d929beef7857c1,f3b27203d929866f5cc22551b55f08e8,0,0,909,3091,909,3091
a61dae3e47f2e0affc040353e2e4d442,9aeb904f555141a5275d7a7d3ec98dc8,0,134,1006,3518,1006,3384
54c43061f47a9e4578b7068f7e6ac77f,530a25f58d6480cd11fd8de49e965e15,0,0,1173,3518,1173,3518
0adae23a719aacc5e600f6fc5aeca7c0,2320c486126f70f1662b2c01a2a98a5b,0,326,909,2839,909,2513
8a26d9b98507af51d70f96c4db50f308,3a45be6e3c5640a94a8f352cf9a2eed9,1965,1257,2800,2982,835,1725
a61dae3e47f2e0affc040353e2e4d442,1c5c284197d9c8f6c8b2d856647acec6,1765,0,2800,2606,1035,2606
a61dae3e47f2e0affc040353e2e4d442,260d4a1ecd447fe0ea46080273dbcb82,1737,388,2800,3493,1063,3105
8a26d9b98507af51d70f96c4db50f308,e9c639f5926584509413a6d71f7be603,0,793,887,2611,887,1818
8a26d9b98507af51d70f96c4db50f308,0a8b8de5e03e1ae631d0e7572ed58923,2035,0,2800,2939,765,2939
5070ed8b0d1e0405b70627cc97f01441,584a986f0a6849cc1939243fb0e4cf56,1684,320,2800,2460,1116,2140
a3f6452bbf7c42f47122882ac59fbecb,f9752db4838de26b89c97d2b708a3a16,0,606,703,2546,703,1940
5070ed8b0d1e0405b70627cc97f01441,f2ffb237570aea004f8ba6ace486284c,0,0,1034,2845,1034,2845
5070ed8b0d1e0405b70627cc97f01441,7c5e6fd6021d59c9d31500d0d0d40c45,0,670,957,2763,957,2093
5070ed8b0d1e0405b70627cc97f01441,81ca4251192c011e11a85afe7574c7b8,1636,0,2800,2690,1164,2690
a3f6452bbf7c42f47122882ac59fbecb,0c3c93104b678663b9439ea2b7d8d691,0,0,835,3518,835,3518
a3f6452bbf7c42f47122882ac59fbecb,8af16655d81a46fa7d88f3f2e08804da,2004,0,2800,3518,796,3518
a3f6452bbf7c42f47122882ac59fbecb,06bdc4f1ccb8a0c1672de8625aa3069e,2053,579,2800,2792,747,2213
164f0e6a330b6e498aea7032530b49f0,40cff4aaa41b890a7d06f4a604f3b005,0,367,1156,3116,1156,2749
164f0e6a330b6e498aea7032530b49f0,8669429238bf497b6805791fd4c27a49,0,0,1237,3242,1237,3242
8a26d9b98507af51d70f96c4db50f308,389c6de05c56e4f55375be89356b31f7,0,0,838,2673,838,2673
cadda60deddb2327d1eb211bfcdb1588,3ef5ddf75f629a31cacd530783a46872,0,0,1045,3518,1045,3518
dfa47994023f08539ea42a52744f7378,2f27888ad7884d04d576914805d2ac4f,0,416,1152,2663,1152,2247
164f0e6a330b6e498aea7032530b49f0,909e7576da1ad488ecce5aac65dca03b,1625,407,2800,3518,1175,3111
dfa47994023f08539ea42a52744f7378,59190bf7310f7a0f995500fd78f4c302,895,113,2012,2495,1117,2382
cadda60deddb2327d1eb211bfcdb1588,bf25cd1d4c8ffcad5caa6b5c81cbaeab,0,459,870,2781,870,2322
cadda60deddb2327d1eb211bfcdb1588,afd02faaf5c7eb52aca92a5f9cf9fe24,1750,425,2800,2837,1050,2412
dfa47994023f08539ea42a52744f7378,ee048a51cef6a9fc6699661a2fccd08c,1080,0,2012,2418,932,2418
dfa47994023f08539ea42a52744f7378,7e524712ef9668dc0584420a6effb737,0,0,993,2693,993,2693
164f0e6a330b6e498aea7032530b49f0,644866ea6f26ed8a83ca8b2ff186ad50,1546,0,2800,3518,1254,3518
8ef2457edf1b63b4b7da95e7dad460f7,47cc495ec5cd590a46f6cfe0581f42ca,0,0,1089,2821,1089,2821
fa12beafe73d05a8d3bd4855f638cad1,921331741d0240e6cf31d4726177eea8,2257,202,2800,2321,543,2119
fa12beafe73d05a8d3bd4855f638cad1,8b4ec63410ff0dab44c769a994704c99,2183,0,2800,2631,617,2631
fa12beafe73d05a8d3bd4855f638cad1,5e66c4875750d7baf26dba40ee44eaef,0,719,593,2745,593,2026
fa12beafe73d05a8d3bd4855f638cad1,d82c0174f58f6ae1a898c91cfc08df2a,0,0,702,3518,702,3518
8ef2457edf1b63b4b7da95e7dad460f7,c9814bbf4ef22824cc01d6cc1763932d,1681,220,2800,2283,1119,2063
cadda60deddb2327d1eb211bfcdb1588,f035965ea2781010e1115f386c1832dd,1506,0,2800,3518,1294,3518
8ef2457edf1b63b4b7da95e7dad460f7,2a1d00a9b917bcd39f4d39560e738a37,0,301,1065,2614,1065,2313
8ef2457edf1b63b4b7da95e7dad460f7,8f2b40e1ed494ec0009be2ae70c20736,1667,0,2800,2685,1133,2685
b11181356171fafbbe5c73c42b36ea4b,5cec1acd759e810bdddd435e2d1a0495,2025,411,2800,2453,775,2042
b11181356171fafbbe5c73c42b36ea4b,95c45948f2826e945bb7755672378fe3,0,0,947,3518,947,3518
b11181356171fafbbe5c73c42b36ea4b,3f68738292387db5c1ddcc537e9721ca,0,682,871,2657,871,1975
598fa5b868e1d4b1c7b837e9be265846,a2100c4aa2a7d4df4a04e0aa81a22e34,1590,474,2800,3518,1210,3044
9e6e0d82b99543007668ca5c2b7e07e0,34fa6551192bec18909151c323240493,1798,0,2800,3518,1002,3518
598fa5b868e1d4b1c7b837e9be265846,7c474bbbb4db489e4807a059a8a71451,1674,0,2800,2574,1126,2574
9e6e0d82b99543007668ca5c2b7e07e0,0fb87562725d7901d800b6574fa38931,1809,429,2800,2379,991,1950
598fa5b868e1d4b1c7b837e9be265846,8d36f0a0bacc7343090121c8f6dd221b,0,0,1211,2562,1211,2562
9e6e0d82b99543007668ca5c2b7e07e0,081305700004482444eee34bed4ba47e,0,605,1015,2537,1015,1932
b11181356171fafbbe5c73c42b36ea4b,c022f551df34da09680420b8d28c83c6,1925,0,2800,3518,875,3518
9e6e0d82b99543007668ca5c2b7e07e0,a1ac24264c3ce2f5ae10c9e307f6d869,0,0,1094,2931,1094,2931
19b948594f67e5b17503d8749a27f8fc,d66f3114119568672cd8a2f6544de460,1990,739,2800,2703,810,1964
19b948594f67e5b17503d8749a27f8fc,8603b53f57db8b5606527296f6d77763,0,716,625,2656,625,1940
598fa5b868e1d4b1c7b837e9be265846,b3e052c8bffb73df47a5fb107d75ae65,0,349,1222,2699,1222,2350
bd56c24c1d22e8eb183051c6498fae1b,3a489f3740b1980512140be1dec42a51,0,0,1125,3518,1125,3518
19b948594f67e5b17503d8749a27f8fc,be85277ae7e7c4786b0e3ff1aefccb1c,0,0,751,3518,751,3518
19b948594f67e5b17503d8749a27f8fc,bac230b9901eef101a758d481bb80c5b,1981,0,2800,3518,819,3518
4598a7b538afcbf6d6f0d71fb654dacd,8d6dec0c237eb57072f53a3a74018866,1993,0,2800,3518,807,3518
bd56c24c1d22e8eb183051c6498fae1b,98fc069a7b96c1cdf8851e8a93eaa0d4,0,365,1177,2569,1177,2204
bd56c24c1d22e8eb183051c6498fae1b,bb69ef6f700e82dda39293163167b1ff,1871,583,2800,3518,929,2935
066a838c24cf84b88ae840caca2a88e8,cb1cec1193f1f34572207374f81c7dbb,0,0,733,3084,733,3084
4a4fad950706ae0cec11118da6092f7d,7cbb2c4f35526f72eedf6896de69c50b,1401,258,2800,2661,1399,2403
4a4fad950706ae0cec11118da6092f7d,647237c5e703cdd454a8ae48e0c5fac6,0,0,1275,2916,1275,2916
bd56c24c1d22e8eb183051c6498fae1b,d1adb6869cfeffce2005b69ce84b7521,1803,0,2800,3518,997,3518
4598a7b538afcbf6d6f0d71fb654dacd,ff1006f34fb13f42dff90aff81dc33ce,0,607,796,2692,796,2085
4598a7b538afcbf6d6f0d71fb654dacd,af9ae4f3a9ca14aa12966567ee6c5ba7,0,0,826,3399,826,3399
4a4fad950706ae0cec11118da6092f7d,97b98c4a04dc845218e16857ad2a2c20,0,340,1346,2590,1346,2250
066a838c24cf84b88ae840caca2a88e8,3a9e0e7c6d987dddfa9b4dad7cfb690a,1919,0,2702,2923,783,2923
066a838c24cf84b88ae840caca2a88e8,76309bd1ae3dd26e98205f09493785bf,2077,952,2638,2937,561,1985
4a4fad950706ae0cec11118da6092f7d,6a434121fd4d496cd7d40ccae5933cb6,1550,0,2800,3062,1250,3062
4598a7b538afcbf6d6f0d71fb654dacd,db396e5ebbd14451d54bd8175f6e8229,2005,678,2800,3332,795,2654
066a838c24cf84b88ae840caca2a88e8,53547c9d07237c5f219ef3fd51173481,0,829,619,2890,619,2061
db783ba0e5aada4dfb5bf34f582d7512,927fba5d631d27b8e86acf2a20ee441e,0,0,1194,2609,1194,2609
db783ba0e5aada4dfb5bf34f582d7512,3a713f2ce389f9feed06a7b2a991453e,1607,640,2800,2954,1193,2314
db783ba0e5aada4dfb5bf34f582d7512,8ed9734b0bbfac55b41e36a1e30fafce,1606,0,2800,2927,1194,2927
41aaa90ab08b058d9d9570d2d0924240,9d66e7194567d84bd7f0677f8f2711fb,1554,455,2800,2913,1246,2458
d7cdec931ae6daa98156444c65163ea9,9229fa0b8c2e90d74f009fbd7fa95364,0,0,845,3378,845,3378
d7cdec931ae6daa98156444c65163ea9,5a4df31fd7162a5eccf59a91ccdf2dbc,2045,411,2800,2383,755,1972
4e5c44db073909fc1d02bbead6e5cd95,f96cde28ca24ee0d18f8a59aa6c29e01,1983,989,2800,3085,817,2096
db783ba0e5aada4dfb5bf34f582d7512,fa39dc6752341dfc6b910c4dcb97e70e,0,429,1221,2751,1221,2322
41aaa90ab08b058d9d9570d2d0924240,7090648761811a6ba60f073f28f02827,0,0,1454,3281,1454,3281
41aaa90ab08b058d9d9570d2d0924240,d2db74cc276d57dea249a16b10edbc97,1608,0,2800,3518,1192,3518
d7cdec931ae6daa98156444c65163ea9,ab3889f70ffdfe63deb8c0e7eb8bebf6,1955,0,2800,3254,845,3254
4e5c44db073909fc1d02bbead6e5cd95,37e612843e234ec25759f256a470159f,1907,0,2800,3502,893,3502
4e5c44db073909fc1d02bbead6e5cd95,410ace371d2f829a9eb8aa2b77ef4171,0,654,825,2727,825,2073
4e5c44db073909fc1d02bbead6e5cd95,634fd22a4bad32e72d05d4beae4d6d12,0,0,904,3518,904,3518
41aaa90ab08b058d9d9570d2d0924240,1dd5e6486296c770954e36a354a21a17,0,272,1200,3518,1200,3246
ade13aae261defb3ed157afa4796d503,5aca6410379800cd6813f62e5bc53aed,0,373,1106,2531,1106,2158
ade13aae261defb3ed157afa4796d503,6cbe584782fe3bd18716a6512e2b2390,1799,277,2800,2389,1001,2112
d7cdec931ae6daa98156444c65163ea9,6a4129032960ef214a0bf74754077736,0,542,782,2518,782,1976
ade13aae261defb3ed157afa4796d503,527be31bc2e7fe4fa9e81421ba541a5a,0,0,1050,2254,1050,2254
74c736819f48009f2411f4dd2882e5ca,3826998d6224ae413c69930c9364c9f4,1714,0,2800,2609,1086,2609
74c736819f48009f2411f4dd2882e5ca,f3ddc1a66d10be34ad0521f6511d9223,1739,326,2800,3518,1061,3192
74c736819f48009f2411f4dd2882e5ca,9c3f04d2410238dac7aca14f5bd2075c,0,0,1128,2962,1128,2962
ade13aae261defb3ed157afa4796d503,a22769cca7d8c8f906c21fc85afedc11,1799,0,2800,2914,1001,2914
f8ee167a08db61bba065976d89f2980c,3ca01aa63e24a7f0c873d0a939d1b003,0,616,985,2770,985,2154
f8ee167a08db61bba065976d89f2980c,9faf94bbaf5fa58149b5aee0d0f97c0f,0,0,946,2686,946,2686
74c736819f48009f2411f4dd2882e5ca,eda1bf67c8c7484466cdd68cf2dbda74,0,397,1111,3518,1111,3121
764f0649b11623a66b60bd29707150fd,7e30ca723c1f47cc0bbd0b9d69fd6c36,1992,833,2800,2801,808,1968
764f0649b11623a66b60bd29707150fd,68c48c8b74d115a9ca67968aca32897a,0,0,808,3373,808,3373
f8ee167a08db61bba065976d89f2980c,899c3f4bf001d535226c6f25cbbd8b3f,1793,0,2800,2682,1007,2682
764f0649b11623a66b60bd29707150fd,da61499f6af7f0b74b2c7958d251ef37,0,619,757,2644,757,2025
764f0649b11623a66b60bd29707150fd,472e522fbc9b852ef520ff863d875aa6,1999,0,2800,2518,801,2518
3a26837ef794af803932f19ba5e81078,d8ffafd4b0b203f8da021f50748ce068,0,710,754,2556,754,1846
3a26837ef794af803932f19ba5e81078,b663689fa1f0fbc8b3e56cb1fbd3ab95,1973,118,2800,2135,827,2017
3a26837ef794af803932f19ba5e81078,97b0b14c750a4f03592ef70753bfee6a,0,0,833,2735,833,2735
f8ee167a08db61bba065976d89f2980c,f32f962f744710e0d170264fafb107cd,1731,475,2800,2775,1069,2300
60a1aea0c6b3175e84e5a44a74aebcd8,6eb96144c17054af8f41bafc715511eb,1688,0,2800,3518,1112,3518
60a1aea0c6b3175e84e5a44a74aebcd8,ccf8194399a8f381a7d6f05dc5abe836,1661,665,2800,2902,1139,2237
60a1aea0c6b3175e84e5a44a74aebcd8,12ebd6247a05332962ad0baf93623e09,0,460,1107,3009,1107,2549
ee3551c7153c8549f6b423de9a7ae3c0,e6db66d3121fc251527bd5fcbac1b6f8,0,817,1015,3518,1015,2701
3a26837ef794af803932f19ba5e81078,8cefb5775b4f53b6b60a067b6b28d207,1928,0,2800,2830,872,2830
ee3551c7153c8549f6b423de9a7ae3c0,8100af33edc349eebf986b786a5ad24c,1790,494,2800,2787,1010,2293
60a1aea0c6b3175e84e5a44a74aebcd8,1db5369d08e0d88fc5d0b2d62eafa3d5,0,0,1740,3518,1740,3518
ee3551c7153c8549f6b423de9a7ae3c0,bf99a6a1248bd5af6be881a72966071e,1665,0,2800,3518,1135,3518
f3c855dd2fc8d2169ac1af3316429209,b9d99b6404393a9e23ebf953b786ca6d,0,307,960,2367,960,2060
f3c855dd2fc8d2169ac1af3316429209,18786e0d26d8a2ef9746de711e419306,1897,0,2800,2484,903,2484
f3c855dd2fc8d2169ac1af3316429209,2404342eb1fa2d118560812e6aca82ee,1798,491,2800,2540,1002,2049
e10c31e40dacd75821607a9676251dc8,c39176c270c633162f067a8c918502ab,1625,526,2800,2868,1175,2342
ee3551c7153c8549f6b423de9a7ae3c0,9b36259d5b95910792829aa8184af692,0,0,1121,3518,1121,3518
f3c855dd2fc8d2169ac1af3316429209,a8390f8b0e09fe8bfe97110ef47480ed,0,0,989,2777,989,2777
ec4c67d05d3f488082062247241723a1,361804af1fd3d118761dcd464a851ea4,1892,419,2800,2456,908,2037
ec4c67d05d3f488082062247241723a1,ec00f96501ea48fe5aa36811281f6385,0,722,961,2824,961,2102
e10c31e40dacd75821607a9676251dc8,f39105c691196efb773742cd1212b051,1590,0,2800,2755,1210,2755
e10c31e40dacd75821607a9676251dc8,bd9a8673950c50ad47bcd4cb7ed333bc,0,565,1195,2883,1195,2318
e10c31e40dacd75821607a9676251dc8,fa79048da825f531c5457b590f83e668,0,0,1175,3518,1175,3518
ec4c67d05d3f488082062247241723a1,6ca9ed5cee496966713763d32f266aff,0,0,969,2983,969,2983
cff85da13106359e82dc86f26c43ed68,67bebc2af7ad097c80543a19fb95fa64,1892,313,2800,3498,908,3185
ec4c67d05d3f488082062247241723a1,0af35f5f967d2df686f1f22dd9ca6ed7,1839,0,2800,2401,961,2401
cff85da13106359e82dc86f26c43ed68,722a9cbc514426fea72f249c9c807afa,0,105,1027,3518,1027,3413
cff85da13106359e82dc86f26c43ed68,ea67ae13453539af4f2312727f7c1a77,0,0,1090,3518,1090,3518
e7c4b9f4035d7a1601f2a943bffe28d0,8fc78640f8e2b50996684e5e0d65f63c,1731,331,2800,2322,1069,1991
cff85da13106359e82dc86f26c43ed68,a351920358686ff5a16edfc3fb592a86,1852,0,2800,3518,948,3518
e7c4b9f4035d7a1601f2a943bffe28d0,6b86549dd6a1f6871be9e29eefae2fd8,0,735,997,2702,997,1967
65b87ec059ebc0c6eab127793a4b8149,8f0ece3cf5d0d52995a7ab6c6f14384f,1987,647,2800,2758,813,2111
e7c4b9f4035d7a1601f2a943bffe28d0,024f073c6529d7f7b3f95fc589f40d38,1738,0,2800,2179,1062,2179
65b87ec059ebc0c6eab127793a4b8149,c92496c0e566dfe284c93f32acf4cfce,0,344,1023,2807,1023,2463
93dac652de524f556eff093150d5794e,7518414a42a0f0e517b57067066f6dd7,1957,546,2800,3518,843,2972
65b87ec059ebc0c6eab127793a4b8149,cf96e99626882bcbebb773e6ebb6a5be,1863,0,2800,3518,937,3518
78ed2cb97b9e521768edd0714134b54e,bd69b679b4a1e372b5c5fd0b4c34e190,0,580,825,2679,825,2099
93dac652de524f556eff093150d5794e,09e27ec0f787168380d602e3baa2ec7e,1917,0,2800,2911,883,2911
78ed2cb97b9e521768edd0714134b54e,0b4338c9f7ab658a3c82f4d3b2a04f24,1876,0,2800,2655,924,2655
e7c4b9f4035d7a1601f2a943bffe28d0,13eaf76f8ddd04c74b0215255afbb2e3,0,0,1073,3171,1073,3171
93dac652de524f556eff093150d5794e,e479b5890fcf989be429e25f604d8ed1,0,0,964,2913,964,2913
78ed2cb97b9e521768edd0714134b54e,83c8bc9bd2ff55cc85df1682d17b595d,1999,536,2800,2619,801,2083
65b87ec059ebc0c6eab127793a4b8149,ddcaecd632dfc11d56ef42f92d762795,0,0,1096,3518,1096,3518
78ed2cb97b9e521768edd0714134b54e,a639a6e1cdcbe18cd9a007bec424e510,0,0,1014,2611,1014,2611
76869b27aff0c3c938bc8342e94f9d4e,eecefac7ed4cffb619f9a7618cfa8547,0,0,592,2320,592,2320
a6864f0e62f2b67236e4e9aa5bcf9007,75c83793cd0672368f5221c6ad055566,0,239,1121,2752,1121,2513
76869b27aff0c3c938bc8342e94f9d4e,1fa487865f5b31244f26b3137eebb37b,1436,299,2012,2054,576,1755
76869b27aff0c3c938bc8342e94f9d4e,aa0cb256b615cef00acac2024de5b699,0,0,680,2234,680,2234
a6864f0e62f2b67236e4e9aa5bcf9007,9082e47fd414737a084e6df9591977c1,1677,0,2800,3063,1123,3063
a6864f0e62f2b67236e4e9aa5bcf9007,e57f55b818cf38f76b397ea0f11e8679,0,0,1471,3518,1471,3518
a6864f0e62f2b67236e4e9aa5bcf9007,1fd4a535e676c72a9508282c83ad6b68,1731,182,2800,2381,1069,2199
93dac652de524f556eff093150d5794e,12dd9ff1a24815c1987529bc92737cba,0,481,899,3518,899,3037
76869b27aff0c3c938bc8342e94f9d4e,104dd8bb0122e1d85471ff49b5658148,1305,0,2012,2291,707,2291
d9fad6c9f63a51b7555ad1f2600ee618,3bdd48aa6681f60638a11563b31378b5,2152,624,2800,2484,648,1860
d9fad6c9f63a51b7555ad1f2600ee618,95b1f4b93cdebfa4e7819b48b9cd1411,0,0,896,2398,896,2398
d9fad6c9f63a51b7555ad1f2600ee618,6a71fafef4e51e1f11a4fa219f421d34,0,416,787,2311,787,1895
d9fad6c9f63a51b7555ad1f2600ee618,226155c4a247254504937bec82c31a74,2084,0,2800,2407,716,2407
49efdec278091185fcbec97a4a955593,704545902f1e2959ea4d55c81dd28d3d,1944,0,2800,2554,856,2554
49efdec278091185fcbec97a4a955593,5c8711933a6b4619572d8a16525f482c,2099,547,2800,2397,701,1850
697101796e36a85f9892f6149c1f5df5,6954c62b32f935c12bbc932d58fcac1a,0,0,1095,2812,1095,2812
697101796e36a85f9892f6149c1f5df5,e0a905093e62c2b6563e4cdc9d7db53a,1017,515,2012,2630,995,2115
49efdec278091185fcbec97a4a955593,519b6f845c724d114361894623ae9fd1,0,0,877,2819,877,2819
697101796e36a85f9892f6149c1f5df5,36556282cb8a7c42cd99f55744e224bc,945,0,2012,2615,1067,2615
49efdec278091185fcbec97a4a955593,abab984037cec1a0bbc7d81e2fe5804d,0,668,739,2602,739,1934
262cc7f068f352eae07266862f02f144,233d2b05854c99e5aad41c3996c60971,0,0,1009,2434,1009,2434
262cc7f068f352eae07266862f02f144,e845d3eb92207b0ce7dfb01cf4f0c929,1039,187,2012,2175,973,1988
262cc7f068f352eae07266862f02f144,d93523a18b38b98b9a3729b57aa4c1b7,916,0,2012,2182,1096,2182
697101796e36a85f9892f6149c1f5df5,454ef1b071a71cbc9287b65fd9ec132f,0,228,1044,2445,1044,2217
262cc7f068f352eae07266862f02f144,45b0996d42489084dbed3509453eddd5,0,70,971,2301,971,2231
5bf7f3c05f93f02085789af720be64d6,5a5a99a13dc38d2f7dbfd0e89f941d31,1937,309,2800,3374,863,3065
5bf7f3c05f93f02085789af720be64d6,a41a04883364dff4df3b28905809d335,1958,0,2800,2989,842,2989
bdd27a07f2431d025aed898c275800c8,10dfa9e9531207aee1babe1eae5ac4fe,0,0,1432,2667,1432,2667
5bf7f3c05f93f02085789af720be64d6,63d9c343c99b57ce847d7c32a737824e,0,0,800,3053,800,3053
5bf7f3c05f93f02085789af720be64d6,c138f1f6f8a667eab61b940b8862e3a3,0,651,823,3518,823,2867
bdd27a07f2431d025aed898c275800c8,305e38e3229639d22b6415a881162e18,531,0,2012,2361,1481,2361
bdd27a07f2431d025aed898c275800c8,1964ef5a0b9b50811507e5e0913e1f07,569,0,2012,2812,1443,2812
bdd27a07f2431d025aed898c275800c8,1ad6e89c194005ef41db17bbc132bc5e,0,0,1334,2413,1334,2413
ab70e00ddc831701ca92edfe5dad1a8c,43192f34e1535377c5f1aec7e825840c,0,0,1012,3518,1012,3518
ab70e00ddc831701ca92edfe5dad1a8c,28ed26c565daabf989779da333fd318b,0,740,1059,2872,1059,2132
ab70e00ddc831701ca92edfe5dad1a8c,9e9ca94d4668abfe1e9249ae56387cee,1685,629,2800,2750,1115,2121
ab70e00ddc831701ca92edfe5dad1a8c,1cc56363944503b78c7da665c0f2c87a,1644,0,2800,3518,1156,3518
42162c2fa52a4927562b812d5b87603c,fb09590d2e126153d8af06ab7f1134d0,1165,460,2812,2900,1647,2440
c8b485d7c19f0b52831913a802c6b357,946c320ed5dfa5311e96c484ceb34587,0,474,690,2593,690,2119
fedfaab3bd1730d837d7b3b9ff228aad,dfb5cd98a6d914ecf95cfc431c0ed741,0,454,799,2443,799,1989
fedfaab3bd1730d837d7b3b9ff228aad,2ea2a38a76cc8b17d75ac8d355f24102,1948,269,2800,2481,852,2212
c8b485d7c19f0b52831913a802c6b357,6a8447e92d6ea0a1cfb84eb874905c06,1312,364,2012,2647,700,2283
c8b485d7c19f0b52831913a802c6b357,0cf3b113ca79bf73a060bcfd39bf2fa0,1272,0,2012,2757,740,2757
fedfaab3bd1730d837d7b3b9ff228aad,6583b9841446656e3b674ebc8c47aa85,0,0,911,3518,911,3518
42162c2fa52a4927562b812d5b87603c,49fd3d01825673aeb52b672d88e84abb,1208,0,2812,3489,1604,3489
42162c2fa52a4927562b812d5b87603c,75bb898fa6f12a1b319ad39083d2ed29,0,0,1617,3041,1617,3041
c8b485d7c19f0b52831913a802c6b357,d1dca4d52805d2f0b7f903764fc25167,0,0,694,2634,694,2634
42162c2fa52a4927562b812d5b87603c,61ef2832c68aa55ff8304a62c8f163a8,0,638,1612,3580,1612,2942
0e950d8bd73cd86c25a287e2d341c7ed,030fd303a761188259a341e5121de74c,1886,86,2800,2938,914,2852
0e950d8bd73cd86c25a287e2d341c7ed,1e2d94424f5a9a847f1a7e8eae1ecdd7,0,0,963,3518,963,3518
0e950d8bd73cd86c25a287e2d341c7ed,4c30f4f248be62ba9497754adeca5acd,0,511,925,3487,925,2976
fedfaab3bd1730d837d7b3b9ff228aad,0dba047980d7ee2947602672e7c124dc,1905,0,2800,3518,895,3518
4bb33656e2641c41b2a32e38a8fb31f5,158680b466e1b5d13b946ea78f78cd73,0,573,858,2670,858,2097
8ae4629f7af1275805fb2d97698e96c1,8bb2989532c3c328944a760329ff5c3d,1903,0,2800,2571,897,2571
8ae4629f7af1275805fb2d97698e96c1,e9b147c1b1729a0e273dce60556e3f58,0,0,910,2542,910,2542
8ae4629f7af1275805fb2d97698e96c1,8b6a18aee313e93b1ad8919891884e76,1882,279,2800,2271,918,1992
4bb33656e2641c41b2a32e38a8fb31f5,df1bb809a50182b97f105ac4a17d234b,1920,392,2800,2532,880,2140
4bb33656e2641c41b2a32e38a8fb31f5,56a3d675eb8c5cac1b3c19ff31a30299,1818,0,2800,3361,982,3361
0e950d8bd73cd86c25a287e2d341c7ed,2a7587ad11de66771fb0b1f1c9673fb9,1793,0,2800,2802,1007,2802
4bb33656e2641c41b2a32e38a8fb31f5,a6eee18bccdb714d360ae3502d856206,0,0,1014,2565,1014,2565
04224f5bb7fbc1975cf3b499bb088306,adeeb64338b75017801e1a18de4e24bf,0,0,964,2623,964,2623
8ae4629f7af1275805fb2d97698e96c1,88d62dbd42ca415fccf592f3f4b2fc7d,0,447,941,2460,941,2013
04224f5bb7fbc1975cf3b499bb088306,6a2d63bb9982d6f12563c2944be37633,1936,683,2800,2661,864,1978
04224f5bb7fbc1975cf3b499bb088306,bfa95f12ea0d66b63fa38493ec2c11fa,1870,0,2800,2727,930,2727
2a79ba7c963902934414b89d0150cb27,e5c01e29c104367ac5a9b10d82ad50de,1838,0,2800,3518,962,3518
3f57f3b78bf75aa1acec61744e23b3ba,34e352aa6b03efaa6efd0536a40a1f53,0,0,779,2251,779,2251
3f57f3b78bf75aa1acec61744e23b3ba,f02861c493cc645e21dc333ac16ee445,1991,387,2800,3518,809,3131
2a79ba7c963902934414b89d0150cb27,9098993b41d81598631a93f1c7043d81,1840,23,2800,2629,960,2606
2a79ba7c963902934414b89d0150cb27,4de88c0f9c8ec2a086f903d76fde37e6,0,0,1050,2914,1050,2914
04224f5bb7fbc1975cf3b499bb088306,6b21fec5b23bfec97b432edd756006cf,0,752,774,2789,774,2037
2a79ba7c963902934414b89d0150cb27,022bddf1e41c8244acbf03918ca68925,0,271,1052,2839,1052,2568
3f57f3b78bf75aa1acec61744e23b3ba,8aa70902f964f692bc3034967b23de77,0,607,889,2618,889,2011
3f57f3b78bf75aa1acec61744e23b3ba,1373404e7845ecbd3a8535294c2a3f76,2026,0,2800,2252,774,2252
cb813aa5ee323609c4fb4e376eb8fe1a,387df247d1000f55a9beb1debfd69100,2063,489,2800,2691,737,2202
cb813aa5ee323609c4fb4e376eb8fe1a,1656d82c2183f01afcf99a1ab7ea1450,0,460,761,2501,761,2041
07d43187403813ffaa979f33147ece47,dde7f5369deee4fdb16575d1568c9ac9,0,0,1180,2417,1180,2417
07d43187403813ffaa979f33147ece47,a8abf2aaa2b986200c0ef820d301d7a6,0,292,1100,2672,1100,2380
07d43187403813ffaa979f33147ece47,da7d4673175f96371a85c47ada56894f,1894,550,2800,2474,906,1924
f4c15508197440ce3eedda65f6fa772e,1950a2aaa987edd58f7b255f332e2e27,1322,0,2800,3518,1478,3518
f4c15508197440ce3eedda65f6fa772e,bf60d6a90c31c83ee183cdf9c3626479,1491,0,2800,2883,1309,2883
cb813aa5ee323609c4fb4e376eb8fe1a,b779b15fc24a221f59f0db839ace6317,0,0,746,3518,746,3518
f4c15508197440ce3eedda65f6fa772e,404f8089278adb93070d384170c6a4ca,0,615,1395,3239,1395,2624
cb813aa5ee323609c4fb4e376eb8fe1a,6a3f6cfe6756ea9e43f7e6162ac74ccb,2028,0,2800,2566,772,2566
07d43187403813ffaa979f33147ece47,5f2eba82b7bd1e6e418b73012458b9a7,1806,0,2800,2827,994,2827
436befa1eb000c851fab4e3442f54bbc,c126deb23350ddf7a0707771b2b404f7,2035,518,2800,2504,765,1986
436befa1eb000c851fab4e3442f54bbc,4461da3f68c78bd404d1108b2a9b0e2a,0,0,838,2475,838,2475
436befa1eb000c851fab4e3442f54bbc,639819a2ff75f5c9cf9c55b114d61722,0,795,875,2744,875,1949
f4c15508197440ce3eedda65f6fa772e,b411361e7e32f38540fd4bcf927ccd10,0,0,1455,3518,1455,3518
c8d3e4afb346dae74102465748a519c4,eec1e97cf5a638d0eb91144df8297914,0,0,834,2680,834,2680
436befa1eb000c851fab4e3442f54bbc,4e8f953d946c0d7a63d8666bde7f1d64,2050,0,2800,2566,750,2566
b108c4ee5f709673fa0020a4bbb8442e,35a099f725498e769feca60bbf538dda,0,193,777,2812,777,2619
b108c4ee5f709673fa0020a4bbb8442e,c8f6d9cb9c51f55db7c0a237dc130c77,0,0,887,2812,887,2812
c8d3e4afb346dae74102465748a519c4,c6034e00488d761b00d4777f63bb51c7,0,683,793,2609,793,1926
c8d3e4afb346dae74102465748a519c4,c34a29c552e136cb7241ef46f95e1149,2030,0,2800,3518,770,3518
c8d3e4afb346dae74102465748a519c4,ca390305b97b5650f076863958a70302,2050,537,2800,2443,750,1906
b108c4ee5f709673fa0020a4bbb8442e,839f1e5beab1121c7929668ffe79205a,1304,0,2012,2178,708,2178
b108c4ee5f709673fa0020a4bbb8442e,f0af8d9753ab8784776475f2c226e8e7,1153,0,2012,2812,859,2812
90e54680b3ba0e38c45c5141d7ed69d9,954f15c4938b1ab8cd312c9d51c64439,0,604,921,2894,921,2290
90e54680b3ba0e38c45c5141d7ed69d9,c331698b5ca12deb515ecc3d6c0de40c,1981,453,2800,2569,819,2116
90e54680b3ba0e38c45c5141d7ed69d9,10ba88b296ba3f63e7f25f0d3b319666,1976,0,2800,3282,824,3282
8a83a1b911d3238c144aa0e654be5dfb,dc99442c8b9a1aed64c5f5f6619dbb44,0,0,1037,3518,1037,3518
2c90542f6f10926cde501ebd8de7c3c3,c196f4f5467a2ec7d92b8dd5dc87b745,0,0,947,3076,947,3076
8a83a1b911d3238c144aa0e654be5dfb,c87bf078a7282e6b7ce54068935f3c61,1920,324,2800,3518,880,3194
8a83a1b911d3238c144aa0e654be5dfb,042733688eecb852ea06140448a8b1bf,1849,0,2800,3518,951,3518
8a83a1b911d3238c144aa0e654be5dfb,3ddb3025c6f2217ae038bb70a2c074b7,0,595,1047,3518,1047,2923
2c90542f6f10926cde501ebd8de7c3c3,af6f77c5cc23630de9e24f50e82a2be0,0,343,823,2629,823,2286
90e54680b3ba0e38c45c5141d7ed69d9,be4c91315c3360fa6040ae7c080199d8,0,0,955,3518,955,3518
2c90542f6f10926cde501ebd8de7c3c3,4ae52d114924c90767dfb6ab86ea460d,1796,0,2800,3245,1004,3245
47cb0fd3a14170fe7de0a095c57b9360,04c44391c2867b9f0ee94af7599e5823,1817,423,2800,2567,983,2144
2c90542f6f10926cde501ebd8de7c3c3,248979f8c341862b99d2ab1e40a4efb1,1850,416,2800,2671,950,2255
5ce304b9545f849dac2d2b0c46f0cbd5,b447db872a6a04a58e0ab0ea62ed9450,0,418,979,2681,979,2263
2c4cc5495e3fa8f1b4eeab6798714449,cafb38b60a61619ad1bfa25b77ccb521,1585,542,2800,3484,1215,2942
47cb0fd3a14170fe7de0a095c57b9360,bb4b24e485f7a08631c9f789538e13ab,0,583,946,3518,946,2935
2c4cc5495e3fa8f1b4eeab6798714449,97065ac244bc7c0998bc21ac09711bbc,0,375,1095,2609,1095,2234
47cb0fd3a14170fe7de0a095c57b9360,805db15410eaf3bc069fe51f6264e5db,0,0,994,2673,994,2673
47cb0fd3a14170fe7de0a095c57b9360,d5f0fc5aba2352649d84bf1ffe8da24f,1813,0,2800,2555,987,2555
5ce304b9545f849dac2d2b0c46f0cbd5,6b9362eb4da41d0c4573379fec1b6cd9,1078,271,2012,2812,934,2541
5ce304b9545f849dac2d2b0c46f0cbd5,596459f75da949153c89d87bad35a845,0,0,991,2812,991,2812
2c4cc5495e3fa8f1b4eeab6798714449,5d5786dee6311f7b3a67498641c7d2dd,0,0,998,2657,998,2657
3a07c08fd1f5dceb0183408bd1352a76,a8351527f114d9c48928fc460bfacb24,0,0,735,2418,735,2418
3a07c08fd1f5dceb0183408bd1352a76,0dbe7b63c361d4dbe512c703871535a5,2025,0,2800,2296,775,2296
2c4cc5495e3fa8f1b4eeab6798714449,f7b6c452218153d612c4c28f14971296,1628,0,2800,2894,1172,2894
5ce304b9545f849dac2d2b0c46f0cbd5,f6ef3ace1f818d483e8f20e8c35d1bc2,1122,0,2012,2812,890,2812
3a07c08fd1f5dceb0183408bd1352a76,1ce9997efb20088b82bdbe9a8835c371,1942,720,2800,2358,858,1638
cb6bb478ce48759fce715b148e58cc26,d092011c4871ea727e95c0048ecefdbe,0,537,755,2697,755,2160
f89349252116268e610fdd4ba0df0aa0,4efecca1d15dd98854c103d98a47cc21,0,1006,910,3518,910,2512
cb6bb478ce48759fce715b148e58cc26,ba7a3571c4bce5ca2e381a10aeab126a,1800,0,2800,3048,1000,3048
3a07c08fd1f5dceb0183408bd1352a76,fe85012d3bbf9e2d2e15d5bcb8a019c7,0,514,816,2141,816,1627
cb6bb478ce48759fce715b148e58cc26,d01452058a6dbdcd2e984867b15238de,0,0,935,3518,935,3518
cb6bb478ce48759fce715b148e58cc26,31098cfac62c542ff2ead715374fc6bf,1895,685,2800,2752,905,2067
f89349252116268e610fdd4ba0df0aa0,7c0aad3e72c7253321cb4986137f3f20,2058,0,2800,2707,742,2707
29b123bc5ee2d121d475a02b1df7890b,5ac90a8d1d310a2d2d3ef6d3f6cbdd86,930,278,2012,2496,1082,2218
f89349252116268e610fdd4ba0df0aa0,25221c02e091e6ca82e2fc2b582a6e1f,0,0,865,3127,865,3127
29b123bc5ee2d121d475a02b1df7890b,567db26fb8c5d96dfeaf3afab45f5c30,0,166,1183,2443,1183,2277
a0047350977a97f57d8dd43603907e87,f75e7aff7268ba2e462c284e30cfc5b5,1978,0,2800,3518,822,3518
a0047350977a97f57d8dd43603907e87,c3a55bfbe06de4df6ad995a634671db1,0,0,853,3518,853,3518
a0047350977a97f57d8dd43603907e87,366252368e9aee5f1ec26c1b7c86d740,0,697,889,2695,889,1998
29b123bc5ee2d121d475a02b1df7890b,6947924551cbdc64b442532b82c0571d,944,0,2012,2695,1068,2695
25f7d988de28237bbf10273129097c9c,7436b46be378fbd797844578de54541a,0,782,779,2804,779,2022
25f7d988de28237bbf10273129097c9c,5855744f8949b1a881e2a92e34a151b0,0,0,703,3518,703,3518
25f7d988de28237bbf10273129097c9c,3c48d1eac361faa8b2ec575dba6bcd4e,2139,877,2800,2890,661,2013
25f7d988de28237bbf10273129097c9c,e394f33dc6ce5be8f6b28f9d256889a9,2055,0,2800,3327,745,3327
29b123bc5ee2d121d475a02b1df7890b,4412d8c9878dfa35647f9de46f7b5e34,0,0,1248,2812,1248,2812
a0047350977a97f57d8dd43603907e87,f9a54449757586583a8f36ccc821f7ac,1936,479,2800,2542,864,2063
f89349252116268e610fdd4ba0df0aa0,4274a76dcc9e28508eff58acc103dc73,1920,354,2800,3421,880,3067
b2ed8f5f90ee23ea20e0e6b15a75ed31,fea58cfb641122f9428891a2e35cf90e,1704,565,2800,2853,1096,2288
b2ed8f5f90ee23ea20e0e6b15a75ed31,50de294419f0bec5e0b9531b91e0af6e,0,0,1189,3518,1189,3518
b2ed8f5f90ee23ea20e0e6b15a75ed31,6eb34cd99d8443e5d6c3dc7fb9fd03a2,1680,0,2800,2654,1120,2654
d66c863eb6f38fb5907e0d75c06e5bfc,b410ae69e4a4e68d7f8292e485261485,1978,558,2800,2736,822,2178
d66c863eb6f38fb5907e0d75c06e5bfc,4f46d57e77955c4b795f175ba7b01607,0,0,833,2727,833,2727
b2ed8f5f90ee23ea20e0e6b15a75ed31,00c06a08dab396c971910341fb3e9844,0,466,1112,2815,1112,2349
e64c381fc58cf29b35a997305e301e1e,3534b76a73068d30da613ddba1ad56bf,1591,0,2800,2797,1209,2797
d66c863eb6f38fb5907e0d75c06e5bfc,da582834dea07c27cafa6ab63e6fdd17,0,816,747,2801,747,1985
e64c381fc58cf29b35a997305e301e1e,2fb7e0747bb5d8db46f9ef813f572bca,0,495,1156,2772,1156,2277
e64c381fc58cf29b35a997305e301e1e,600fdff41502c158eea0aeb2d1c98c34,0,0,1287,3451,1287,3451
d66c863eb6f38fb5907e0d75c06e5bfc,be6b284aa3dcc54bab786ff62a74911b,1961,0,2800,3430,839,3430
e5e997bf2edc162b99863a9fdd0c7e51,e22030195b3947410e4f42a5f454aec3,2015,496,2800,2518,785,2022
e5e997bf2edc162b99863a9fdd0c7e51,2ce389a2252ceb3a87a7be9a14721692,0,696,755,2725,755,2029
e64c381fc58cf29b35a997305e301e1e,82955d76392ccd18004964e1d9700d3d,1479,298,2800,2785,1321,2487
e5e997bf2edc162b99863a9fdd0c7e51,3c9061c702e0d9c8379a589235dc6987,1992,0,2800,2302,808,2302
58f909e936a14049de83be0ad193a562,4ccf62726edc8b13770d311b9929f8e0,0,497,957,3460,957,2963
58f909e936a14049de83be0ad193a562,519e1a01bd3c08ad8a46fc476730ca0c,0,0,1009,2793,1009,2793
58f909e936a14049de83be0ad193a562,7a8e56ba59d115727b5949135327a00b,1821,591,2800,3518,979,2927
58f909e936a14049de83be0ad193a562,bf04982d4f6cb6f56640f78604234411,1743,0,2800,3316,1057,3316
4733d457477a083a8851b352190a33dc,4fbc6f68d494357d4e3e23d4888c76eb,1751,85,2800,2515,1049,2430
88607e293513af0813d1c58d52c14b00,ca9f4a8dd9bd18c21b196f7af2c10d65,813,0,2012,2812,1199,2812
88607e293513af0813d1c58d52c14b00,70ca5e628bbf34e33eb2aa1720b6ccbc,0,0,1067,2683,1067,2683
88607e293513af0813d1c58d52c14b00,7b91b11329c4e7e8b35a3a94e0bd2582,0,340,1112,2812,1112,2472
4733d457477a083a8851b352190a33dc,db180e3472ea6b06154fc18e645e3b1f,0,697,922,3107,922,2410
e5e997bf2edc162b99863a9fdd0c7e51,01fb871dc222684a9950609b62b76772,0,0,804,2448,804,2448
4733d457477a083a8851b352190a33dc,1e406a6d8074b6aa5515692c93718a70,1636,0,2800,3409,1164,3409
77d2b897870fd48aacdc9b2bbad1ef52,870ec0cc5a1b1874d8c972a8595f41a2,0,4,785,2721,785,2717
4733d457477a083a8851b352190a33dc,4ff2301d9b2a2fccda212126df00550a,0,0,1090,3518,1090,3518
cdbca92c98e8bfadb32129eb725abd11,430e0cd0572ef115ce0cb2c825f3922b,0,615,996,2612,996,1997
5b7d6ec0b48d7387b8b0acd184db7ae6,d529d3217eb7aba7e1c8ca97de90a731,1789,680,2750,2957,961,2277
5b7d6ec0b48d7387b8b0acd184db7ae6,e0805d941240f3a51f95502bc90a9b25,0,809,1057,3048,1057,2239
5b7d6ec0b48d7387b8b0acd184db7ae6,6c178a7dd55215b2707e083e7bd1bb8a,0,0,1051,2942,1051,2942
cdbca92c98e8bfadb32129eb725abd11,7a51b79303dd344f758a07fa4a24cc98,0,0,857,2498,857,2498
77d2b897870fd48aacdc9b2bbad1ef52,bd700501498c10cfbc70ebc2b71d6c61,1877,296,2800,2376,923,2080
5b7d6ec0b48d7387b8b0acd184db7ae6,e7a62e058560575e94e6365ee72fca6a,1613,0,2750,3580,1137,3580
cdbca92c98e8bfadb32129eb725abd11,1c6ac8b15271c476d3d522b4cd547844,1860,609,2800,2604,940,1995
88124c49dd81f932ddb904f8fbd97830,47a400f550d82b0c4909200d866b954e,2026,74,2800,2570,774,2496
cdbca92c98e8bfadb32129eb725abd11,b272592b56c5a8ba89987dfdc196188e,1947,0,2800,2245,853,2245
77d2b897870fd48aacdc9b2bbad1ef52,4e345e88925005443f0be9ca6ad6916c,0,0,845,2931,845,2931
88124c49dd81f932ddb904f8fbd97830,546f3baa262e8eba2bf0765c0146e442,0,763,757,2537,757,1774
88124c49dd81f932ddb904f8fbd97830,ccb9c429868f89f8ff0c12afff6c5eb7,0,0,886,3151,886,3151
88607e293513af0813d1c58d52c14b00,a9a313119f36f6ab0c0bf66b32064a24,850,260,2012,2812,1162,2552
88124c49dd81f932ddb904f8fbd97830,363d727c4a4f56586a8b5127bc9862ca,1866,0,2800,3518,934,3518
77d2b897870fd48aacdc9b2bbad1ef52,cfd41653f3323981233f2f70146b0b60,1887,0,2800,3107,913,3107
05173cad64e575abafc2ba7a7aea624d,7eac11c139ff82aef6080358c1e73f7b,2149,1004,2800,3518,651,2514
14716db54e664ab6daa9f4d78b057680,6f500ba5c505b25da3a83985c2afd6ac,2037,683,2800,3234,763,2551
05173cad64e575abafc2ba7a7aea624d,f2f61fd26e46ab4b16d62c3c57732f11,0,794,736,2739,736,1945
05173cad64e575abafc2ba7a7aea624d,7d336944bf03a21007ab4df8733bad3c,2090,0,2800,2760,710,2760
14716db54e664ab6daa9f4d78b057680,014566c91fba30f17c700e6616f07942,1997,0,2800,3518,803,3518
14716db54e664ab6daa9f4d78b057680,f2ac69ee9a1f165bd8e1ec4ec7e105de,0,318,716,2790,716,2472
14716db54e664ab6daa9f4d78b057680,255c37384bb5b92fb451a11c37cb4bd2,0,0,745,3361,745,3361
3b82a7da9d705137b3ff11e556101503,6fb4dc9a75fb580a349c54e17e53c009,0,700,562,2566,562,1866
3b82a7da9d705137b3ff11e556101503,6f8d34c8c0cd62833bd9f33967afe47b,0,0,698,2861,698,2861
05173cad64e575abafc2ba7a7aea624d,08d490da77b0a0b78e071ebe56dc64d6,0,0,696,2425,696,2425
6e9a09e08669ecfa4dd3a3f560512d82,bcfcd4b47523e98e935467ef8bfcb013,1997,0,2800,2084,803,2084
6e9a09e08669ecfa4dd3a3f560512d82,7789773b35b3493b883cf3bc0bc856b0,0,526,822,2359,822,1833
6e9a09e08669ecfa4dd3a3f560512d82,9ec3e294d998a94f03cf139cf64e1ec6,0,0,810,2065,810,2065
6e9a09e08669ecfa4dd3a3f560512d82,997609ab85eb8b338d30b085e85b7a4c,1903,556,2800,2433,897,1877
3b82a7da9d705137b3ff11e556101503,b2f6550bb4089e1cac55445bf4e66057,2264,541,2800,2333,536,1792
501022f5d5f1b2a24b54e39aa212f943,87e036c554bde7c532e56af4e031c948,2223,848,2800,2751,577,1903
3b82a7da9d705137b3ff11e556101503,81a7ac9540642ecea117c244ab1b0fdb,2221,0,2800,2758,579,2758
501022f5d5f1b2a24b54e39aa212f943,d8ca0b0bdf8dfd759937a9bd9e04b86a,0,606,654,2659,654,2053
501022f5d5f1b2a24b54e39aa212f943,d82d257806a874647adb5736d1205956,0,0,762,3518,762,3518
1bf2f8f68ea1ad15fb66996dd07ec1dd,00a699bda0d1a1c2c7852322a7fdb23c,0,765,1059,2728,1059,1963
501022f5d5f1b2a24b54e39aa212f943,45ad81f9c8a62e06ccedc27c4a30a159,2012,0,2800,3518,788,3518
5dd731c34fb57b5f936d818ad2bf2e74,aeb58f381aa8e3261c679d0a42159a10,0,603,975,3176,975,2573
1bf2f8f68ea1ad15fb66996dd07ec1dd,8387e1738d727b7539d6208ab733c670,1756,557,2800,2577,1044,2020
1bf2f8f68ea1ad15fb66996dd07ec1dd,6adb2ba639509c61c253e8427c8b750c,0,0,1058,2974,1058,2974
1bf2f8f68ea1ad15fb66996dd07ec1dd,761c271737021e748a5bf0408b21b76b,1742,0,2800,3119,1058,3119
80e9d862394447500adfeef1236b6672,e4267c41f4f92ccd8d233788a09abdba,0,288,908,2533,908,2245
5dd731c34fb57b5f936d818ad2bf2e74,fbd3502fa2c44265523d50e7cd0e2768,1672,0,2800,3518,1128,3518
5dd731c34fb57b5f936d818ad2bf2e74,3b171485eee3a9711f90a13cce6ab5a0,1837,0,2800,3518,963,3518
80e9d862394447500adfeef1236b6672,b0a4b66286f6175f118cde1288cf3967,1050,0,2012,2751,962,2751
80e9d862394447500adfeef1236b6672,883405fcef9939bcf2f99477112ed503,0,0,1006,2812,1006,2812
80e9d862394447500adfeef1236b6672,96f13f3b767c8c06ab57922e17fda8d8,1112,57,2012,2812,900,2755
5dd731c34fb57b5f936d818ad2bf2e74,53adc2cf38c860a464e45e4e0f1490cf,0,0,1122,3518,1122,3518
0575060d13f86175d31ae2728c7f8be5,ffb3efaf650950edaeb2cd2868bf2246,0,528,857,2597,857,2069
0575060d13f86175d31ae2728c7f8be5,7ade405f256fba356efc5062555bd4ff,0,0,966,2532,966,2532
0575060d13f86175d31ae2728c7f8be5,38aaa5da1fd359ae51dcc57cadc96f83,1909,495,2800,2503,891,2008
6452145a51d126a8c5986b411dba9dc9,933116ac067ec98059a8b772c49d6bfd,0,0,762,2136,762,2136
6452145a51d126a8c5986b411dba9dc9,5d0774e45b2b7a732c024a944dfb40b2,0,576,762,2332,762,1756
6452145a51d126a8c5986b411dba9dc9,9f0ad3df03470f01707d3d56ae135183,1942,666,2800,2467,858,1801
0575060d13f86175d31ae2728c7f8be5,0e2d28aaa921b67e67a0b33758861885,1808,0,2800,2420,992,2420
6452145a51d126a8c5986b411dba9dc9,d56e41f028d8d08fe9ee2585b482f661,2066,0,2800,2246,734,2246
18352f25445248916f56d1697477276e,3d44b8a99174cbc6ed5705042015a124,0,0,1016,3518,1016,3518
18352f25445248916f56d1697477276e,430d687a5c4b863fd32ca5cda7c1774d,0,799,812,3051,812,2252
18352f25445248916f56d1697477276e,f93018c1a29433b59c783d475b1bd9b3,2009,574,2800,2661,791,2087
de12fe30e893bc3f7c99bd75be71eeda,4654e20729c20f95c07472dab38e9d6b,0,516,683,2492,683,1976
de12fe30e893bc3f7c99bd75be71eeda,7f1ec871034896e23dcb80b1aaf617cb,0,0,756,2455,756,2455
de12fe30e893bc3f7c99bd75be71eeda,a11afa3c305f9ff15789dcbea2ef95eb,1916,423,2800,2493,884,2070
de12fe30e893bc3f7c99bd75be71eeda,58a725159911e0fc119e2a3db4e68b5d,1931,0,2800,3397,869,3397
18352f25445248916f56d1697477276e,8547e373c5957dba6dfe9cb178b22e83,1851,0,2800,3423,949,3423
883bc274ed87fe56f14abed303b910c9,f446f3f835b694fbfb3c7197885162e1,2083,0,2800,2597,717,2597
883bc274ed87fe56f14abed303b910c9,17582faa93bbaa6fc0805b77c0dc6817,2114,773,2800,2603,686,1830
883bc274ed87fe56f14abed303b910c9,835dd695a19509fa482544451e8f1677,0,0,745,2520,745,2520
883bc274ed87fe56f14abed303b910c9,2323072288a58739e4d9bea64556ef0f,0,714,762,2699,762,1985
972c891cf5a27e187980609ac0b56cc5,306c88816954af22e6c342119decda2a,0,0,824,2376,824,2376
972c891cf5a27e187980609ac0b56cc5,9c2d10f30e71168d80c1abda142a1cfb,0,798,779,2711,779,1913
de1b860599eddb67106e4d248a65ae30,bd9f0726c47bacbc4314aad340856ef8,0,0,1152,3518,1152,3518
972c891cf5a27e187980609ac0b56cc5,c89ab4cfd0269a0164a58a67a8a239b0,1990,0,2800,3242,810,3242
de1b860599eddb67106e4d248a65ae30,9bfe51e3e8ca6e2318e784d4bf55e866,0,720,1038,3518,1038,2798
de1b860599eddb67106e4d248a65ae30,a8fa9b638c080944ea2601227bde5e34,1795,328,2800,2557,1005,2229
de1b860599eddb67106e4d248a65ae30,e851bfa10b7e27a1b085d182096dea0e,1679,0,2800,3518,1121,3518
972c891cf5a27e187980609ac0b56cc5,71318f179e7b473a19f5bc370bd8d4c0,2021,561,2800,2477,779,1916
5916b0043b84f4323e53462713dbefc3,9e8263242c7f53a88582ddee6da93e15,1775,0,2800,2742,1025,2742
f2093a752e6b44df5990f5fd38c99dd2,6d33109be809f7813b5e387387072fdb,1085,0,2012,2812,927,2812
5916b0043b84f4323e53462713dbefc3,9fac4f73e65074f8b14daea19c0057f6,0,0,1038,2809,1038,2809
5916b0043b84f4323e53462713dbefc3,a0255103a3fae8c9bf71c09fc17d6f58,1720,573,2800,2919,1080,2346
f2093a752e6b44df5990f5fd38c99dd2,9edcc7df8ac157fb2fdbecb9baae9f2f,0,0,1006,2812,1006,2812
5916b0043b84f4323e53462713dbefc3,a2b8a839dc69336fb1414eb9543ff6cc,0,585,981,2769,981,2184
f2093a752e6b44df5990f5fd38c99dd2,ea732154d149f619b20070b78060ae65,1177,293,2012,2468,835,2175
f2093a752e6b44df5990f5fd38c99dd2,afabc6826bd2b80ae823b94df5e71f29,0,547,842,2812,842,2265
6e0e1192a767f6bf0ca095dff2a74935,ba3aa2ebb089ae1854777e90c240fccb,2046,0,2800,2509,754,2509
6e0e1192a767f6bf0ca095dff2a74935,7b31da7588bd96d61bcee636213ae8d5,0,795,592,2548,592,1753
22bcaeb0b2d2bafba7f45a237cbd1527,2c374cb914f10540e4cef108e7309209,1879,267,2800,2288,921,2021
22bcaeb0b2d2bafba7f45a237cbd1527,eeabd6547f0dc147e1aef01406c50c87,1763,0,2800,2627,1037,2627
22bcaeb0b2d2bafba7f45a237cbd1527,b29f17883779ea6ea12a08277008e53b,0,579,969,2433,969,1854
6e0e1192a767f6bf0ca095dff2a74935,143de9d171f8c379fac5aae9ded080d0,0,0,815,2407,815,2407
6e0e1192a767f6bf0ca095dff2a74935,3fb717fbbaddfb3632ec8ee5c3213bc0,2144,510,2800,2497,656,1987
e4d72c103a3ad2cb487885b4b52910ca,37e9cd985004e6e3e4bce41d11385bda,2185,477,2800,2494,615,2017
e4d72c103a3ad2cb487885b4b52910ca,f0df538241135ff1cb93d28bb1901f81,0,477,704,2528,704,2051
118092d6244fabf9ac376d580aac8cbb,679a6515593f9692eb6a622b7b6b0aa0,931,0,2012,2765,1081,2765
118092d6244fabf9ac376d580aac8cbb,8f6ac7ca9c55e27ee25f00bbefc4021a,0,325,1081,2588,1081,2263
118092d6244fabf9ac376d580aac8cbb,4c709d3a857301c7bd1caec6d0cae332,0,0,987,2812,987,2812
9969b2c300a7ffea20556bb967521189,bdfd56b9b5ebd08d0a807c0a2cf04f56,0,623,680,2537,680,1914
e4d72c103a3ad2cb487885b4b52910ca,6f91e6181876ac819fc709e52a8406e9,0,0,804,3164,804,3164
9969b2c300a7ffea20556bb967521189,ca02f5595d43e9a0f17f1efaaf8c06c7,0,0,773,2428,773,2428
118092d6244fabf9ac376d580aac8cbb,925d349f7ed58f46aab52f42bde3098f,885,63,2012,2354,1127,2291
e4d72c103a3ad2cb487885b4b52910ca,dd89f92dc99d6ab69a46069d18720d73,2072,0,2800,3518,728,3518
9969b2c300a7ffea20556bb967521189,e77653e2468515e8a94ea9170f06ea5f,2110,825,2800,2777,690,1952
173eaf5b1b21b85cf0f303a9a7270cf0,42969ca90b9fe93e8a43a448de33009e,0,0,1017,3372,1017,3372
173eaf5b1b21b85cf0f303a9a7270cf0,2f3ce58727e1779de56661953abf72c6,0,486,931,2810,931,2324
07889ee9b57d18e83cfd940b160965b6,3c1e5520b98544e6d4456f3e935ff0c7,0,355,1011,3518,1011,3163
173eaf5b1b21b85cf0f303a9a7270cf0,57114d7bfb1ffc65c2a2c3777fca7dc6,1837,537,2800,2761,963,2224
07889ee9b57d18e83cfd940b160965b6,9faf9e04c92982aee3556e2db6737898,1823,402,2800,3518,977,3116
173eaf5b1b21b85cf0f303a9a7270cf0,5a9fe4a97a234337a4b16ca583fd7732,1791,0,2800,2771,1009,2771
d176abcedcf1d0230b0da51946e5fbfa,14bfc3d1b688d957d817958dff4d4f21,1808,218,2800,3518,992,3300
9969b2c300a7ffea20556bb967521189,32654758f1de8814656cc1112b3d111f,1943,0,2800,2363,857,2363
605c5ed952da1a7831f134b91fef765e,c79be85b26c3974f5e0d679ce4d20a70,0,379,653,2828,653,2449
07889ee9b57d18e83cfd940b160965b6,8992c148694c07d13f2e0ae1c80a15f8,1671,0,2800,3518,1129,3518
605c5ed952da1a7831f134b91fef765e,430f3919e27dd2dac16d152b77bdfbbc,1868,0,2800,3518,932,3518
605c5ed952da1a7831f134b91fef765e,d547bfe7680a1f61669ca657c615a12e,2161,366,2800,3386,639,3020
d176abcedcf1d0230b0da51946e5fbfa,7b239239fabe36f979242d75609286ff,0,467,987,2673,987,2206
d176abcedcf1d0230b0da51946e5fbfa,3ee291926407cd0074bb9b0364bfeca6,1668,0,2800,3495,1132,3495
d176abcedcf1d0230b0da51946e5fbfa,427e93f61fd035fd6296033fd5a7a6ea,0,0,1065,3230,1065,3230
07889ee9b57d18e83cfd940b160965b6,f9df9aaf6164afe0042016487f29ca42,0,0,1083,2934,1083,2934
605c5ed952da1a7831f134b91fef765e,f0e2bba9e9409b3532ca57e92676878d,0,0,848,3518,848,3518
52a99a6ddc612a840a2956beb81bc2af,2ed3243a8d5f5764eedee386aa992a74,0,923,671,3023,671,2100
22bcaeb0b2d2bafba7f45a237cbd1527,b6fffa3419c9327f61fa6d29edafa99b,0,0,1083,3268,1083,3268
52a99a6ddc612a840a2956beb81bc2af,4e293149c52812f721a2a6a96ba1ecca,1998,0,2800,3518,802,3518
52a99a6ddc612a840a2956beb81bc2af,b83ce58fbc9c32624de0ab80e6939c27,2107,550,2800,2721,693,2171
52a99a6ddc612a840a2956beb81bc2af,c17f40363ce3be2a04042057a07648f6,0,0,781,2793,781,2793
a8432d0a79bd841ef36623194d839d7d,6587b6ecbcf196b298b5898f7ad4763b,0,0,768,2761,768,2761
a8432d0a79bd841ef36623194d839d7d,f2e0d0656ad2ec754b900bcd887d00c3,2056,0,2800,2363,744,2363
8e467df187e9aa4bf69c9967fe2a500f,9e750fb5c32887728846230c6d6b1881,1846,393,2800,2653,954,2260
a8432d0a79bd841ef36623194d839d7d,2bb31d34320c4d1005371802dcac319c,0,517,723,2365,723,1848
a8432d0a79bd841ef36623194d839d7d,674679c0fd5dc201a2a72cd58b1f664d,1820,0,2800,2959,980,2959
73cd9649e7c5558e5c20c8b0780882ee,b5a869a03e03050e683c814e23e4250d,0,424,1103,2904,1103,2480
d8a2b9ae7a736ff606bf3f672ca6ea42,587b84538c62ba9c124ba438ddc2c13d,898,0,2012,2812,1114,2812
d8a2b9ae7a736ff606bf3f672ca6ea42,9d98dd9f41e1f1b960ffce3bb5f5699c,0,0,1088,2601,1088,2601
73cd9649e7c5558e5c20c8b0780882ee,1b3443d3eafe57a58e1b306fd21d4d4b,1694,545,2800,2976,1106,2431
8e467df187e9aa4bf69c9967fe2a500f,5a172903c1060312fd48a5e37a945d50,0,507,970,2624,970,2117
73cd9649e7c5558e5c20c8b0780882ee,ad6b30dd2ce323bb531396960200e1d6,1600,0,2800,2789,1200,2789
d8a2b9ae7a736ff606bf3f672ca6ea42,db0097b77a049be7c48c5d58d5d15111,0,0,1031,2317,1031,2317
73cd9649e7c5558e5c20c8b0780882ee,d31c42ab51e8dc46d985b28e00c0b572,0,0,1226,2856,1226,2856
f5576458bf1a415eec734532f994329b,a1b26a8b7f52b25394f91dbedd366bd1,1572,0,2800,2720,1228,2720
d8a2b9ae7a736ff606bf3f672ca6ea42,57ad4c6a4b7fc831df3d8c393523eec7,937,0,2012,2491,1075,2491
f5576458bf1a415eec734532f994329b,a8e00b9fc30fb946ab1a17aa3227206f,0,0,1207,2742,1207,2742
1771f70417663c6c93bc780fe65e04d8,253ef920f48e87dce0719cff888fd338,0,399,1076,2812,1076,2413
8e467df187e9aa4bf69c9967fe2a500f,a0694adf9540b4f755dfdbcf3b1eb725,0,0,965,3518,965,3518
1771f70417663c6c93bc780fe65e04d8,86b3dc2e600416cf581cb2fcd3cc2481,0,0,1138,2812,1138,2812
f5576458bf1a415eec734532f994329b,1731c607fee743b11e2a15dd97519c2c,0,447,1311,2734,1311,2287
8e467df187e9aa4bf69c9967fe2a500f,e17b182c8b9d249dc2985d15a908f852,1907,0,2800,3518,893,3518
1771f70417663c6c93bc780fe65e04d8,7e085ef469f07173f221c5457c2a5f94,969,47,2012,2193,1043,2146
8002d864a28d0ec231238fa31583be0b,b603b5b1a375894baefc4214921162d7,0,0,605,3518,605,3518
1771f70417663c6c93bc780fe65e04d8,b27d760df234a1d9104fcf2a7c87620e,988,0,2012,2812,1024,2812
07340e952a3c124cf5bc1c562aa3b29f,c5f02d94e0af18ff9a0c056297498d6e,1873,0,2800,3322,927,3322
07340e952a3c124cf5bc1c562aa3b29f,a940794ddbd6052117ca2b92a59da9b7,0,179,682,2383,682,2204
07340e952a3c124cf5bc1c562aa3b29f,08c7a7f22d8f8cdb02073a37fcb46eef,2094,156,2800,2354,706,2198
8002d864a28d0ec231238fa31583be0b,30837bc54d3876aa1a02418704ee977c,0,698,481,2341,481,1643
a95ed2373dd6d36a05f128348169c026,e353ec3e97d55c2e3eefedf332ed7a34,2157,560,2800,2351,643,1791
a95ed2373dd6d36a05f128348169c026,aafb4aa9502397cbaf1f62b4a4f7e239,0,885,673,2631,673,1746
f5576458bf1a415eec734532f994329b,db80481b9eaad41600bbdc87bb608165,1592,560,2800,2809,1208,2249
a95ed2373dd6d36a05f128348169c026,540ad978c6d5053eea5ffac9ebaaac71,0,0,748,2406,748,2406
751d85b2633ab79f83d2fb04db8908b0,f1f2b037e2eb2a697317e013f04aa96e,0,0,1077,2395,1077,2395
751d85b2633ab79f83d2fb04db8908b0,b69b22a3e0d02c83da5524f197765237,0,434,1040,3518,1040,3084
07340e952a3c124cf5bc1c562aa3b29f,a6aa8cc30fce6bdcdb17392e29512c83,0,0,1014,3035,1014,3035
751d85b2633ab79f83d2fb04db8908b0,28491cd295eeff98601b13094a4f43e6,1859,55,2800,3518,941,3463
a95ed2373dd6d36a05f128348169c026,297b8fe73c761976238905f62030c88a,2005,0,2800,2925,795,2925
751d85b2633ab79f83d2fb04db8908b0,1f073322037f75f557040b5e7e301534,1778,0,2800,2659,1022,2659
0ef3606a50761c7bd8778bfe381a362e,0a264b03decbffec704d704ed4d42095,1554,0,2800,3518,1246,3518
0ef3606a50761c7bd8778bfe381a362e,196f8e5733774bed177818209c312beb,0,218,1268,2762,1268,2544
8002d864a28d0ec231238fa31583be0b,8cd84d924b79d83de5964bacd910b475,2385,957,2800,2442,415,1485
dad9ea5bbf71ca527ee3e33da8c3c68d,80d194d6b4ca58c8be62f8f3cf7042fc,1962,551,2800,2707,838,2156
dad9ea5bbf71ca527ee3e33da8c3c68d,facab393e569fa095e03eaae00f6cecb,1949,0,2800,3390,851,3390
0ef3606a50761c7bd8778bfe381a362e,5aeceb4cd99091afee75cecaa9d816e7,1469,0,2800,2583,1331,2583
94ebdce07de4052a2a7dbeaf1a627627,a79f2ca2c0fe0220c5fbaa5a756cd3c4,0,189,1025,2591,1025,2402
94ebdce07de4052a2a7dbeaf1a627627,f7e25069a790138e4d75b4cb1b4e5889,1803,212,2800,3518,997,3306
0ef3606a50761c7bd8778bfe381a362e,d0fb6bbd641f1b8d44f79ff945d3895e,0,0,1277,3518,1277,3518
dad9ea5bbf71ca527ee3e33da8c3c68d,ae1eff9c947fb2ac458d6093967d05cd,0,0,854,2900,854,2900
dad9ea5bbf71ca527ee3e33da8c3c68d,83f8b4304dea61c12e9ea69e807d4e72,0,701,831,2870,831,2169
8002d864a28d0ec231238fa31583be0b,be89dc8acf373d459fc5f102bfde1dad,2204,0,2800,2201,596,2201
94ebdce07de4052a2a7dbeaf1a627627,2e38899b9a5852e35da9a39e226abe28,0,0,1062,2542,1062,2542
94ebdce07de4052a2a7dbeaf1a627627,de183b5e65c5dae9c93ea0cd7d858468,1721,0,2800,2765,1079,2765
cd6ac3880e942135d742213c0164a889,90d3a38235ca8ece8d43313736bf8633,0,0,708,2803,708,2803
cd6ac3880e942135d742213c0164a889,631390280af359a9e9bffdead1cb29f0,2099,689,2800,3518,701,2829
cd6ac3880e942135d742213c0164a889,6afccd5612fc40f55a80a0ef5df0b38f,0,901,818,2694,818,1793
cd6ac3880e942135d742213c0164a889,67e11638b66ae3692b666bbf1ddc6eda,2106,0,2800,2556,694,2556
c2a3793b983c47b43c6f8a9e16ed4d10,5c519798998487f3db490a8dcd95019a,1886,386,2800,2429,914,2043
c2a3793b983c47b43c6f8a9e16ed4d10,04c5e4b55e51eb4627b7f2c997b62d9f,0,0,980,2516,980,2516
c2a3793b983c47b43c6f8a9e16ed4d10,100508d3071c7be1515a7ff67e0dca6f,1848,0,2800,3364,952,3364
c2a3793b983c47b43c6f8a9e16ed4d10,1ed3b6b2bd4653f46535250447baaab9,0,747,980,2735,980,1988
c639ff9a466d51ad7902c9b8c0b53715,e80f4580747c9a80e202d674061d0f06,1027,0,2012,2640,985,2640
61c6b3ec13649a482ca1037b4103b2fc,28c2c3832408ddd59708620b8638a670,2109,1130,2812,2922,703,1792
c639ff9a466d51ad7902c9b8c0b53715,265ec4d11360648737f5aed64952061b,1065,254,2012,2500,947,2246
61c6b3ec13649a482ca1037b4103b2fc,a4d498287af7763bac9ccb7b596d4939,0,0,689,2148,689,2148
61c6b3ec13649a482ca1037b4103b2fc,3aba2c4e0ee3a109a71dd9521f117751,1998,0,2812,2236,814,2236
ccffef11e76198b83db09a6fb2c2893a,125f077883a77270384c2036790474a0,1886,665,2800,2745,914,2080
61c6b3ec13649a482ca1037b4103b2fc,5d9efa5b29d0b6ac316a010f3f77acf6,0,818,697,2513,697,1695
c639ff9a466d51ad7902c9b8c0b53715,228a7a6a09fb94977e51292145a068b2,0,0,897,2381,897,2381
c9bf4945e51896688277dc0e599487f9,6ff0e44bf31a8d9b3853848e8fe46e26,0,491,1162,2763,1162,2272
ccffef11e76198b83db09a6fb2c2893a,e6a6b8014298fb1da7d4a5b0c3aff840,1757,0,2800,3518,1043,3518
ccffef11e76198b83db09a6fb2c2893a,7698a280e995e875cb3472d1cc5bc95b,0,483,1095,2732,1095,2249
ccffef11e76198b83db09a6fb2c2893a,90ec2d9e03ee074330b2c1abf19685d7,0,0,1017,3518,1017,3518
c9bf4945e51896688277dc0e599487f9,3bd311d3edc0f72235e62ffb5d2eaa47,1791,0,2800,3250,1009,3250
c639ff9a466d51ad7902c9b8c0b53715,025a6d27ef782cbe382d3325e0f67689,0,0,987,2812,987,2812
c9bf4945e51896688277dc0e599487f9,7707710e30c68433968b95e580cdc997,1864,486,2800,2699,936,2213
47e35a1e8d89732da1d694118d51dd10,94678e61fd1db0b500c4b781ec31fdf7,0,446,1011,2769,1011,2323
47e35a1e8d89732da1d694118d51dd10,64b24429abf62d93df5adb99356e3325,0,0,1126,3346,1126,3346
561db6d025aaa275f595350fb3d0b2af,f6ded92e052a4c6100fdc26135044a13,0,457,980,2531,980,2074
47e35a1e8d89732da1d694118d51dd10,040497b3aa7a4bd059e593dc4ea26949,1665,0,2800,2839,1135,2839
561db6d025aaa275f595350fb3d0b2af,af6b8a1fba6e99c44248a74ddfe8ee54,1970,328,2800,2343,830,2015
ddd91186ec9a4296dde1838185a2bf34,d2783fc25e64cca574788eec6bd143d7,977,0,2012,2518,1035,2518
05770e40b51fa379eba3e502b5d6b80a,9de338b6b1c9e547bab299237088b8b9,0,0,888,3057,888,3057
ddd91186ec9a4296dde1838185a2bf34,38da0c21872df85e5b700b33966cc276,0,0,1208,2812,1208,2812
561db6d025aaa275f595350fb3d0b2af,05e37ccf4d4ae3ba6375a8a7d83ef437,0,0,993,3518,993,3518
05770e40b51fa379eba3e502b5d6b80a,4262ea7845dd5424a72cba3cb3386f52,1849,0,2800,3518,951,3518
47e35a1e8d89732da1d694118d51dd10,4af7a3cd5d0d91691d8fb260e8ad6a99,1772,0,2800,2311,1028,2311
3e983a7be53e4a5539e34fb5a1d28945,712d7a75ee9b3a6f9f98ed5511ccf20e,1844,0,2800,3518,956,3518
ddd91186ec9a4296dde1838185a2bf34,4f5599a9b2a10d2264ccc0be1eabdeea,913,0,2012,2812,1099,2812
561db6d025aaa275f595350fb3d0b2af,2a0d8d9c2a2a8064ccc782ef4d8baf6b,1875,0,2800,2765,925,2765
ddd91186ec9a4296dde1838185a2bf34,d4ebcb9325c6539d8cf7f26a8cc29c24,0,0,1143,2540,1143,2540
a6fe0f9f92810debf4f086815cee72d2,afda23374c456e0ee4591f22d9d7fa69,0,216,953,2310,953,2094
a6fe0f9f92810debf4f086815cee72d2,d57cc8b898821490662e792804057265,1905,0,2800,2642,895,2642
c9bf4945e51896688277dc0e599487f9,bc173f4425cf7c6fb293fff594d8ca21,0,0,1206,3097,1206,3097
3e983a7be53e4a5539e34fb5a1d28945,0013347e3014bc2cc8268a321f28c2e1,1794,379,2800,2795,1006,2416
a6fe0f9f92810debf4f086815cee72d2,510227712189e2399cc62365d0643e3a,1910,136,2800,2087,890,1951
05770e40b51fa379eba3e502b5d6b80a,fbe3367b4d23c00036328d745e9cc536,0,770,786,2772,786,2002
3e983a7be53e4a5539e34fb5a1d28945,84987c5236f2cf3bc4dfc72b5e9bfab8,0,259,1063,2824,1063,2565
eecdcd023ee26cd563d3c7487058bc4d,c4fd81c95e1f149ead61e431261407a6,0,494,940,2538,940,2044
05770e40b51fa379eba3e502b5d6b80a,27338139bfcb3285099c6ecadf16d652,1837,619,2800,2667,963,2048
eecdcd023ee26cd563d3c7487058bc4d,56030132cd20bbf82075392b8dca6405,1721,732,2800,2800,1079,2068
a6fe0f9f92810debf4f086815cee72d2,051144a61d3f6288c36bbd79be5a0a96,0,0,971,2611,971,2611
3e983a7be53e4a5539e34fb5a1d28945,ea904237ebca42cf0d35632a4d9b1dac,0,0,1023,3518,1023,3518
e0871ffc4ea360acffe450d8b8b44317,a6471fcc1d04da4cf71de4d56d520344,0,0,753,2376,753,2376
eecdcd023ee26cd563d3c7487058bc4d,3de1a9c60e55cae229c112cd3d7577ce,1749,0,2800,2498,1051,2498
e0871ffc4ea360acffe450d8b8b44317,7630bc99e3ef31f848f91ce4b6075bca,1912,0,2800,3306,888,3306
eecdcd023ee26cd563d3c7487058bc4d,71a7dccc5423f287a05169e663815868,0,0,958,2676,958,2676
3e92d46f9695bf4151474a1a8c4738ae,ba14c8b4eb3eb84c202adc1454b05783,1757,0,2622,2638,865,2638
3e92d46f9695bf4151474a1a8c4738ae,1d9942a3dd57e048d36fc793694ee124,0,0,925,2587,925,2587
3e92d46f9695bf4151474a1a8c4738ae,63fe555f196dada8d3f72aa60808c61d,0,408,895,2607,895,2199
3e92d46f9695bf4151474a1a8c4738ae,8f7a74bfa165aab965cf57eb16bbae42,1797,750,2654,2841,857,2091
e0871ffc4ea360acffe450d8b8b44317,6780f38ec929f0fd4c5dcb650ded9428,2021,547,2800,2572,779,2025
e0871ffc4ea360acffe450d8b8b44317,a4142f381994afe7ba24567d68255749,0,0,987,2349,987,2349
5cb561f090b4fdc4ff25327dd3c1f92d,fca53ee93a666b922a4d11c07501143f,1745,0,2800,3518,1055,3518
5cb561f090b4fdc4ff25327dd3c1f92d,beb1ccdb43b33033481f2356834d2452,0,0,1076,3518,1076,3518
ba04c62eb20b1ba291b205f9c903ddd1,cab8ad1c9489fb7e4f2e45dd9169a50b,1566,66,2800,3414,1234,3348
ba04c62eb20b1ba291b205f9c903ddd1,bd79ba6d7fad11bfdd30fdbc4c86cb64,1722,0,2800,3518,1078,3518
5cb561f090b4fdc4ff25327dd3c1f92d,577ebd19f81487527b8c55694b1e6a59,1928,504,2800,3518,872,3014
5cb561f090b4fdc4ff25327dd3c1f92d,3ce2b248d5210f8bf1732a0fb7b596ea,0,0,981,3518,981,3518
2a2f555cba036cece1aef7be3debaf13,373c55675bedc6c15cde97af14da4001,0,0,1159,3483,1159,3483
2a2f555cba036cece1aef7be3debaf13,30e00682c26b1f19720c7a158996bdeb,1727,762,2800,3518,1073,2756
dbca9d28baa3207b3187c4d07dc81a80,0510873ed4154bff9feba071c707944f,1957,1002,2800,2670,843,1668
dbca9d28baa3207b3187c4d07dc81a80,43aa7523b0fef1c21c20ebddb91ddbff,0,607,637,2779,637,2172
2a2f555cba036cece1aef7be3debaf13,d001f381cd0c30cfc122fa4721d7d75f,1683,0,2800,3085,1117,3085
dbca9d28baa3207b3187c4d07dc81a80,266c3602c96a1daff8cbcd2f0493a7f0,0,823,850,2561,850,1738
2a2f555cba036cece1aef7be3debaf13,e499ee832be0164ad5bd2b1f237c8863,0,429,1040,3518,1040,3089
ba04c62eb20b1ba291b205f9c903ddd1,69eb477baca2f562e7a5ec5a733d6cd8,0,0,1156,3405,1156,3405
f79f72e2874bfbc824db6c6a57a8bf2e,a4105e926dd35831bbbabaab994db1df,2020,658,2800,2531,780,1873
f79f72e2874bfbc824db6c6a57a8bf2e,aa0d70f93caa24f261ef4a996409e31e,0,332,806,3483,806,3151
dbca9d28baa3207b3187c4d07dc81a80,67cb2ebe11727da825907f50a6f9e892,2031,0,2800,2752,769,2752
ba04c62eb20b1ba291b205f9c903ddd1,e6f76ff0bd1dc3f48934cb5d84995a90,0,486,1149,3518,1149,3032
e40d99a6d684824103bb3d5bc803c374,d1724363a696e259c13b3e5c4972ce7a,0,612,889,2868,889,2256
f79f72e2874bfbc824db6c6a57a8bf2e,59d3b8fdeb37648a83b429e34961e436,0,0,870,2760,870,2760
80be168a9360c4a709313029734f9dc8,156e6f0bf9e2a5da626fa3df61ba0237,0,0,1211,3518,1211,3518
e40d99a6d684824103bb3d5bc803c374,7106e773a592248be9617d781c4887b5,1799,0,2812,2786,1013,2786
e40d99a6d684824103bb3d5bc803c374,4b9a5b8a4bb2313cf8285acce8e09e05,0,0,923,2761,923,2761
80be168a9360c4a709313029734f9dc8,24c321aaf1a631edc88ed276934a95ad,1752,665,2800,2714,1048,2049
80be168a9360c4a709313029734f9dc8,772a3ac3ccc1115d19f4c6e161c492cc,0,488,1191,2643,1191,2155
f79f72e2874bfbc824db6c6a57a8bf2e,2ad3cad3f0a01c802f89d5e9b8cd3363,1940,0,2800,3156,860,3156
e40d99a6d684824103bb3d5bc803c374,49ef5e8188be5318bcca7a7e26fdd4b7,1901,744,2812,2954,911,2210
52066634bba3afec853a73930f1005fe,16893bc374b0df5d2830d89c90902f0e,0,517,814,2527,814,2010
357014e8a48f0f7051717aa965f4deb5,4993cd4bf4f7802b401d9a9354c43d93,915,123,2012,2431,1097,2308
52066634bba3afec853a73930f1005fe,6da1f67ff6834dd555e3ece3adc8eef4,1824,387,2800,2463,976,2076
52066634bba3afec853a73930f1005fe,986537528a66510dcba0a1e47940a1f1,1741,0,2800,2468,1059,2468
52066634bba3afec853a73930f1005fe,f57af7f7a1f44e10389fb53ecde8c90c,0,0,980,2595,980,2595
357014e8a48f0f7051717aa965f4deb5,b14b8e091777c08b481742302271eeac,0,126,1070,2559,1070,2433
80be168a9360c4a709313029734f9dc8,5ed8792932a99755f0a2edb0df7d143d,1712,0,2800,2636,1088,2636
357014e8a48f0f7051717aa965f4deb5,cc03783e2afefd3fc8e1fbea3f5497d5,0,0,1139,2812,1139,2812
4bcf4b95421e114287def498e0402637,21feb0afc9e9606718060ea2869652ce,1650,282,2800,3518,1150,3236
e06576b4e07af5fc0b4a61afc2329e41,fa460e64055b5d5c18cb584f249e4ed8,0,0,825,2715,825,2715
e06576b4e07af5fc0b4a61afc2329e41,49b30dc89b50238ac3fcc6d5d643d621,1950,0,2800,2455,850,2455
4bcf4b95421e114287def498e0402637,5b23c8d4c8d21da7ad9c98c5b31a69aa,0,0,1248,2713,1248,2713
4bcf4b95421e114287def498e0402637,d4a423d0a3a71d6da69c19765322db5c,0,363,1144,2903,1144,2540
2d11cdada397a8441039e4726e5d72b5,d37b3aeec694e973d9858479710164cd,0,319,743,2227,743,1908
e06576b4e07af5fc0b4a61afc2329e41,ae42268b54467acfe2a6a4e1db7e1236,1981,308,2800,2350,819,2042
4bcf4b95421e114287def498e0402637,202fcc7ea13052fec28fe3125d4e139d,1680,0,2800,2723,1120,2723
2d11cdada397a8441039e4726e5d72b5,9f9c218082a908c3ac134c203abfd035,1314,0,2012,2523,698,2523
357014e8a48f0f7051717aa965f4deb5,68445f2c248c9be67a8c3460ba0c7257,840,0,2012,2629,1172,2629
e06576b4e07af5fc0b4a61afc2329e41,b65edd9e724ae50cee78d60605b2705c,0,622,805,2569,805,1947
a8d4888742a3bbd89cbc8397f91c8402,d83b16559c3ad828bd86db23e4f11243,0,0,814,3518,814,3518
371ac6abad9fd0f63bc89f637136bcfb,2feef922b185f033e2f0871ca1f28dc7,1782,305,2800,2358,1018,2053
2d11cdada397a8441039e4726e5d72b5,2fb74bb5f6049dcdf3bcb0bbcb161b4a,1277,193,2012,2127,735,1934
a8d4888742a3bbd89cbc8397f91c8402,64d42f9afcf3a1252c682486cdda87a2,0,861,868,3518,868,2657
a8d4888742a3bbd89cbc8397f91c8402,ffe2cad05c00e4f6cc2a0d055572dbcc,1943,601,2800,3518,857,2917
2d11cdada397a8441039e4726e5d72b5,718d684de268ce85a413697bd83d01c0,0,0,695,2660,695,2660
371ac6abad9fd0f63bc89f637136bcfb,4c461126c41deccd98cb2f5656979277,0,297,1190,2367,1190,2070
371ac6abad9fd0f63bc89f637136bcfb,a85df96f15be40c572da31bb7baa9240,0,0,1189,3303,1189,3303
9d43744e7f5533035b11f527ae4290a1,56f11d35e2db1b004b8c481db5490738,0,417,974,2459,974,2042
9d43744e7f5533035b11f527ae4290a1,4e90f52d5df989bce9c684b4cdc25383,0,0,914,2312,914,2312
a8d4888742a3bbd89cbc8397f91c8402,05ef9afc21687a041da2f89d2a18d469,1934,0,2800,2706,866,2706
9d43744e7f5533035b11f527ae4290a1,6095808825495f886038b67addb53901,1749,473,2800,2456,1051,1983
371ac6abad9fd0f63bc89f637136bcfb,cd655dce3eeefad66373dcd01e0a457d,1707,0,2800,2844,1093,2844
4e6665640fb0575ba767493f321f40ae,0974ba6d4ca858d8cb1f0e08b320370e,1694,0,2800,2985,1106,2985
4e6665640fb0575ba767493f321f40ae,175c9ad9cb031644884079a42f660dfc,0,414,795,2476,795,2062
9d43744e7f5533035b11f527ae4290a1,ca67d01a0f5ec7acdaf5c32db5e49b1c,1774,0,2800,2728,1026,2728
4e6665640fb0575ba767493f321f40ae,505915bd5445084c1518de41952f88a3,1960,476,2800,2643,840,2167
018a01fd2d10615a6b5c13f4a9389b3e,85462e42189a62be66982e281121b46e,0,0,777,2551,777,2551
4e6665640fb0575ba767493f321f40ae,7383cbe8290fe3623721f13673016137,0,0,918,3518,918,3518
018a01fd2d10615a6b5c13f4a9389b3e,8e6f22c0c3bd290b61ee69b785f915e8,1396,590,2012,2515,616,1925
018a01fd2d10615a6b5c13f4a9389b3e,44c7f09624f93d9b787946e290122fac,0,234,719,2310,719,2076
018a01fd2d10615a6b5c13f4a9389b3e,c3d32dc36523668c3ae06888ec89a300,1259,0,2012,2812,753,2812
f049251703b5db1ce927cbe1eafe8b8f,bd6eb03494ddaa5e247d79dd1234dc5d,2049,469,2800,2419,751,1950
88301f00c0538461608fa8b9faea8893,ac9df6303df4a839cebd1f817807fc61,0,800,472,3518,472,2718
f049251703b5db1ce927cbe1eafe8b8f,214f459400fb9807093e979d177ac23e,0,475,719,3146,719,2671
f049251703b5db1ce927cbe1eafe8b8f,ce0822236725554ddbdc4f2c76ea5f14,0,0,728,3335,728,3335
88301f00c0538461608fa8b9faea8893,b50bfc544ffcb77222a59f71f34216c2,0,0,732,3518,732,3518
88301f00c0538461608fa8b9faea8893,f9f517909fbd28e3ef7baa03d0ab9a7b,2027,0,2800,3518,773,3518
88301f00c0538461608fa8b9faea8893,1dcd3c7ae2b53b1c041a83d9b531303f,2234,0,2800,3517,566,3517
f049251703b5db1ce927cbe1eafe8b8f,cf93c50295949f98b4edfb1e997bcfea,2007,0,2800,2696,793,2696
729584c80afd8d495f3314d868bb8251,240ecbdd6ba0c820b239ef58b7b5b592,2256,505,2800,3349,544,2844
729584c80afd8d495f3314d868bb8251,bd366c6adae6631eab8aadc6a6074a81,0,443,696,2386,696,1943
729584c80afd8d495f3314d868bb8251,255df8b9ccdbfc9d3611bbbc20216121,0,0,696,3178,696,3178
be185ec224fd01bc966505d01eef5925,7ae55381bd1fecd5e935e14e341b91e1,1838,551,2800,3518,962,2967
9de349c714e4966e63de95c809456490,4dd6cb1de296226fc275648026873dfe,1882,689,2800,2529,918,1840
9de349c714e4966e63de95c809456490,619a1b917ec99b5e71d0b9ef69ebdc07,1859,0,2800,2509,941,2509
e44657eb2fbec0d323d121ca038749cc,c7d029580148d3df8a9fb4a6a30bb58f,0,732,743,2602,743,1870
f8cf7cb3d4a38657976cc558f262ca5f,81d124b0026c9799010ecb9b03a8455d,0,646,911,2984,911,2338
e44657eb2fbec0d323d121ca038749cc,b54786ad6adce083848d0ca3a3ea76ac,0,0,738,2557,738,2557
e44657eb2fbec0d323d121ca038749cc,a2e843dcbaba8a527488af4c471a930f,2119,918,2800,2775,681,1857
9de349c714e4966e63de95c809456490,a7adc694292615fe475c2177818bbc73,0,949,962,2859,962,1910
be185ec224fd01bc966505d01eef5925,996dd66ff348b7ef95b0d9b1f8a0be87,0,426,1099,2887,1099,2461
e44657eb2fbec0d323d121ca038749cc,797e7fa5298bff66da0dfece8d623a9f,1978,0,2800,3093,822,3093
729584c80afd8d495f3314d868bb8251,9d200205d0dd9412c0bbcd691aa32836,2055,0,2800,3518,745,3518
be185ec224fd01bc966505d01eef5925,9d24a88b4f93cac8125cc6dd793ba030,0,0,1038,3518,1038,3518
be185ec224fd01bc966505d01eef5925,c2e127a9b02f2a11b41985ad89e3fbe8,1646,0,2800,3518,1154,3518
6709e1295b2616391fdde63bf4443517,7edb977a638c7c0384fd4b3d7a3bd7df,0,518,917,3518,917,3000
f8cf7cb3d4a38657976cc558f262ca5f,1d3c4545aeaab78c55a1425c7851ec8a,0,0,1054,3358,1054,3358
6709e1295b2616391fdde63bf4443517,dd2bc5f425b9b035045dc37f4e1a0773,1886,320,2800,2382,914,2062
5ec9a3cd7d0399ea8bc800f2a84af7ab,525ab63e389a67ac30111ddea0220f66,1067,236,2012,2414,945,2178
5ec9a3cd7d0399ea8bc800f2a84af7ab,8d8bcd1cb79844af79bb666f7523e566,0,175,948,2605,948,2430
9de349c714e4966e63de95c809456490,8f8db89d1a948fa3a68d85de889e52d4,0,0,876,2322,876,2322
6709e1295b2616391fdde63bf4443517,8ba6834029e8eda1ac20ef3c174832b9,1915,0,2800,2365,885,2365
f8cf7cb3d4a38657976cc558f262ca5f,4e127a5c6987f528ff920b4971585bd4,1764,0,2712,3165,948,3165
6709e1295b2616391fdde63bf4443517,9dcf76c8bb8626eb2495c72ec073fb85,0,0,916,2482,916,2482
a1656c24c11c67ec51320c5182fc8a4a,41e2ea71a2bb4da5338114b7bfca1d9b,0,380,1106,2494,1106,2114
f4e603589e6995f53db69b3108b0512f,8bab67d1a1b67aecca152592bc83e16d,1101,0,2012,2291,911,2291
f4e603589e6995f53db69b3108b0512f,db5afc0d28722e492ef55b55a8809239,0,0,983,2812,983,2812
a1656c24c11c67ec51320c5182fc8a4a,5e8ea7ee62432241321733616517d15c,1484,537,2800,2715,1316,2178
5ec9a3cd7d0399ea8bc800f2a84af7ab,c456d850cbed15d2f26110eaabf2f54c,0,0,1016,2812,1016,2812
f4e603589e6995f53db69b3108b0512f,e8421609d207c68b4cce0fb2e26baf88,0,0,941,2319,941,2319
5ec9a3cd7d0399ea8bc800f2a84af7ab,861e88083b3c08c593ed47818ec83f53,1002,0,2012,2744,1010,2744
f4e603589e6995f53db69b3108b0512f,8dfce7d0cbde4452978c7c987ae077c9,1059,115,2012,2812,953,2697
a1656c24c11c67ec51320c5182fc8a4a,5195a3d2fdd6394e395ee2fa08597d12,0,0,1174,2687,1174,2687
a1656c24c11c67ec51320c5182fc8a4a,d714405c66b7c9e01d002fa28faebc4a,1461,0,2800,2651,1339,2651
f8cf7cb3d4a38657976cc558f262ca5f,b2d095d48c9ee0efcb796522d4b7d0bf,1760,552,2736,2939,976,2387
2f727ac440b4b07669489e4b8d7d0c52,90120cdf1d2d3c3b750248e6d0fc960f,0,582,1033,2654,1033,2072
2f727ac440b4b07669489e4b8d7d0c52,8ae58e60f638f4951388a729ecd2a601,0,0,1018,2432,1018,2432
2f727ac440b4b07669489e4b8d7d0c52,f3aa55c77437cd30f08f06f88f833740,1725,660,2800,2777,1075,2117
2f727ac440b4b07669489e4b8d7d0c52,756165279938a8f7f8919f17787a4034,1767,0,2800,2447,1033,2447
6af84bf3633557761d3eb5463499b463,1c21406532a21e733f4461a178e6a174,0,0,730,2806,730,2806
4e6f6c5e70433a176643f635747a328d,100f9f1f5392774416f1a1e66a5a4c71,0,0,990,3518,990,3518
4e6f6c5e70433a176643f635747a328d,cac15b7c21ed74ac4f86a1adc37cd40e,0,62,880,2517,880,2455
6af84bf3633557761d3eb5463499b463,6b8278252072973659837fb7627e2156,2335,744,2800,2487,465,1743
6af84bf3633557761d3eb5463499b463,f947b29fe8d05984d04ffa3cad10c2ce,0,624,697,2771,697,2147
4e6f6c5e70433a176643f635747a328d,f5ffe613838c6abd5e945f9bd7e9d401,1920,90,2800,3518,880,3428
959c373dbac00b4f3de587528fe10e41,99314cfd49bf49805f268ef3de2a2695,1794,850,2800,2946,1006,2096
4e6f6c5e70433a176643f635747a328d,a4891d2838d60a3b7442a90bbb53102a,1817,0,2800,3518,983,3518
6af84bf3633557761d3eb5463499b463,48b1dbafb71616532ad1f89b5981ec2d,2080,0,2800,3369,720,3369
a420b72fce3baab9831ac2dce1d87c03,642edbffdea3c5d3e7abe5dba6ae3c5a,0,881,984,3518,984,2637
a420b72fce3baab9831ac2dce1d87c03,2adbe5725db5e42df3e0bc3945d0beeb,1783,0,2800,2962,1017,2962
959c373dbac00b4f3de587528fe10e41,9ddfbad243a0a71be86d738443478c33,1859,0,2800,2497,941,2497
959c373dbac00b4f3de587528fe10e41,a869d74d67b76bf8b769c7a124741806,0,0,912,2639,912,2639
a420b72fce3baab9831ac2dce1d87c03,a7dab05cf0e080eda7455dc4ce01d9ec,1803,365,2800,2487,997,2122
a420b72fce3baab9831ac2dce1d87c03,c1d088351d99c601002238a2fb88e9d0,0,0,901,3088,901,3088
06b00a3bbb45ec88c0fa514cba51e895,56c881e2aa8447a2d239ad27d2215212,0,0,808,2587,808,2587
06b00a3bbb45ec88c0fa514cba51e895,8838e30ea1d9885aeadda032378c1fbd,0,830,855,2709,855,1879
06b00a3bbb45ec88c0fa514cba51e895,2a19b56e7f615176816b7b9b8e63107e,1928,748,2800,2611,872,1863
82603bba19eabaa7264f1c4889f3fc0f,4584585ab3cec5f5a7d7f252f4acdaa2,0,315,1184,2768,1184,2453
82603bba19eabaa7264f1c4889f3fc0f,cacddbf81790c0cca08b82128b8e72c9,0,0,1225,2890,1225,2890
82603bba19eabaa7264f1c4889f3fc0f,26f6e5023540f64ddfb6ee52114ac3f0,1647,266,2800,2763,1153,2497
82603bba19eabaa7264f1c4889f3fc0f,f408e08de2e665c068356dee7afd9b18,1548,0,2800,3518,1252,3518
959c373dbac00b4f3de587528fe10e41,287fdf50aa2b180e53e50d55c4b9feda,0,393,863,2569,863,2176
06b00a3bbb45ec88c0fa514cba51e895,fb2ff33220baa20689a581a64fe77eb6,2054,0,2800,2649,746,2649
52862ba84fa92fa7dfb774d5bcf9dc04,e496379b59613ea10de7a28e29624707,0,922,1039,3312,1039,2390
52862ba84fa92fa7dfb774d5bcf9dc04,508f3b48d56b4c6f90fde11fb3499b4d,1794,234,2800,3518,1006,3284
52862ba84fa92fa7dfb774d5bcf9dc04,d802930017a95c91d862a7fdb62646f5,0,0,1079,3518,1079,3518
3539a0da1ccbc332eb60ece8b2f5917c,7aeb38804e20cd36336525293b1a4aeb,1964,550,2800,3518,836,2968
3539a0da1ccbc332eb60ece8b2f5917c,0a1ccc027228d15d5b97892888a5847b,0,0,740,3518,740,3518
3539a0da1ccbc332eb60ece8b2f5917c,90d73d486bad4bcda7d07d889b8c0fb5,1917,0,2800,3518,883,3518
94bf7bf284a6ab1eadb498bde7bda741,bdd807672f4efedab5c5cb3f0e65e7b5,0,0,1232,3518,1232,3518
94bf7bf284a6ab1eadb498bde7bda741,fd5b39474bd0c0e81bf3af47bbc0c487,0,180,1267,2604,1267,2424
94bf7bf284a6ab1eadb498bde7bda741,98f09249efdf1fa1c809e916ad64d4a2,1582,325,2800,2690,1218,2365
1b0714eb932ec9740387e488d8d87f98,cadf15a752ea95ba7d75308518b7275b,0,465,869,2765,869,2300
3539a0da1ccbc332eb60ece8b2f5917c,240984d95c101f3adc42f81eef8c3131,0,340,698,2426,698,2086
1b0714eb932ec9740387e488d8d87f98,ad1f0f2f436a2a068124ebd737d651dd,2022,390,2800,2743,778,2353
1b0714eb932ec9740387e488d8d87f98,c3fbcc6d27438993b0a17addf35a884a,1996,0,2800,3518,804,3518
1b0714eb932ec9740387e488d8d87f98,7fae69be1e441d8e910902c57a42b69d,0,0,887,3518,887,3518
52862ba84fa92fa7dfb774d5bcf9dc04,980b9623335c24788aa39b6cbf0ae65b,1756,0,2800,3513,1044,3513
ae8cd9d753163750f51ef7decb354d80,77a702a1b9169c9e65419483b90d2c03,0,844,878,2996,878,2152
94bf7bf284a6ab1eadb498bde7bda741,8d728cafa6e00fdd673b8f354b926426,1664,0,2800,3518,1136,3518
ae8cd9d753163750f51ef7decb354d80,e23efc756cbeab7a304e7c61d2aadd87,2015,371,2800,2383,785,2012
ae8cd9d753163750f51ef7decb354d80,72ca81a85ce961a05869089cb5c5dde1,0,0,930,3253,930,3253
ae8cd9d753163750f51ef7decb354d80,f2f0a5e3c83dac722ad8ad2a272596f0,1922,0,2800,2711,878,2711
8df2938e9b41936dc8ab35c90a20d37c,d6cf4e2c635c93e31ff4e8b58270bf27,1313,480,2012,2334,699,1854
8df2938e9b41936dc8ab35c90a20d37c,ad16753fdfd2a971d490b58ec0bba4e9,0,253,770,2120,770,1867
8df2938e9b41936dc8ab35c90a20d37c,b36b650b46f1cf92114e053e5deb47e7,1255,0,2012,2812,757,2812
0f2e3c3113dc1456227c783431ad74e4,61a468ecd52bc94a6a6fac2b339c369b,1857,372,2800,2207,943,1835
0f2e3c3113dc1456227c783431ad74e4,551a635ab8104f1279d02704e6f12f23,0,0,958,2684,958,2684
865099c7ea675d5a03078876baae6521,cc840db04cad3c1cab3dab7c4a21fc1a,1884,0,2800,3518,916,3518
8df2938e9b41936dc8ab35c90a20d37c,a2bda3aa6f16f46eee48a0fd25989935,0,0,766,2510,766,2510
bac0233f881d0c619ee06c6ea6b68a4c,45a8bc598847fa7a8ccb5f6e77e95ed5,1226,0,2012,2812,786,2812
bac0233f881d0c619ee06c6ea6b68a4c,af34fd8e49975ab42bd8343e4f5eb821,1353,218,2012,2105,659,1887
bac0233f881d0c619ee06c6ea6b68a4c,abf4dd2566f7501e4dac410994b974ea,0,512,625,2365,625,1853
0f2e3c3113dc1456227c783431ad74e4,5393c5a57a0e5a00ff1adb7a139196ec,0,730,921,2569,921,1839
0f2e3c3113dc1456227c783431ad74e4,80446dcaecc5c5cd28388f0cca31cd05,1787,0,2800,2528,1013,2528
865099c7ea675d5a03078876baae6521,897d5866e4449d293be1da7218c52e52,0,0,897,2327,897,2327
865099c7ea675d5a03078876baae6521,befb4be3dcffb1b763ae61cbcde769b7,1965,682,2800,3518,835,2836
865099c7ea675d5a03078876baae6521,69994ec593d501e685f41359dc6ffe60,0,620,887,2554,887,1934
4f6d2b88700aabb3ca5e2f69cd3df694,638d80ea028aed5905c4a2acb4cfbb0f,0,429,945,2609,945,2180
7d7a2d3bce6ab6d1ef93acf7ab294a38,671b8230b8c41ea39e54c41863059cb1,1252,0,2012,2402,760,2402
4f6d2b88700aabb3ca5e2f69cd3df694,6f726220f2433334a04a85a2a9c034ec,1887,713,2800,2951,913,2238
bac0233f881d0c619ee06c6ea6b68a4c,7c161de2c7d20c891f1594d78711dd78,0,0,779,2812,779,2812
7d7a2d3bce6ab6d1ef93acf7ab294a38,78f1c986fb078a3636f7a31991d94fac,0,0,1019,2812,1019,2812
7d7a2d3bce6ab6d1ef93acf7ab294a38,357df2be6448b903c9b3bc5c508568c3,0,331,958,2812,958,2481
4f6d2b88700aabb3ca5e2f69cd3df694,3c08b150c12f4f2ffd6e5baf1f5ee612,0,0,1003,3518,1003,3518
0f81b967e182e0460058e28a4b026301,129228e5ffc9eeb902a06d5dfddf5057,0,0,812,2747,812,2747
7d7a2d3bce6ab6d1ef93acf7ab294a38,2578472b802696302cb035e769a9ad66,1052,0,2012,2526,960,2526
4f6d2b88700aabb3ca5e2f69cd3df694,ba52a71011e54f2b987f28d9ecc7e4a3,1788,0,2800,2796,1012,2796
0f81b967e182e0460058e28a4b026301,5a0598a7e3b969e33abb005126824da1,1232,0,2012,2812,780,2812
0f81b967e182e0460058e28a4b026301,c8ae0d0ff4047bbae95e43ccd2f6e623,1246,0,2012,2260,766,2260
0f81b967e182e0460058e28a4b026301,5efc924a63f998e0063587e87acacc5e,0,371,776,2350,776,1979
b188d667045d138c2863996f0215316e,e370813e02637f7e8f3c6951b4ad2184,0,844,984,2998,984,2154
b188d667045d138c2863996f0215316e,9b0c722bce82a4b3c7f639a169ce2ce5,1894,0,2800,2726,906,2726
1e2b90b24ddfa3b07d4add179c07e725,774808c305dd4a48ccd7b2e5f0d1e9ff,0,6,1013,2995,1013,2989
1e2b90b24ddfa3b07d4add179c07e725,67c8ae66f5b1ca22f332a09dde9cba90,1674,0,2800,2911,1126,2911
1e2b90b24ddfa3b07d4add179c07e725,e13266b30b95c74c95a43c56d54f1815,0,0,1195,3518,1195,3518
1e2b90b24ddfa3b07d4add179c07e725,458b8c9f76582bd71aa741c454c4b8fd,1771,0,2800,2764,1029,2764
8e395c948556795e37ef0146ca7d7992,f1e86b9147e963c80536fa0a2f8672e0,0,245,1271,2577,1271,2332
b188d667045d138c2863996f0215316e,1f7e958fe8e0dc1d1650f554c3a9ca13,1848,313,2800,2421,952,2108
da038cb0e747937485c33a61b296b24b,71f11ff7a7462cc74cb363f17c22a0f5,0,0,1501,3311,1501,3311
2dd3da8cb62401521d05671ab6ac4a85,88c709cb8460a3625dea802e6f341b61,1999,572,2800,3518,801,2946
2dd3da8cb62401521d05671ab6ac4a85,b68bf8e5a0640f159ad977f0e64aac69,0,676,741,2703,741,2027
da038cb0e747937485c33a61b296b24b,43e32c855a36505231f4eef948f4072b,0,663,762,2796,762,2133
da038cb0e747937485c33a61b296b24b,a71aa96f9b2cd229bc4696a495af6507,1986,325,2800,2651,814,2326
da038cb0e747937485c33a61b296b24b,f68b0c1c7325879912b10326e3cc32a7,1929,0,2800,3518,871,3518
2dd3da8cb62401521d05671ab6ac4a85,1ed1a1aa83ff52d3e51f9cd167f5c987,1918,0,2800,3518,882,3518
c134a00d37cf878c72107124bb527751,2bd82d8621757f6780cd170f2e0a39e9,0,0,749,2369,749,2369
2dd3da8cb62401521d05671ab6ac4a85,ad1006a223318d07bbc3e58443a621a0,0,0,869,2638,869,2638
c134a00d37cf878c72107124bb527751,00927cddfd0ceed04c63c555c5f4a15c,2057,533,2800,2475,743,1942
b188d667045d138c2863996f0215316e,6cf85a98449a13bab9994ca83d903071,0,0,1015,3390,1015,3390
8e395c948556795e37ef0146ca7d7992,7263bb6169b748cb30961362f5feee83,0,0,1413,2812,1413,2812
c134a00d37cf878c72107124bb527751,3cb2be7818d96346c216bc531cb2a82a,2013,0,2800,3172,787,3172
a1c2e08fbcf12d4c7e8bc0f04b8bc54b,7214f843fd5d125609cc576d3671995b,1669,352,2800,2480,1131,2128
c134a00d37cf878c72107124bb527751,e6fd23af98e44181f349d1e3c4b6aaac,0,833,708,2687,708,1854
7bea8081ea57521e61d11c9e5ca689ad,554285482d9e9fcd47e092814564c339,0,0,829,2812,829,2812
7bea8081ea57521e61d11c9e5ca689ad,46342b80319e211894a3a2026ad77011,1217,0,2012,2812,795,2812
ff750d0d6ed27ea1fa49c756eb99737f,ae6b8c23dabf9078fa13af8160718437,2007,0,2800,2692,793,2692
8e395c948556795e37ef0146ca7d7992,bbc75e0f6bc497d9cfc7150826edc7ef,833,64,2012,2426,1179,2362
a1c2e08fbcf12d4c7e8bc0f04b8bc54b,dd1589bb7091a3fd092b90845b967acf,0,393,1032,2621,1032,2228
a1c2e08fbcf12d4c7e8bc0f04b8bc54b,5ab4b89b94a43e714d998d4542a409be,1592,0,2800,2672,1208,2672
ff750d0d6ed27ea1fa49c756eb99737f,187941bd2c6c5396d394561a27077ee5,0,0,802,3360,802,3360
ff750d0d6ed27ea1fa49c756eb99737f,903b284bee23306111291de814621598,0,929,746,2905,746,1976
7bea8081ea57521e61d11c9e5ca689ad,280df83ff092dcbdf7542950d081a890,1205,643,2012,2812,807,2169
ff750d0d6ed27ea1fa49c756eb99737f,e7f6b0e131e33b546756f9d8ef18e558,2014,537,2800,2628,786,2091
004426a40da27ef22a866538b772ac44,265596e3534efced063b4e656b7bd64f,1423,0,2800,2675,1377,2675
004426a40da27ef22a866538b772ac44,d3ae4a0aa59a608a2823c029e988985f,0,0,1432,3518,1432,3518
8e395c948556795e37ef0146ca7d7992,432434717c1c403ffba6784c6c0e9a4b,710,0,2012,2812,1302,2812
28fbecc17cec46d38f9b3b0e8a9a145d,7a80f20546ddafebfd7bd053d6a20766,1837,187,2800,2422,963,2235
a1c2e08fbcf12d4c7e8bc0f04b8bc54b,78e6a719f5e298583a8fac8ab989adde,0,0,1193,2729,1193,2729
28fbecc17cec46d38f9b3b0e8a9a145d,10664142d92382833ee40b3dd3d1f513,1819,0,2800,3046,981,3046
004426a40da27ef22a866538b772ac44,78b8a2f4b10790d6b2a11e081eaf209a,0,0,1277,2773,1277,2773
004426a40da27ef22a866538b772ac44,7197f7e6f5ca3b9821d0460dcdc975d3,1617,311,2800,2778,1183,2467
7bea8081ea57521e61d11c9e5ca689ad,803a5487748ba51fc87bbbbcf0ca771e,0,304,894,2812,894,2508
38f20882319b54634295e1605b911b67,a3b08a29513f05914d72b4e566b65c03,0,0,584,1991,584,1991
38f20882319b54634295e1605b911b67,95cf497d76b863f243e91a81078a284d,2291,0,2800,1872,509,1872
28fbecc17cec46d38f9b3b0e8a9a145d,9ec32b7f7840fddddcb2b84fcf66f3c7,0,479,1003,2694,1003,2215
38f20882319b54634295e1605b911b67,0565eef3e1f4a46916079135cc6bab66,2227,791,2800,2295,573,1504
28fbecc17cec46d38f9b3b0e8a9a145d,0d349e6dc9a4e7ae2e0d7bd9a427abd1,0,0,934,3443,934,3443
38f20882319b54634295e1605b911b67,7dcb13cc5cab72cf37aec649c52a6da2,0,1040,488,2477,488,1437
f6cf06105aaf4408bfc1b40e1d4f5dea,59c2e721c5f2dee9462b8dd9097549e4,0,578,940,2793,940,2215
f6cf06105aaf4408bfc1b40e1d4f5dea,1a02a06f983a76632ffd801f74517056,1831,664,2800,2788,969,2124
f6cf06105aaf4408bfc1b40e1d4f5dea,15b18bfcaf32e7b01a7e18a879ff73d0,1770,0,2800,3518,1030,3518
83f1408ca03115e775c7a059a0c9663e,d02a17e23675ae88a423f0c4a0b0aef3,0,0,748,3434,748,3434
83f1408ca03115e775c7a059a0c9663e,5063201a17e7726ef3766e726d254b50,2003,0,2800,3132,797,3132
83f1408ca03115e775c7a059a0c9663e,24168c3c58fb7df80390c6acf8c26071,0,496,806,3418,806,2922
64e059578f3b6f30fc9f14796b6190ff,c409bb7f607434026a3a2cefe8d802a8,0,617,993,3518,993,2901
64e059578f3b6f30fc9f14796b6190ff,7d84507e4501537b7be3978aac6d8541,1733,388,2800,2703,1067,2315
64e059578f3b6f30fc9f14796b6190ff,cc70f44065de8bfd9eae480ccf1446ac,0,0,1065,3518,1065,3518
7fd8b8221c97ba86ff9cc98dcbd98fb8,fc6a348a61d4282a66ac2dc6dbec5981,0,0,939,2703,939,2703
64e059578f3b6f30fc9f14796b6190ff,04ee9bc3cc4dc5d190c7dd713d2bc2c8,1821,0,2800,2703,979,2703
09c1cd951e5569d928f49bdca14b8337,170075ed9b080811d5e3f2202151ddf1,1884,763,2800,2726,916,1963
09c1cd951e5569d928f49bdca14b8337,7a53b6689ed19c4006227e46b158906f,0,0,902,3518,902,3518
83f1408ca03115e775c7a059a0c9663e,5dd10ba0cd1f0d0bf1011c3030412451,2064,740,2800,3518,736,2778
09c1cd951e5569d928f49bdca14b8337,32981274d1b7c2e7e183fc26cfb04884,1793,0,2800,2611,1007,2611
09c1cd951e5569d928f49bdca14b8337,4222799fe0cfa6c38deebb89967baec9,0,736,890,2659,890,1923
f6cf06105aaf4408bfc1b40e1d4f5dea,0dc85a478279aed25ac0796a051a35af,0,0,1013,3518,1013,3518
7fd8b8221c97ba86ff9cc98dcbd98fb8,fcf03f16553aa1991c10fa7b6d4d8a82,1808,467,2800,2675,992,2208
7fd8b8221c97ba86ff9cc98dcbd98fb8,8ed0618edab59a40763a118c052a52ba,0,0,1048,2737,1048,2737
c57135d635f39a2e540f1ee55378e0ad,d3f33c88213a3a6648f25c1189f84d55,865,154,2012,2672,1147,2518
89e03e9698a3d7e9aceef0a5dc6da78b,796b69690cb2ef67e91bc90ee1a03a42,1963,0,2812,2664,849,2664
c57135d635f39a2e540f1ee55378e0ad,c225ec34fda22dacb27919e725a28a1d,902,0,2012,2812,1110,2812
c57135d635f39a2e540f1ee55378e0ad,6e1439c951e1718c25e5bd2d5b484c9d,0,0,1036,2812,1036,2812
c57135d635f39a2e540f1ee55378e0ad,a8004e3224de405ae9dd00c827928a47,0,276,1118,2781,1118,2505
89e03e9698a3d7e9aceef0a5dc6da78b,0b597a53d015b5d2c2df81f4c19eeea0,0,449,909,2434,909,1985
89e03e9698a3d7e9aceef0a5dc6da78b,abc11ead73261ad26722038f53d45564,1996,657,2812,2704,816,2047
89e03e9698a3d7e9aceef0a5dc6da78b,d035c81f7e81c0a845b61e566bf7a4bb,0,0,922,2722,922,2722
844b010848da9a5e0142fed7db75bb3e,c17a813cd995b51b1cf7f09340f780b2,1849,0,2800,2778,951,2778
844b010848da9a5e0142fed7db75bb3e,f571a6343e8cb0f62100123aaa0a4102,0,0,845,2542,845,2542
7fd8b8221c97ba86ff9cc98dcbd98fb8,174e6055becf36c2dbe1f28e74485644,1677,0,2800,3518,1123,3518
844b010848da9a5e0142fed7db75bb3e,89ae06ea8f918d268412be0077427c99,0,0,869,2895,869,2895
844b010848da9a5e0142fed7db75bb3e,dc9a41762ffa8e9e6e3174e5cbe54cb9,1757,0,2800,3510,1043,3510
11589bfe3322139c77653b72a0ea7471,e608d957bf2ecd894c524d0969b05868,1380,208,2800,2678,1420,2470
11589bfe3322139c77653b72a0ea7471,dadaafcdad49eaba2a39af7b6c3818d0,0,0,1327,3094,1327,3094
188bb647c6c859f451e6ed8a5b26af11,f8bd8623f9c30a2da85bbe34d220581c,0,820,1084,2923,1084,2103
188bb647c6c859f451e6ed8a5b26af11,1bf7c171a140efb4680b777a00991ba0,1806,0,2800,2553,994,2553
2e8d5f081e55f2f3792b618d6509df09,2967bc9b726a8745ad89b9885bca6df5,2000,0,2800,2741,800,2741
11589bfe3322139c77653b72a0ea7471,881e2ae329872642a7a47eb89cdce270,0,165,1323,2453,1323,2288
188bb647c6c859f451e6ed8a5b26af11,54234dc1f70dc171609117d6398d3e88,0,0,1113,2553,1113,2553
2e8d5f081e55f2f3792b618d6509df09,351dd159ea8076a04caedd9930281d57,0,716,767,2686,767,1970
2e8d5f081e55f2f3792b618d6509df09,fe7c09afd5d15c56c95d4fdf666803d7,0,0,807,2488,807,2488
a611d6300de2ec06c579f77e0a9565c3,6173d409e0a9e60db446cd107bdeea78,0,1147,653,2962,653,1815
a611d6300de2ec06c579f77e0a9565c3,4745110a4a57c889ae0fac1cdd2d05d0,2121,846,2800,2622,679,1776
73ddabe812dadcc6ece2c48a246f72f5,e8dfd88e396c4cc90611cd8b6a2278ac,0,0,770,3345,770,3345
2e8d5f081e55f2f3792b618d6509df09,aa542687578d0e7c4f49a990ab087c77,2074,688,2800,2644,726,1956
73ddabe812dadcc6ece2c48a246f72f5,3f6e796eb0f8be99eeaecaea9c27094c,2048,0,2800,3518,752,3518
188bb647c6c859f451e6ed8a5b26af11,65970141df4356221989a5073f055e43,1777,869,2800,2691,1023,1822
a611d6300de2ec06c579f77e0a9565c3,1b1543ecdb40d734ed47616663b9a409,2089,0,2800,2519,711,2519
73ddabe812dadcc6ece2c48a246f72f5,8a36fe6eddaaa726116132047fa5224a,2043,571,2800,2513,757,1942
73ddabe812dadcc6ece2c48a246f72f5,27a35305fa91c508fdb8dc2a7e7978ee,0,448,747,2571,747,2123
a611d6300de2ec06c579f77e0a9565c3,830ed072596836a40dd265a7ab4bfcb1,0,0,782,3068,782,3068
11589bfe3322139c77653b72a0ea7471,36d251a46482ffaff035e48fc8a1f8e4,1352,0,2800,2884,1448,2884
17bbb06ecb3eac455ee2849e34059b84,acb71ec6ce7880fc5f0585bbb5a581e2,0,0,954,3518,954,3518
17bbb06ecb3eac455ee2849e34059b84,1875bdf5d223d87d692e0ee2c261b014,0,788,998,3165,998,2377
0eddc28d8dcf616237c500d45f9b2a67,e4818fa9a2da0e91d7505fa6d9a4830d,0,0,1260,2619,1260,2619
0eddc28d8dcf616237c500d45f9b2a67,3e5fd2413cb45a51670963c0fbe22501,0,35,1057,2352,1057,2317
17bbb06ecb3eac455ee2849e34059b84,b0d7fd554ca2d5ebb9fa4d53b6ecec15,1793,0,2800,2807,1007,2807
854ca06f27dc2dc26aa69450cbc80e2f,4fb9060ca8a1831a06a05243b18a9f87,645,212,2012,2368,1367,2156
0eddc28d8dcf616237c500d45f9b2a67,6f9b2b4fdf5de3b9c02b1f4e14c589d6,973,157,2012,2324,1039,2167
17bbb06ecb3eac455ee2849e34059b84,62be33d816e803fb4e5d57fcce7b8402,1700,727,2800,3112,1100,2385
0eddc28d8dcf616237c500d45f9b2a67,f57e1efc0f288e4df85fc75be7153c08,1106,0,2012,2428,906,2428
1fd2527c2aa686a7d09375c75e401dc9,4ba3484d5c97b9fa7e9462b912d4a106,0,0,1089,2389,1089,2389
854ca06f27dc2dc26aa69450cbc80e2f,d4af21d9c202738223be344c358b3bdf,732,0,2012,2370,1280,2370
1fd2527c2aa686a7d09375c75e401dc9,a8d5b47447cf90f4dea85cf4a687d9eb,0,0,998,2723,998,2723
1fd2527c2aa686a7d09375c75e401dc9,7ec3b3f8f4b390f6a78d70b8063f6d97,1087,0,2012,2711,925,2711
1fd2527c2aa686a7d09375c75e401dc9,89a846cd0cb5e01cbaf79ac2678ce883,1045,60,2012,2413,967,2353
f08781068101ee10d6419afd012ee8eb,3f6a8d8a537b0493f61b251660f981b2,1570,0,2800,2922,1230,2922
f08781068101ee10d6419afd012ee8eb,a49f8d185fac68b0af76eafb81c86c3d,0,490,1303,2989,1303,2499
854ca06f27dc2dc26aa69450cbc80e2f,7a4dea818efbd9121482dc8dea2b8097,0,0,1442,2332,1442,2332
f08781068101ee10d6419afd012ee8eb,0c76e1da64e5cec77d552c6358c614aa,1669,250,2800,3518,1131,3268
76434f266ac3fbacdb92af39d015b36f,db58788ab3f29bad7832048a8d331499,1798,411,2800,2407,1002,1996
854ca06f27dc2dc26aa69450cbc80e2f,870ad376d6fc98b9887dc795b5ef07cf,0,0,1298,2295,1298,2295
76434f266ac3fbacdb92af39d015b36f,4ccb639a28a1217b2c417daf8ee95c51,0,681,1029,2831,1029,2150
76434f266ac3fbacdb92af39d015b36f,ca8fac30650695f8ce4760d3321eac06,0,0,964,2206,964,2206
08f9ef5d5ddf5dd3c01ff2298e05673a,b46fa1f2a0858c7996e8c854107a4604,0,686,962,2665,962,1979
f08781068101ee10d6419afd012ee8eb,d24b3bd5733aa0bd6c6422539f1db301,0,0,1402,3159,1402,3159
08f9ef5d5ddf5dd3c01ff2298e05673a,ba01943daf9ab6b0094d99220585a57b,0,0,982,2260,982,2260
08f9ef5d5ddf5dd3c01ff2298e05673a,1240f87b02e365287bbe8293fa26d2b3,1743,538,2800,2555,1057,2017
76434f266ac3fbacdb92af39d015b36f,65cc70b38a6cf63684af6348f4231562,1747,0,2800,2792,1053,2792
0196c94d24cccc61a51bd76a3ee581f2,2bd71841baa5f7050fd5b601366f8cab,0,225,858,2628,858,2403
91efc583553b1a5e8c49e70a7dd9b8aa,9ea322eb83ccd03ca3f7cce24bd616cd,0,0,847,2300,847,2300
08f9ef5d5ddf5dd3c01ff2298e05673a,6400b66763add211df1dc28660c30eff,1843,0,2800,2650,957,2650
0196c94d24cccc61a51bd76a3ee581f2,c2db27d77b0491a96ee57210028580d7,2043,325,2800,2495,757,2170
28b0da83ab46cc8371b501ab005c88b7,e45c5993ab3a5c28b0f5ed32a0c204b9,1177,0,2800,3207,1623,3207
0196c94d24cccc61a51bd76a3ee581f2,3224d5ffd1a157c4e9facbd14b14cc4f,1906,0,2800,2889,894,2889
28b0da83ab46cc8371b501ab005c88b7,5f3962bf6fb1a8fe1968efefe3c0c791,0,0,1465,2935,1465,2935
be60f3f9f457656da2abd7d51e48b57b,7068637cc1b483c05f78483e25974a95,0,472,1246,2818,1246,2346
be60f3f9f457656da2abd7d51e48b57b,ad64cc72a07a5ec58ad24ab5456f8f2f,1604,0,2800,2981,1196,2981
a99d4d5f6732c674edef2c4ae0ce7436,3bd17142995be05c6249426983d023fd,1939,0,2800,2529,861,2529
91efc583553b1a5e8c49e70a7dd9b8aa,901eae01cc960311532b9037c2436f88,1179,0,2012,2415,833,2415
91efc583553b1a5e8c49e70a7dd9b8aa,d4f7bc59c861cce08351ecf588354096,0,0,955,2812,955,2812
28b0da83ab46cc8371b501ab005c88b7,b7444d8c712d92980454aaca1f68a9e1,1141,0,2800,3518,1659,3518
be60f3f9f457656da2abd7d51e48b57b,f45e92d52c8d2c1cd9d5c5ba33e3cf47,1659,550,2800,3518,1141,2968
a99d4d5f6732c674edef2c4ae0ce7436,54c9cc7a3ccef17c58028ad4c79eb344,1942,448,2800,2538,858,2090
a99d4d5f6732c674edef2c4ae0ce7436,2eef26b3bc0446e9890eb54021493d39,0,481,802,2345,802,1864
a99d4d5f6732c674edef2c4ae0ce7436,c3e141fe116153c4c75c2d922fce4b45,0,0,916,2800,916,2800
91efc583553b1a5e8c49e70a7dd9b8aa,f74db6b8ebb9e5dfc4e6948aa6b77190,1123,0,2012,2812,889,2812
5c04d3efbc369fd04b45c9381e7e9c75,4c75a52a1a4ccc0f6d210ca3eaaa227f,2040,0,2800,2619,760,2619
5c04d3efbc369fd04b45c9381e7e9c75,47fe782c136cb1a724723220fa094935,0,797,767,2888,767,2091
0196c94d24cccc61a51bd76a3ee581f2,a27fbb6a347cc77511e33de0c14c8bdc,0,0,969,3518,969,3518
28b0da83ab46cc8371b501ab005c88b7,70f06b70e997e7aa42fe482e9c970dad,0,162,1416,3503,1416,3341
be60f3f9f457656da2abd7d51e48b57b,f8fe3579241f98d5ea957d52703c250e,0,0,1300,3518,1300,3518
5c04d3efbc369fd04b45c9381e7e9c75,c4d0da95570b2e6f46dc7d331575cf50,2026,621,2800,2541,774,1920
5c04d3efbc369fd04b45c9381e7e9c75,869d32279729b9c7605ab76e9aaf8f27,0,0,839,2637,839,2637
61a1d10cb8c71a484d5f37895e717413,7b977ba15d329df7cdbf3324d6d85089,0,0,809,3518,809,3518
61a1d10cb8c71a484d5f37895e717413,b474efd40c346481d7296097b035b016,1987,351,2800,3518,813,3167
4b69e0e2c2c827a5b66e08e3ca44880a,5968f2b52d833a1e52a44c1ba1def2b9,0,255,875,2249,875,1994
4b69e0e2c2c827a5b66e08e3ca44880a,b4c0f3446bc64beaa39e5937c37a2e4a,0,0,872,2568,872,2568
f0604061d3b04ae3d7e9af9dd671439e,768a00ba866a94cd7ad2d04aa61c53b1,0,400,731,2175,731,1775
4b69e0e2c2c827a5b66e08e3ca44880a,ee325de26e61e1fc6bab369064a2aa20,1890,127,2800,3494,910,3367
61a1d10cb8c71a484d5f37895e717413,21e78195fab1490cef6e7aeab9de5a0d,0,463,833,3167,833,2704
35a6800e5fa8edbd3ede5b76f327c488,46a0ae64ba268ca3a918b77bba1d8698,1377,539,2012,2344,635,1805
35a6800e5fa8edbd3ede5b76f327c488,b5529a62d1f874456990c38beff548ed,0,709,643,2539,643,1830
61a1d10cb8c71a484d5f37895e717413,8a0ed4dca5cb0f6d548dd546ad33e667,1955,0,2800,3518,845,3518
4b69e0e2c2c827a5b66e08e3ca44880a,3c3722b384399b0327b75e9423b22c6d,1950,0,2800,2671,850,2671
35a6800e5fa8edbd3ede5b76f327c488,6d3e6e115441477b6efd804b2d09b5d6,0,0,704,2727,704,2727
f0604061d3b04ae3d7e9af9dd671439e,cb85f702e339eddf75a8eac8e224ebc1,2016,726,2800,2460,784,1734
f0604061d3b04ae3d7e9af9dd671439e,dae65c3a3145bf367d54ce052f9a14f3,2007,0,2800,2496,793,2496
35a6800e5fa8edbd3ede5b76f327c488,11bbed674427d51a11fa49618f3343f8,1277,0,2012,2812,735,2812
f0604061d3b04ae3d7e9af9dd671439e,c29bf94c036d7a1012a16d43cd0b011d,0,0,864,2744,864,2744
4fc280398d044c2132d4e47b94194613,bf93e952f18b8f30351459a6e50ead57,2043,0,2800,3518,757,3518
4fc280398d044c2132d4e47b94194613,2c49d0d59b2781674e3638b1883b9982,0,725,678,2718,678,1993
5c23d2ea70f6d9ee9975f3b4b3ecb77e,9f54ea5d8f64012e6c254351c5ed8518,0,280,951,2548,951,2268
038cd4a846317acf7870d3c797aad8a0,5bedf04e57838f9888bf39f76cd770d9,1074,209,2012,2812,938,2603
4fc280398d044c2132d4e47b94194613,bd32a2120ca6d2b741293c8476128220,2167,742,2800,2722,633,1980
038cd4a846317acf7870d3c797aad8a0,a7c3dae9107d45b682a20c3b8fee80da,1191,0,2012,2413,821,2413
038cd4a846317acf7870d3c797aad8a0,a9347f9402d44728e833733f5b3fb0cb,0,0,1094,2812,1094,2812
5c23d2ea70f6d9ee9975f3b4b3ecb77e,ac62405be9e2197c96df934138d8d2d2,1861,263,2800,2562,939,2299
038cd4a846317acf7870d3c797aad8a0,b40b260d4cce5d24515db24ca2f62028,0,284,1054,2812,1054,2528
4fc280398d044c2132d4e47b94194613,255fc24984854ab615c192045300aeb9,0,0,815,3401,815,3401
b14920084b36aeae870bb5048da782cc,0c3fee010396ae5342aee20934ecf001,0,298,738,2356,738,2058
5c23d2ea70f6d9ee9975f3b4b3ecb77e,aeb1034852ae29c9474e2e37f10833ff,1926,0,2800,2354,874,2354
b14920084b36aeae870bb5048da782cc,61aa690f83bae100ddd78ca7ef8d988a,0,0,870,3397,870,3397
b14920084b36aeae870bb5048da782cc,faae918d243991eee7ba2ea0456e3311,2008,0,2800,3518,792,3518
b825ddf6de3c16c635ba603365171579,d2a7f7079fbfdfec956c098a4efa1145,0,0,1256,2644,1256,2644
5c23d2ea70f6d9ee9975f3b4b3ecb77e,a883aa9a17edcaa5e735f3c33c645f0d,0,0,945,2402,945,2402
f801db74886e4526d0d4b7434d02713a,1ad6a63deb05dc29769d9b379a2f8f6d,1722,626,2800,3518,1078,2892
f801db74886e4526d0d4b7434d02713a,6e6978e62488ed9f251d40c619dd2fb8,0,418,999,3518,999,3100
b14920084b36aeae870bb5048da782cc,4d0f3f5d7883199c51b6c3d1fb2bc1dc,2108,35,2800,2079,692,2044
f801db74886e4526d0d4b7434d02713a,713828b69c64318d8ec97b7abf9adba1,0,0,1004,2663,1004,2663
b825ddf6de3c16c635ba603365171579,fd03ade996d54d56f2222eb1790b7f72,0,27,1231,2087,1231,2060
91026190b505e68a77e631a7c9012184,7673d4eee081a0335dd97914298be58b,0,0,1010,3104,1010,3104
82e36ab5d6ba906907db5b267a8f44cf,554831863ba89085e7d589696ff64bbc,0,0,1143,2812,1143,2812
82e36ab5d6ba906907db5b267a8f44cf,dcedab9fff926c42215b3da835e9c9f8,1000,0,2012,2812,1012,2812
b825ddf6de3c16c635ba603365171579,7eeaa6e719554d3254d964aea6ba9f1d,1579,296,2800,2264,1221,1968
82e36ab5d6ba906907db5b267a8f44cf,548b1ab27d27dcfa64c69efb4be5e690,0,32,1045,2812,1045,2780
d9c3b8aac7ad182b18d7cb5c194f71c5,b677d216b7d3b498f28093aa6cd0bd3e,0,0,1186,2586,1186,2586
f801db74886e4526d0d4b7434d02713a,a5adbd463a6575e9574c053d3183dbf3,1750,0,2800,2784,1050,2784
91026190b505e68a77e631a7c9012184,b8ff2d00e374e75a74a1f0a408842d28,1839,537,2800,3518,961,2981
d9c3b8aac7ad182b18d7cb5c194f71c5,f096eb01f7327786ea4b77b97e49704e,601,46,2012,2665,1411,2619
b825ddf6de3c16c635ba603365171579,d9a63d0f763c9d3052931ddffc33bf9f,1493,0,2800,2698,1307,2698
d9c3b8aac7ad182b18d7cb5c194f71c5,21d6ced9da0ce919092d8f4cf4fdff99,0,0,1219,2812,1219,2812
ca223ebab909be4f7c8c91f2c7a1b256,33b57212f5e2c968c2b70e38a68e63aa,0,0,904,2517,904,2517
ca223ebab909be4f7c8c91f2c7a1b256,f8f7f0b56d2db984e63c690dd41310b8,1819,0,2800,3518,981,3518
d9c3b8aac7ad182b18d7cb5c194f71c5,5b5178b525c0c75ff27dd36df7f6ae04,556,0,2012,2812,1456,2812
91026190b505e68a77e631a7c9012184,9c853c9e2303894bae3c0ac59a927d78,1949,0,2800,2569,851,2569
ca223ebab909be4f7c8c91f2c7a1b256,11e85462d03d8a0c5af2a8224d457aed,1884,171,2800,2474,916,2303
91026190b505e68a77e631a7c9012184,6e9b5c1f5835c87e494aeb3c3c9dccb7,0,371,1060,2622,1060,2251
ca223ebab909be4f7c8c91f2c7a1b256,67dfeb7291d92198f411301c18e18906,0,0,981,3518,981,3518
a780fc33572ac995b1ca1529be96d9bb,21a81a14aea7c56abd6127a92477b5bd,1944,0,2800,3518,856,3518
a780fc33572ac995b1ca1529be96d9bb,71f409771b43f0e47d6a303c0dc28263,0,0,800,2763,800,2763
82e36ab5d6ba906907db5b267a8f44cf,7df66dbc9ba0a54fa8c810ac29404b08,902,303,2012,2673,1110,2370
d1e03106e1b9ece7d22fd23e05c1e7c0,8490dc5ab5c58e4ea280e60ab8382c16,0,472,856,2622,856,2150
d1e03106e1b9ece7d22fd23e05c1e7c0,379fa41eeed7b23a32dcd512960d9b2d,2035,0,2800,2349,765,2349
a780fc33572ac995b1ca1529be96d9bb,23f268d6bcce37951c291574fcf65b74,1983,515,2800,2748,817,2233
d1e03106e1b9ece7d22fd23e05c1e7c0,a78fafe76814d8d0cfa886ed557030c8,0,0,780,2764,780,2764
a780fc33572ac995b1ca1529be96d9bb,ceba5bc55af884639239e562ece20aba,0,687,774,2925,774,2238
387f6a59aab5da432dc1d2737f212d1f,d6dee4630ef605c3acc927a8cf4fda9b,1959,407,2800,2411,841,2004
d1e03106e1b9ece7d22fd23e05c1e7c0,3b5444f30bb561a784c6049228c2b91e,2030,0,2800,3518,770,3518
387f6a59aab5da432dc1d2737f212d1f,4457563c04258ba57903920623ae91c1,0,611,854,2803,854,2192
387f6a59aab5da432dc1d2737f212d1f,5d456f7a97d5577617e3ff5812681142,0,0,837,3033,837,3033
e9eeba770022b445295288b59405a9f7,edea85b6f7143ee28ebcafe657e3239b,0,556,1199,2839,1199,2283
e9eeba770022b445295288b59405a9f7,a7b387cc1b922d28796fa01d5f0cafc5,1698,307,2800,2617,1102,2310
387f6a59aab5da432dc1d2737f212d1f,8f2f94061c80e47eb11bee1440137b71,1942,0,2800,3007,858,3007
e9eeba770022b445295288b59405a9f7,33d83290720f1dc6d1e4722eefcec99e,0,0,1219,2791,1219,2791
e9eeba770022b445295288b59405a9f7,b00b733832ea93f4d93d12d76d604b4d,1602,0,2800,3010,1198,3010
64072568aca98d15b344eddde9ddf8be,49bd760c69e3faabb1b7047afa23ea03,1876,185,2800,2573,924,2388
a499779874ac53e10951650a49765830,883de7c82ed97a234dcdfb12e3892bba,0,0,801,2202,801,2202
64072568aca98d15b344eddde9ddf8be,8dcec6961be1361c354bfb197ae635b3,0,0,1057,2835,1057,2835
64072568aca98d15b344eddde9ddf8be,547ad63495fe93f02cc49c9d7590794c,0,386,956,2790,956,2404
a499779874ac53e10951650a49765830,89ca0b36c51af543f7ee943ac966d32c,2095,391,2800,2250,705,1859
64072568aca98d15b344eddde9ddf8be,92841a32ee86a9d05334f03b4a88907b,1788,0,2800,2854,1012,2854
a499779874ac53e10951650a49765830,7cf46fff3e4866c15ea623ff064756ed,2057,0,2800,2134,743,2134
c296620a389539d89db42af4c5d1251c,42cd6d1372baa9943dc839cbf5bbc48f,0,0,754,2782,754,2782
c296620a389539d89db42af4c5d1251c,e64b378abfa86ff1bf99ae55bb1df8bb,2053,391,2800,2355,747,1964
c296620a389539d89db42af4c5d1251c,2fd39b11558adc809861ea3de59a6a25,1952,0,2800,2917,848,2917
a499779874ac53e10951650a49765830,9c2b93aea8ae042864a99f89d4be2113,0,720,694,2562,694,1842
c296620a389539d89db42af4c5d1251c,ebf9689047edac61249ac2a2f4c0f97d,0,636,701,2506,701,1870
532c6133a93ba2ccef53c16f330824b2,1e4b4f6e6cf72e18de5272eb0599513e,2086,0,2800,2702,714,2702
532c6133a93ba2ccef53c16f330824b2,af397a656d521c360ea78df1fc8527e9,0,0,807,2625,807,2625
d0800236e977eaa07389fe04a9fd08c3,0ca9f24a3ac051e5c40803938c25fd7f,0,0,844,3518,844,3518
d0800236e977eaa07389fe04a9fd08c3,8c20f90abe6e2d2778ae00ee965c7b03,1706,504,2800,3518,1094,3014
1d16b6e0ba3466cb3f4b306399f06cf3,2bb75541d3744f4419ba3d2fde6371ff,0,0,1029,2880,1029,2880
5b17f22aa8b59aa4043e31fa90299313,ef7b6f4a83c8c2a1bf45773edf2afd62,0,0,1011,3518,1011,3518
5b17f22aa8b59aa4043e31fa90299313,3745ba351619a349c1cc10aecf9d5137,1639,0,2800,3518,1161,3518
5b17f22aa8b59aa4043e31fa90299313,956f06d98a4911d5216ab32a4383dcb3,0,264,1248,2675,1248,2411
d0800236e977eaa07389fe04a9fd08c3,07fc991a51222ef5e5e4e14431465e34,0,584,914,2668,914,2084
1d16b6e0ba3466cb3f4b306399f06cf3,b15341412d16f77ae112b5ca20e8db55,1608,0,2800,2899,1192,2899
1d16b6e0ba3466cb3f4b306399f06cf3,0c46fee5ad7f8bd2bb8249a2d94fecaf,0,446,946,3515,946,3069
532c6133a93ba2ccef53c16f330824b2,a997312eed0fbc9dc83360af9c4502d9,0,634,785,2617,785,1983
d0800236e977eaa07389fe04a9fd08c3,7b07ced7df9e0311f4ab7434c7c8ddbe,1843,0,2800,2728,957,2728
1d16b6e0ba3466cb3f4b306399f06cf3,2d87ea17ecdf44fd47ca2ecf4eb0d7ad,1686,300,2800,2929,1114,2629
532c6133a93ba2ccef53c16f330824b2,ccc7d8fef507eef4e043f9260a43203a,2034,864,2800,2738,766,1874
5b17f22aa8b59aa4043e31fa90299313,6a5636d39516ecfe6b14d5b4aaebcad2,1588,597,2800,2871,1212,2274
71e1c99aaa708f39cf4f6c395041011d,939eed34d9b8ecaf6ad1b1042cbb7af0,1866,244,2800,2392,934,2148
f0c2f98bada18c36c01aa050a576da67,b0a6eda12ef3fc485ed8ae107171b2f7,0,677,703,3518,703,2841
f0c2f98bada18c36c01aa050a576da67,a0c98342e23d9bf81ace00a3acdac64a,2104,373,2800,2294,696,1921
71e1c99aaa708f39cf4f6c395041011d,1b3ea2ffe5dc67d51c493ef22faed9e3,0,437,863,2457,863,2020
71e1c99aaa708f39cf4f6c395041011d,216d7c52e6a86ab26e19b06dac26351c,0,0,774,2671,774,2671
546bfd484a6986e623df4758646b484c,b486e2270f626c07ecba537e4f37b45f,867,172,2012,2454,1145,2282
0bbe7797a6a41e6c6c6b179de91a3b0a,c8756a669de637a08d3c366a5f2d4aa8,0,653,925,2829,925,2176
546bfd484a6986e623df4758646b484c,85644d30f4122bb605887833d813da4f,0,0,1257,2396,1257,2396
0bbe7797a6a41e6c6c6b179de91a3b0a,58320e612d9b3aefb9a6fad167883c97,1849,0,2800,2531,951,2531
f0c2f98bada18c36c01aa050a576da67,e51ba9f741b66a26c3320e97d36219b0,1927,0,2800,3372,873,3372
546bfd484a6986e623df4758646b484c,c6d46e6ea69301c82d0e763df2588d33,846,0,2012,2812,1166,2812
71e1c99aaa708f39cf4f6c395041011d,b6cc39466d8a476b425f615d497cc011,1950,0,2800,3080,850,3080
0bbe7797a6a41e6c6c6b179de91a3b0a,8654195873ec0ebea4a2406e55934c4e,1897,18,2800,2386,903,2368
0bbe7797a6a41e6c6c6b179de91a3b0a,9e159bfe1da44b151436ce3d934e7314,0,0,944,2614,944,2614
546bfd484a6986e623df4758646b484c,aa26c271dc3bd259761fbeac5e813cec,0,0,1089,2532,1089,2532
8ecf1f0ac58ed393f21ab5379566e3c0,e78857ca66b222f906446a3b4b52d6c3,0,0,1079,2568,1079,2568
8ecf1f0ac58ed393f21ab5379566e3c0,f811714e64acbba7c72902a2a0870c52,1048,0,2012,2435,964,2435
8ecf1f0ac58ed393f21ab5379566e3c0,38d1128411363e198f51fbbd166e7383,988,83,2012,2319,1024,2236
8ecf1f0ac58ed393f21ab5379566e3c0,8788460ef0420c37bcc5b3486aa3378a,0,130,1028,2300,1028,2170
f0c2f98bada18c36c01aa050a576da67,40d9a5b10b665f5ddccf111f6bdbc909,0,0,945,3253,945,3253
79b9436ca0a29baa9a746b637e6def08,20e42fa7c88e1bafbd19ae3e817d323e,0,478,987,2771,987,2293
79b9436ca0a29baa9a746b637e6def08,fce23f488653cb95d8caf7d513ab1e3f,1849,435,2800,2707,951,2272
8c3a4cba1fd4497bcae9f2ddd998858d,fad002d889e15c23491e725497a5a9b9,2047,325,2800,2666,753,2341
858752c62bda738870a6c9a7ccc48c97,960f2d95d748e789c95f37edda7d0889,1724,508,2800,3518,1076,3010
858752c62bda738870a6c9a7ccc48c97,c470c2fb416fa38efdacc681871ad9ce,0,0,1133,2871,1133,2871
79b9436ca0a29baa9a746b637e6def08,e508551fcead835b0d74cd993fe87ba5,0,0,1086,2735,1086,2735
858752c62bda738870a6c9a7ccc48c97,b77ac5f1cf92285868bbbbdd9f5bbeb4,0,0,1107,3518,1107,3518
858752c62bda738870a6c9a7ccc48c97,4077baba2dbb1709c9e4d2b6083d8465,1730,0,2800,3518,1070,3518
8c3a4cba1fd4497bcae9f2ddd998858d,e9254a67bcf07ac8da2901e9d5bc141f,0,0,887,3066,887,3066
79b9436ca0a29baa9a746b637e6def08,19abce39daaa5426075f0afc2c0ca5e9,1625,0,2800,3518,1175,3518
8c3a4cba1fd4497bcae9f2ddd998858d,0dd95055ddf7ed0126fc778ce192200f,1915,0,2800,2954,885,2954
8c3a4cba1fd4497bcae9f2ddd998858d,86603bbc7a9fc26bb3927aa16d058d2c,0,468,789,2826,789,2358
d654004623d0f2ca9954fa3be4a85983,d064c9312f907d3f72692915156f3db8,1302,0,2012,2812,710,2812
d654004623d0f2ca9954fa3be4a85983,6d5af8fc9af34b49cb4e144c9b11d401,0,0,720,2158,720,2158
d654004623d0f2ca9954fa3be4a85983,15f2e36521ccae32ee5ba13db9a8c02d,1236,0,2012,2297,776,2297
d654004623d0f2ca9954fa3be4a85983,e1d832f8238725949886b717722c3862,0,0,847,2812,847,2812
3e832540a6eb73f156a552f5592b7215,484ee60f96447c5714167b1f2d41eeda,0,0,1115,2469,1115,2469
3e832540a6eb73f156a552f5592b7215,d99110955dc73a4b6cb8363247275ac5,0,124,1073,2812,1073,2688
3e832540a6eb73f156a552f5592b7215,df970280270141db6c1c1ffb153193a4,841,0,2012,2497,1171,2497
3e832540a6eb73f156a552f5592b7215,e96cc3ce2e0470c3eddb65d9594a901d,885,12,2012,2812,1127,2800
b64a0218f573d553b51c96f1e0884a3a,cea5efc067390bda7547d80a0609994a,2032,531,2800,2353,768,1822
b64a0218f573d553b51c96f1e0884a3a,8d07f6ca0acc6e56b9c1b97f2dc2944b,0,494,685,2244,685,1750
b64a0218f573d553b51c96f1e0884a3a,780bd951768792f0facaa510c9e18722,2011,0,2800,2735,789,2735
b64a0218f573d553b51c96f1e0884a3a,f0701204bbd4a664ac6ba89460cba49d,0,0,875,2866,875,2866
0fef1dc2976b7248be89047c49e07b9e,40343674051a0bbfffd49054b9e699fa,0,641,860,2877,860,2236
0fef1dc2976b7248be89047c49e07b9e,b37b9b4cbda68dd58f42e89a264d072b,1815,0,2800,3518,985,3518
0fef1dc2976b7248be89047c49e07b9e,283cbeac3d1c513a92b54509add4ad95,0,0,985,3518,985,3518
0fef1dc2976b7248be89047c49e07b9e,8f646e8f8533ddd0a6c7a0f195a846fd,1911,0,2800,2367,889,2367
2d86e5855fdc107e9b74c361b19797ca,f84fbc1e28ea0a8fee47cee3d7838dc4,1729,0,2800,2871,1071,2871
2d86e5855fdc107e9b74c361b19797ca,a06736ec9282a7e9c204c8ba98b7b92c,0,448,1096,2820,1096,2372
2d86e5855fdc107e9b74c361b19797ca,a17fdff005602c3caed9e04f783fbad7,0,0,1165,3518,1165,3518
2d86e5855fdc107e9b74c361b19797ca,b6422d5caba69964ff2770fb0ab1dcb6,1725,0,2800,2574,1075,2574
481fbac8fc44c5291b7d080fde4c3e61,e8b40315a5d5ca3d4d50cf215474b056,1734,297,2800,2582,1066,2285
481fbac8fc44c5291b7d080fde4c3e61,853dbdcfe62f7b59f725866edf1d03c9,1800,0,2800,3518,1000,3518
481fbac8fc44c5291b7d080fde4c3e61,8dd11e028006c53582e88c6c6c7f6af3,0,0,1084,2284,1084,2284
481fbac8fc44c5291b7d080fde4c3e61,e94d5de115192838fc1477fd1a6da33c,0,550,1045,2704,1045,2154
c19c0dda160c4be9871d8cf5186c7b82,186718e95696b3f9c6060ac1a09b3ed4,2003,632,2800,2720,797,2088
c19c0dda160c4be9871d8cf5186c7b82,f0154e381cbddbb67ee22f1d580bb8bc,0,0,910,3159,910,3159
c19c0dda160c4be9871d8cf5186c7b82,c9b38e3f79124d5f99b3e14a328d103a,1907,0,2800,2345,893,2345
c19c0dda160c4be9871d8cf5186c7b82,74b4764d21ab45022c2cb6dc6ccb7c57,0,630,849,2683,849,2053
1331ee051764346820826db85972d7e2,eaad3c90ef7fda79accdec796a3c070a,2003,818,2800,2749,797,1931
0bf6f1b6df4b231d84ee0b873d80fb31,ba2c102bec7c7770cd1d1a861c227514,0,52,804,2812,804,2760
1331ee051764346820826db85972d7e2,6cb1249589517d34d1f68fb239eff0cc,0,563,722,2626,722,2063
0bf6f1b6df4b231d84ee0b873d80fb31,0def036d4d373076ed7139d24e09b714,0,0,871,2812,871,2812
0bf6f1b6df4b231d84ee0b873d80fb31,76d7e53b2f48977d10ae7ee1a440cd04,1105,175,2012,2421,907,2246
b907fe24d3fb3f931c401a36c355ccfb,ebd5d69db321ce1ab2e537aff176b071,0,0,1337,2812,1337,2812
2e59c9d87903cf06b7c1d42fa0bb744c,bb4c258fbc68ad1aad9e1f56a0d0a893,0,0,1226,2421,1226,2421
2e59c9d87903cf06b7c1d42fa0bb744c,ec29458b976d71408d2688a1d634b2b4,1589,579,2800,2758,1211,2179
1331ee051764346820826db85972d7e2,c00878da022d118469bf58b7869246de,1993,0,2800,2467,807,2467
1331ee051764346820826db85972d7e2,acea4f52babe474a37a631889322f7ae,0,0,839,2832,839,2832
eaa71742b0a00171d09a6666a6ca1158,79fe904b9c6ea6600d6177bc84e3115a,0,473,962,2460,962,1987
eaa71742b0a00171d09a6666a6ca1158,ffeb0fb001fc1be92b7464d557f52579,1859,452,2800,2409,941,1957
0bf6f1b6df4b231d84ee0b873d80fb31,f9e67324d12f697ff0c00f327fc4fca9,1225,0,2012,2227,787,2227
2e59c9d87903cf06b7c1d42fa0bb744c,4e9428fb737c40646c85930041ce0842,1513,0,2800,2579,1287,2579
2e59c9d87903cf06b7c1d42fa0bb744c,3cc26102e992e94fc7cbc6c93e6cb345,0,0,1409,2519,1409,2519
eaa71742b0a00171d09a6666a6ca1158,fa22a98f256d9f576c891eafdc7e74a1,0,0,983,3342,983,3342
eaa71742b0a00171d09a6666a6ca1158,81d8d8dfab71d41fc3c7ca703f09adf4,1908,0,2800,3518,892,3518
2a212bd75eb5833b301a903f1f2dc1d8,a1b2b4a26df4ee1675f2b90b40a46e23,0,684,1183,3057,1183,2373
2a212bd75eb5833b301a903f1f2dc1d8,3a58419633a6514ba0f598eeae407b84,1565,463,2800,2960,1235,2497
2a212bd75eb5833b301a903f1f2dc1d8,e9acc867f9dae1e438daed3fd1602cc6,1521,0,2800,2981,1279,2981
b907fe24d3fb3f931c401a36c355ccfb,fcc4e9288f4826b8c50d471e404588a5,0,263,1265,2655,1265,2392
b907fe24d3fb3f931c401a36c355ccfb,46e11623ed8a18b4beb8da0129b4a5a4,737,120,2012,2600,1275,2480
d540a38fcac9ff0136535fb45fa45dda,f9918b3feb92e1f38a0c86a6a28c14a0,0,347,725,2658,725,2311
2a212bd75eb5833b301a903f1f2dc1d8,1720bd48dcd11b27f2fc6d0c954b9305,0,0,1235,3093,1235,3093
b907fe24d3fb3f931c401a36c355ccfb,39a2c5dc7b0c17a179cfa3b760326304,655,0,2012,2812,1357,2812
d540a38fcac9ff0136535fb45fa45dda,da165bf60a8e8739a597d51b47eed60c,0,0,894,3518,894,3518
d540a38fcac9ff0136535fb45fa45dda,6d25b5933d3fda076168bc55ac381406,2131,354,2800,2311,669,1957
5239f9678e91a2d48384b53f5c93beaf,009a0c1f35e8bda31fe1b9c8d0d9e57b,1915,559,2800,2679,885,2120
5239f9678e91a2d48384b53f5c93beaf,82b841a83042d8c061e776af9ae92fa7,0,602,921,2678,921,2076
5239f9678e91a2d48384b53f5c93beaf,f51d41b40cbc2621ab7dc9e6ac7dbee7,0,0,908,3211,908,3211
d540a38fcac9ff0136535fb45fa45dda,90aafb2a3dc8e110bd5523fd51d6b372,1879,0,2800,3518,921,3518
5239f9678e91a2d48384b53f5c93beaf,f6dcaf8f07b98427d69fa97c08615b7c,1961,0,2800,2626,839,2626
72c040c24f58f0b5383d9c4cb5ea98ef,4f0d627a4f0869f4c75a10c7210ed060,0,791,922,2774,922,1983
72c040c24f58f0b5383d9c4cb5ea98ef,9900e05343976c7b8c4aaed3afffa351,1846,802,2800,2817,954,2015
72c040c24f58f0b5383d9c4cb5ea98ef,5ba16ac9e9d5955c51fbb701a928648a,1940,0,2800,3050,860,3050
64d0e7d4a384bdd261baf2987bc5166e,172ee8cb3a88b54bdd71c20e2dec83bc,0,6,800,2812,800,2806
64d0e7d4a384bdd261baf2987bc5166e,a2dcb2235165c8e22ee5ccffd47a144f,1118,0,2012,2481,894,2481
4df2fd6ed92798b0b18b1e44ca078f4c,8a09ce6014bd739c1ff933745a3203c2,1843,0,2800,2904,957,2904
64d0e7d4a384bdd261baf2987bc5166e,82f255c46f06e4be76d6939e78c74065,0,0,1003,2812,1003,2812
72c040c24f58f0b5383d9c4cb5ea98ef,0d6631585747919671fef61b6133e688,0,0,991,3165,991,3165
64d0e7d4a384bdd261baf2987bc5166e,32463c9843df301d84cb4a1a3e41bfce,1010,0,2012,2812,1002,2812
4df2fd6ed92798b0b18b1e44ca078f4c,23b6b19763d617991f1fdaa4cab135c4,0,0,1105,3518,1105,3518
4df2fd6ed92798b0b18b1e44ca078f4c,a23de18cb9b36a0582294f5cc01e229a,1821,207,2800,3518,979,3311
a882006940256e1fe2503d6d09cac40d,78942ae419d616103ddcb48b478061c0,1542,306,2800,3134,1258,2828
4df2fd6ed92798b0b18b1e44ca078f4c,79f3e6085cc22c8e5ec197edf9365aac,0,16,1054,3372,1054,3356
a882006940256e1fe2503d6d09cac40d,97a45c1a3f78ae53e00894c2ff400ffc,0,0,1341,2820,1341,2820
a882006940256e1fe2503d6d09cac40d,cdbf0101676e3faf74cb2a1e1e7e25a5,0,350,1369,2766,1369,2416
5e6e6fdb4679697f74e3562e95fd2adb,c73c3ae9487f603a9670c9ce9743b093,0,0,846,3471,846,3471
5e6e6fdb4679697f74e3562e95fd2adb,4de4c839a9256c08a92cca01a7059a3f,2101,438,2800,2544,699,2106
5e6e6fdb4679697f74e3562e95fd2adb,007b9ac3e2db01199be694b072f56e13,0,603,705,2681,705,2078
d746c5e878799ec8f42e2e8f6ab9a992,01df962b078e38500bf9dd9969a50083,991,0,2012,2812,1021,2812
a882006940256e1fe2503d6d09cac40d,42e567114d2a4d24588db89f4c73a03e,1542,0,2800,3094,1258,3094
d746c5e878799ec8f42e2e8f6ab9a992,813820720aa4922ba261f92fced0f11a,0,96,918,2196,918,2100
d746c5e878799ec8f42e2e8f6ab9a992,0d13ed91f89c7c74987dd365e6f81153,0,0,878,2812,878,2812
dae6c8cf9606fb821e84b92dc128cff8,f083efb05c63e5aa4971f859b94874a5,0,381,1041,2568,1041,2187
dae6c8cf9606fb821e84b92dc128cff8,a1a3c695b38da7fe946cbe762a895e3b,941,0,2012,2611,1071,2611
50ac4b1559e54b732e07fa27dd64236c,bfcfea1267d217a3f812dd6e19fd3848,0,390,1045,2604,1045,2214
5e6e6fdb4679697f74e3562e95fd2adb,bf32f10ed2481ae28cdd342a8e37d586,1953,0,2800,3518,847,3518
dae6c8cf9606fb821e84b92dc128cff8,afd41728a6675d40d1926548d14e87d8,0,0,1362,2779,1362,2779
50ac4b1559e54b732e07fa27dd64236c,ce42329e2f85bf89c4e03658e14adfc6,1761,532,2800,2695,1039,2163
944072b1af80b5038a0434d689012b12,cfdda9d0be846ba0716fcf18ae3abf70,1993,656,2800,3518,807,2862
dae6c8cf9606fb821e84b92dc128cff8,65643cf2228f0c473e66d65ba954249a,918,75,2012,2382,1094,2307
d746c5e878799ec8f42e2e8f6ab9a992,0c401b1b7faaa89afc4a68983f074b16,1044,0,2012,2812,968,2812
50ac4b1559e54b732e07fa27dd64236c,5b872ee4757412f3704fc23b36371c0f,1671,0,2800,2965,1129,2965
944072b1af80b5038a0434d689012b12,c547b89e88b6508d39a97d19674370d5,0,647,803,3399,803,2752
50ac4b1559e54b732e07fa27dd64236c,b67681b3308297994e05c1cd2ca14e8c,0,0,1106,2847,1106,2847
944072b1af80b5038a0434d689012b12,71e9f15a78cc250cf93865859f7ef372,2038,0,2800,2567,762,2567
944072b1af80b5038a0434d689012b12,af9017ad32e25e4341fc9f77a89cfe8a,0,0,821,2470,821,2470
93f387fdd37602e487e8c212beb6ae14,370a6d7d6e78e7794a75d6a0ef74eb9c,0,0,1229,3518,1229,3518
29e6666c5ca74d79a315d3f0c35b3013,db654a22b60afb222a57c9d82539d76f,0,121,1201,2591,1201,2470
93f387fdd37602e487e8c212beb6ae14,db3290f065c1498e32a23fc8b36415d2,1750,201,2800,3388,1050,3187
93f387fdd37602e487e8c212beb6ae14,6cacf3eba75ab6e9f7f5f071eb1b4b5b,0,426,1307,3518,1307,3092
93f387fdd37602e487e8c212beb6ae14,00b72fc9f66aacea67225c2f4e0c887a,1617,0,2800,3410,1183,3410
29e6666c5ca74d79a315d3f0c35b3013,2daca5fbd617d1a692439c5133e1968d,860,53,2012,2445,1152,2392
29e6666c5ca74d79a315d3f0c35b3013,2f9ab025b47b8ea002694ae047aa5cc2,786,0,2012,2812,1226,2812
29e6666c5ca74d79a315d3f0c35b3013,1f474d90d9011b92b5cbaff0c06a5a1f,0,0,1206,2812,1206,2812
e5b1b29aa713a20d63156d3b465b7615,ce8afc5e9ae4318b32521d457015002c,0,807,1072,2791,1072,1984
766dfdabedaca17f19f07c94e635acd9,17c5d23458bec13e8b779791461715f2,1891,375,2800,3518,909,3143
7516a342d4c2d8b020635c57c1d1dc05,830381cc355ca7f156e41cb2695a74eb,1801,347,2800,2286,999,1939
e5b1b29aa713a20d63156d3b465b7615,44809bf7228e06e7c73c4e9c8f13a228,0,0,1166,2453,1166,2453
766dfdabedaca17f19f07c94e635acd9,c2d99aebdf8adf2e8eab7a0fdcc111e3,0,461,958,3518,958,3057
766dfdabedaca17f19f07c94e635acd9,e21290b33c687e840d7619cd51579a7e,1973,0,2800,3511,827,3511
766dfdabedaca17f19f07c94e635acd9,838f57d84b6b0e2c0130ce5105b671f1,0,0,926,3518,926,3518
7516a342d4c2d8b020635c57c1d1dc05,e67e725c6ef1c824f4d708fbd0e64cf5,0,532,894,3513,894,2981
e5b1b29aa713a20d63156d3b465b7615,c33f13bb65ea001c94aabbca3153b859,1586,0,2800,2536,1214,2536
7516a342d4c2d8b020635c57c1d1dc05,c6aaced5c5e7e5de2a43c2be53f9c346,1905,0,2800,2323,895,2323
e5b1b29aa713a20d63156d3b465b7615,159e73e6954fd524d34b6c45154af65a,1732,491,2800,2516,1068,2025
700bcdc8531ade30a37b08dc2f3bd4b4,6ce28b4563fd32d944bb7fa984aa0d3c,0,315,750,2629,750,2314
700bcdc8531ade30a37b08dc2f3bd4b4,74c0d4a8c4da7a0b162bdd14d7b8ef06,0,0,871,3518,871,3518
52e49d5a3642f9c0f9f47aaf36b7b747,6fabc29fc1ebb8b25b44dae56f923d03,1186,0,2012,2812,826,2812
7516a342d4c2d8b020635c57c1d1dc05,bad0504285b9c6318bb508a621ad64d7,0,0,915,3068,915,3068
700bcdc8531ade30a37b08dc2f3bd4b4,1fdd9bd3aa8860ef5eedaf8672caae87,1950,0,2800,3518,850,3518
700bcdc8531ade30a37b08dc2f3bd4b4,2cac78020afac3f66dd0ef314a96ec89,2116,393,2800,2582,684,2189
52e49d5a3642f9c0f9f47aaf36b7b747,77141edddf48dc87d159603ccda6865a,0,0,759,2277,759,2277
52e49d5a3642f9c0f9f47aaf36b7b747,2969ed104cfcbee2dc4ed5ec6d4b899a,1196,0,2012,2340,816,2340
52e49d5a3642f9c0f9f47aaf36b7b747,5b8fe9a932a42ba63ba7f195f0d81472,0,0,1093,2812,1093,2812
5294111482bcfdda863c234db1befca8,022332a05809c5989e77881194d56cbd,1431,330,2800,2502,1369,2172
5294111482bcfdda863c234db1befca8,5b045f08b39e516aa7aa33fe81d87a07,0,0,1217,2555,1217,2555
5294111482bcfdda863c234db1befca8,d0e51f508dc20fca3a35f86c27fc2390,1492,0,2800,2519,1308,2519
5294111482bcfdda863c234db1befca8,3c8f3c788bd305171eb5aacec23f2542,0,649,1344,2899,1344,2250
06f9301e46fca75cbd8d51d6d485fb19,f75d887746368ec4acffa32232c586a9,0,0,1020,2664,1020,2664
06f9301e46fca75cbd8d51d6d485fb19,8bb8d5e44f2fee7eb5146a53bbb1961d,1766,204,2800,3518,1034,3314
06f9301e46fca75cbd8d51d6d485fb19,85a635bff78bbfe16c47d05bf5933855,0,462,922,3463,922,3001
e1b55a44188928a74854b2ba86b139d7,7b1b655fc800220ab3740ba278551483,1584,75,2800,2544,1216,2469
e1b55a44188928a74854b2ba86b139d7,92b871f316ab735a39dda2dac8b76a13,0,554,1196,2998,1196,2444
c3774b71ba494a70ef0e6eed74f4dc2e,61d20073a8cedc7d3a7e20fbb83c72b4,1323,0,2012,2812,689,2812
c3774b71ba494a70ef0e6eed74f4dc2e,7b6ea0093619beb598ea0c7fc7367b84,0,392,624,2056,624,1664
c3774b71ba494a70ef0e6eed74f4dc2e,0520fd058bcfb2a9f6c143004113f499,1472,648,2012,2216,540,1568
e1b55a44188928a74854b2ba86b139d7,87a16aa30511bf4fd97f4138c3941ef5,1676,0,2800,2536,1124,2536
06f9301e46fca75cbd8d51d6d485fb19,064a90bb6f3f12b1f968fa75a6caf726,1760,0,2800,2661,1040,2661
e1b55a44188928a74854b2ba86b139d7,67684ca91e8d306dca0b7786c78ad123,0,0,1184,2575,1184,2575
c3774b71ba494a70ef0e6eed74f4dc2e,d1453f47095b5ac0c59c463cb8f20f73,0,0,840,2655,840,2655
2d97e32f5e5e3ea042e24699a8529260,2e51cfe52eb833fd5ef359cee9fec12f,1667,0,2800,3518,1133,3518
2d97e32f5e5e3ea042e24699a8529260,85443d809dd52fd48b8ff03a19631593,0,0,1116,2777,1116,2777
8426923cb5a613bf95eeaa53f82ef09f,05619054c7c3990b9003c902c381ce60,1903,0,2800,3518,897,3518
8426923cb5a613bf95eeaa53f82ef09f,422ffee093351327fc0efbc7649872e7,0,231,712,2432,712,2201
8426923cb5a613bf95eeaa53f82ef09f,3e8e3bcec58f1cdff23abb4937db40c7,0,0,817,3518,817,3518
2d97e32f5e5e3ea042e24699a8529260,33a88e1a0d8e838fda4e359db1cefc42,1541,411,2800,3518,1259,3107
2d97e32f5e5e3ea042e24699a8529260,a419c1d99b3a5c41d48c99e899a942a4,0,280,1210,2883,1210,2603
8426923cb5a613bf95eeaa53f82ef09f,d25e42caf2626ff1916c6ce012e01ca9,2042,543,2800,3518,758,2975
f421ab3ded327f24545269be3d87c553,2329fd380477e0d2ab0dad747cd2d9ac,1854,0,2681,2698,827,2698
f421ab3ded327f24545269be3d87c553,c2f07675b286d2caf73f8ff7135a1bb7,0,0,751,2482,751,2482
f421ab3ded327f24545269be3d87c553,4fdcf7b9ea50456ed12b9289d1c13f11,0,728,681,2737,681,2009
2486fafb68786b7f8ed662783ee25a49,dd0bb82141f3df5e5350c2c6a6c80ad9,1240,344,2012,2395,772,2051
2486fafb68786b7f8ed662783ee25a49,24554a4f939d8c4ec6f710ac98385407,0,0,802,2584,802,2584
2486fafb68786b7f8ed662783ee25a49,53f6139f06e3efdb61d1ec6e1f1e6982,0,194,713,2286,713,2092
2486fafb68786b7f8ed662783ee25a49,49740ad50712a2503c1c5bdb0e2496b9,1264,0,2012,2812,748,2812
9f0d58bba5d31da6eab6d2fb6cae38c5,3b10df4cf668d351ee5e253889e6d424,0,0,991,2455,991,2455
9f0d58bba5d31da6eab6d2fb6cae38c5,f0a25c91f679798e9523e2c0767f356c,1793,452,2800,3518,1007,3066
9f0d58bba5d31da6eab6d2fb6cae38c5,a7a0ba1bd0a2798f4a417a50ea3c300f,0,226,1045,3518,1045,3292
9f0d58bba5d31da6eab6d2fb6cae38c5,8b4015ac8d1c1dc42256af5cd807df9b,1842,0,2800,2616,958,2616
6fdf4d99dc18e6b34c9d5e60d8228484,72b7c95d775bc57734c77e0e7d882a7e,2232,545,2800,2531,568,1986
f421ab3ded327f24545269be3d87c553,dc1fe0e269abb975556eee80fbef0662,2051,686,2700,2657,649,1971
6fdf4d99dc18e6b34c9d5e60d8228484,342452187cb73a30172ab0f4db60fc9c,1985,0,2800,3518,815,3518
6fdf4d99dc18e6b34c9d5e60d8228484,2608e1892819c73701189601520a93be,0,550,612,2793,612,2243
7923de65390f4cfe6fb047515f9474f0,a2d73fa3622b7227587f480a63d24ab0,1943,327,2800,2719,857,2392
7923de65390f4cfe6fb047515f9474f0,b2fdc723b4f4a02cb9c4e0b66cc741fe,0,0,909,3518,909,3518
6fdf4d99dc18e6b34c9d5e60d8228484,6618e5d41bad0860c1a8106647cab8c5,0,0,695,3518,695,3518
7923de65390f4cfe6fb047515f9474f0,4da72fbf2d9cb39fbc09b5d369a3a078,1873,0,2800,3316,927,3316
5b899d2c2de6806b27310852f6c03b94,233f0fbbc3b51711a784a6c2321ee0b3,1969,538,2800,2667,831,2129
5b899d2c2de6806b27310852f6c03b94,a32040cb6dde41fa1d37be50657b2e5c,1903,0,2800,3518,897,3518
5b899d2c2de6806b27310852f6c03b94,4201154d99824597eff4c8622e3b4ab5,0,571,951,2631,951,2060
7923de65390f4cfe6fb047515f9474f0,093d2abfb50e28f5caeeaa9ca8539cb3,0,212,880,2485,880,2273
5b899d2c2de6806b27310852f6c03b94,8fb06141d929ef8432b9c05b35fc9eaa,0,0,906,3518,906,3518
db6109f41cd4088e413faf6031534c7e,884fbe034cb77b53b7e38a3b89fdd52c,1739,0,2800,2728,1061,2728
b6d7db0e6b83eb82b61bd665b5525d6e,11f39dae0d35af7f5ee8dbca0417ec99,1874,609,2800,2692,926,2083
b6d7db0e6b83eb82b61bd665b5525d6e,508c123e8e4156fef237f4354f22c158,0,0,936,2700,936,2700
db6109f41cd4088e413faf6031534c7e,4972aed6eb7ebe513fcee6ef51e4b7c8,0,484,1097,2598,1097,2114
b6d7db0e6b83eb82b61bd665b5525d6e,39aecb78d056d46282d678eabaab6ab7,0,451,1047,2648,1047,2197
db6109f41cd4088e413faf6031534c7e,2d4ff6fec7e65cf2acd77318f84b5980,1719,612,2800,2679,1081,2067
b6d7db0e6b83eb82b61bd665b5525d6e,0a101bc1b738dcead7c21788971d051f,1792,0,2800,3518,1008,3518
07947d91494b435300e2fa89e4478f89,22b74834e151e0bd5367fbe064562a55,793,102,2012,2812,1219,2710
07947d91494b435300e2fa89e4478f89,6308f1a77c01736c8ae30d886d040695,0,532,1151,2812,1151,2280
db6109f41cd4088e413faf6031534c7e,6291b8b7e348dc0ec5987d86d4737eae,0,0,1029,2611,1029,2611
07947d91494b435300e2fa89e4478f89,717ede9c821ed0308008f3a318f365bf,0,0,1364,2794,1364,2794
5b14f9221017ccb8698301de24739aa4,1874dc9c373501cb716055a66662589a,1942,73,2800,2347,858,2274
5b14f9221017ccb8698301de24739aa4,c95bc983273107fc046b95ddcab4abe9,0,239,904,2567,904,2328
07947d91494b435300e2fa89e4478f89,7f17cf68eb83d73715ccc5d2819f0bcf,655,0,2012,2812,1357,2812
5b14f9221017ccb8698301de24739aa4,799a4bad94a8ae18f563c217b704a1b2,0,0,888,2776,888,2776
f7cf0e81dc71ee3d2cfd209cf030b143,d7622f92b8a9e6b50df219e8d8463414,0,0,1035,2812,1035,2812
f7cf0e81dc71ee3d2cfd209cf030b143,759bb58c0e08048cca4bc920053c29ab,0,176,1085,2812,1085,2636
f7cf0e81dc71ee3d2cfd209cf030b143,fa59e0f4ad3c6f11bc15ec3d7206f4eb,958,20,2012,2812,1054,2792
efaa66c84c722d588776e4222eb7b428,20a75c20a4b8639cd0f68570e50e4c9a,1649,0,2800,3011,1151,3011
f7cf0e81dc71ee3d2cfd209cf030b143,937d2c5ca7df93b22d2d503e37f3d002,966,0,2012,2812,1046,2812
efaa66c84c722d588776e4222eb7b428,1df1aad232c676ff0374e12beaf4c6eb,0,0,1190,3182,1190,3182
efaa66c84c722d588776e4222eb7b428,885de7f3311bb665a0516693ede46888,0,364,1043,3518,1043,3154
da239ea7a6c7b2e800976e6e6c113a98,52d8f31ba2de7690b4e16bb45502c207,0,0,1038,2812,1038,2812
da239ea7a6c7b2e800976e6e6c113a98,1251bda91dc1323ce21bcdd7c3c9719f,963,0,2012,2812,1049,2812
5b14f9221017ccb8698301de24739aa4,dd41ba1ca603ec3285210b06497d1b18,1942,0,2800,2810,858,2810
efaa66c84c722d588776e4222eb7b428,e5f68dff259702d3f130dd44e69c9dcd,1723,417,2800,3518,1077,3101
214982cc36c1c7c8ae6debcefa8dc10a,3f43a204d38e938ddc1f5832c508ad1e,1777,491,2800,2794,1023,2303
da239ea7a6c7b2e800976e6e6c113a98,710a65502e38bef9ac8822345499a563,1023,0,2012,2621,989,2621
da239ea7a6c7b2e800976e6e6c113a98,94c5b4b0c671eec84cd46d812a1c4427,0,0,957,2340,957,2340
38fb54d018794eb19de317e62bc1d8d7,e65d56f08a1be920cd88b86837271ce7,2046,0,2800,2341,754,2341
214982cc36c1c7c8ae6debcefa8dc10a,230e0069cf6710f68b38e0e4ec59a4e4,1848,0,2800,2713,952,2713
38fb54d018794eb19de317e62bc1d8d7,3fe7f810c6333fe9168cbdc2b7161262,0,0,795,2330,795,2330
38fb54d018794eb19de317e62bc1d8d7,20e1a6f1634f636c6aac26d2176ff7d0,0,801,812,2626,812,1825
214982cc36c1c7c8ae6debcefa8dc10a,ddf32a08bb74b1ed7dd7694bd835e938,0,0,966,2643,966,2643
38fb54d018794eb19de317e62bc1d8d7,d3c1db4f11d3a08bd641852d000014de,2030,283,2800,2188,770,1905
dae4258d28756cb180fee212491519ee,3665a2e3151a31fc843176e09529b7c6,0,384,1190,2747,1190,2363
214982cc36c1c7c8ae6debcefa8dc10a,f5a8b3a3fe6278b108707b31e0736525,0,544,887,3462,887,2918
dae4258d28756cb180fee212491519ee,80ff81c8618e00bc6834842e800a2230,1633,0,2800,2733,1167,2733
dae4258d28756cb180fee212491519ee,1fa206b8913d99cbb1c60db491af5805,0,0,1234,3518,1234,3518
dae4258d28756cb180fee212491519ee,b25780262123eea6faf63a3aa741d228,1709,315,2800,2686,1091,2371
2219bb452abc3fc7e753500286c1c772,c6ddbcb2771fbef3345279ee1367f9fe,2007,951,2800,3518,793,2567
2219bb452abc3fc7e753500286c1c772,f14cd68ba3eb844c519f83dca5f697a7,0,616,768,3518,768,2902
736ea2dd5c0fb2477850c8589dfe4e91,3e4993659ffd25d9e062457f98040ca1,0,0,1013,2710,1013,2710
da2b71e7b671494c9165043962bb4f12,9ce67d17c169a81144ff9acea17ab521,1633,0,2800,3318,1167,3318
da2b71e7b671494c9165043962bb4f12,851796adfb341a1f51bc7d818c951f3d,0,458,1117,2814,1117,2356
736ea2dd5c0fb2477850c8589dfe4e91,4aee39fd4436da5c7d89c1865ee07049,0,276,877,2312,877,2036
da2b71e7b671494c9165043962bb4f12,843a98aa70bb245d17b9e7b8c414a430,1589,555,2800,2857,1211,2302
736ea2dd5c0fb2477850c8589dfe4e91,a1e3a350ae833eef77322167f6c52ecf,1012,192,2012,2447,1000,2255
da2b71e7b671494c9165043962bb4f12,247427f7bb654042f3b2261b5d895a9c,0,0,959,2783,959,2783
2219bb452abc3fc7e753500286c1c772,9b6662885abebe4f2658adc8dbd86b09,1945,0,2800,3395,855,3395
736ea2dd5c0fb2477850c8589dfe4e91,1df33ea4d8bdd22bce394b7c19fc706b,956,0,2012,2552,1056,2552
2219bb452abc3fc7e753500286c1c772,db852dfa956ff99d535c1134a1927205,0,0,837,3518,837,3518
a115ba0c527ab57af8da5913e1175bb4,4fb84afd28594b6426d83d4dbfa811c8,1995,683,2800,3518,805,2835
a115ba0c527ab57af8da5913e1175bb4,06dac744e706cb2f0a9c9bb4291e6ebc,0,0,989,3186,989,3186
a115ba0c527ab57af8da5913e1175bb4,aa0e148cdbf9da9b09b3c08124a173f3,0,521,795,3441,795,2920
be76fbbaad2cacf83b92b0fe4dd6fc9c,a07823d6de0c7c0198a497c68b109765,0,657,834,2679,834,2022
a115ba0c527ab57af8da5913e1175bb4,5c80ed6ed1090147bbe5e84cde26b9bb,1936,0,2800,2468,864,2468
be76fbbaad2cacf83b92b0fe4dd6fc9c,161e079cf4c6eef57e5f3073debbd468,1841,0,2800,3240,959,3240
bde353fe39aa58fea52d5f726b16507e,c7084bcdf5e1c6c8ee6e00dfea57c66f,0,0,971,3518,971,3518
bde353fe39aa58fea52d5f726b16507e,e3c55c4f17374fa6309d32c5201fcdd0,1898,0,2800,3518,902,3518
be76fbbaad2cacf83b92b0fe4dd6fc9c,6e90849bc147f642d25126a4d9d78b52,1887,534,2800,2667,913,2133
bde353fe39aa58fea52d5f726b16507e,2f703c795457396a3a1eb78f7448d0bd,0,487,947,2591,947,2104
3cfd7eeab68457a3b6bda28226a46319,023d95639b21bb9d8740a68f8fb29585,0,444,1188,2517,1188,2073
3cfd7eeab68457a3b6bda28226a46319,f1919357eed964a05734301fce07ab9f,1760,756,2800,2775,1040,2019
3cfd7eeab68457a3b6bda28226a46319,94487c4805fbd1f1076e9409184ce629,1766,0,2800,2694,1034,2694
3cfd7eeab68457a3b6bda28226a46319,3fc2686a381bbb4bbd5ded66122d8437,0,0,1052,2669,1052,2669
be76fbbaad2cacf83b92b0fe4dd6fc9c,5e2a13cbcd65f8affe0414ea6b0d3437,0,0,941,3205,941,3205
bde353fe39aa58fea52d5f726b16507e,bc5a0cf132df48b4a4c46302bbef3c9a,1835,170,2800,2335,965,2165
55d4e23fef777c307e27b9661c0da578,0c80a25e70ceba3eba43a1baaf1c654f,1731,405,2800,3103,1069,2698
55d4e23fef777c307e27b9661c0da578,a2b59f1aada10cb6af33feb810b10d82,0,580,775,3488,775,2908
55d4e23fef777c307e27b9661c0da578,d3bc4b6710f1bf8a4bfd5482feafb595,0,0,922,2705,922,2705
2f67cb763d38b2a87cc75fd2870e33a2,861baa67e2c88b6f0a5a18250a9dcbab,0,0,1026,2764,1026,2764
2f67cb763d38b2a87cc75fd2870e33a2,4d82b3e7004642b1c6d019b71a97587d,1777,575,2800,3518,1023,2943
2f67cb763d38b2a87cc75fd2870e33a2,2c0c27cb919b674f59d9f18eb8b61fe1,0,527,1062,2750,1062,2223
2f67cb763d38b2a87cc75fd2870e33a2,fc6b328102abcd5d2670e90aaf597b3a,1664,0,2800,3518,1136,3518
08f01703fc68794ee2c80ab9259bfcbd,9a0eec6a22183d3683cbe7bb9967d143,1926,531,2800,3518,874,2987
55d4e23fef777c307e27b9661c0da578,bbb8a138c628800b5415523afe8e3188,1689,0,2800,2655,1111,2655
08f01703fc68794ee2c80ab9259bfcbd,6f0bcfdacb0aa2179348bd5bbb1a38f7,0,0,981,3352,981,3352
08f01703fc68794ee2c80ab9259bfcbd,1349e649f7671db0f7d8f8bb2df1b16b,0,445,886,3461,886,3016
c674c9bd388b8831dfe29d4a70428846,f74209e0b792f7be310a81aff5fdc042,0,0,948,2577,948,2577
94753a85ffd5ee01b21ca14c55e9363a,e9956c9d38b5a78ca742612ac12c3352,0,318,786,2492,786,2174
94753a85ffd5ee01b21ca14c55e9363a,31943d105cf884f40b8dd2db3497c82c,2007,677,2800,3507,793,2830
94753a85ffd5ee01b21ca14c55e9363a,6198411e96630249de53e78f67f74f06,0,0,817,3518,817,3518
8492112cba1ba5926caf14e5805ef0b3,122fb97943659fcef9cfabb4aa263ca4,1427,338,2800,3437,1373,3099
c674c9bd388b8831dfe29d4a70428846,169c8335e0b21879f753f863a938bf3f,1845,404,2800,2310,955,1906
8492112cba1ba5926caf14e5805ef0b3,bfda0deaefee87efb58543e703364a43,0,522,1445,3518,1445,2996
8492112cba1ba5926caf14e5805ef0b3,3208ae2dc544132af974873c063e308b,1392,0,2800,2871,1408,2871
c674c9bd388b8831dfe29d4a70428846,53af812e66f81377b64201800d886c57,0,795,951,2684,951,1889
78be3640c01db796da075eab00bb330c,223fbb525f2d650052fafe96003477bb,0,0,832,3518,832,3518
c674c9bd388b8831dfe29d4a70428846,8826e2de26c204431fddb8516a6e2c53,1823,0,2800,2360,977,2360
94753a85ffd5ee01b21ca14c55e9363a,d669e918b321f336acd8536477069ee0,1925,0,2800,3518,875,3518
9e2d47a3cc0dce23a6d2b9088c772326,33213fc5400538cf67a8d82ea91d125d,2127,0,2800,2499,673,2499
78be3640c01db796da075eab00bb330c,ebdf18c659f2323b6c1efd9396916830,2115,910,2800,3518,685,2608
9e2d47a3cc0dce23a6d2b9088c772326,80fee5d081bfa18101d24a6adf29474d,0,736,722,2753,722,2017
9e2d47a3cc0dce23a6d2b9088c772326,3cef0e607b2423a2227ab41a57d8e4b0,0,0,648,2530,648,2530
08f01703fc68794ee2c80ab9259bfcbd,e3c00e1abdab54ae39a9d293ca98fa87,1803,0,2800,3518,997,3518
78be3640c01db796da075eab00bb330c,4630e5a2fa1cdcf5b9a188d02c4d42eb,0,857,638,3518,638,2661
78be3640c01db796da075eab00bb330c,9fc52c130cd84983d19524a6ab941c34,2013,0,2800,3262,787,3262
9e2d47a3cc0dce23a6d2b9088c772326,098bd70f22409687888f5ce005bd3fb1,2070,418,2800,3330,730,2912
df1926b5d4cbdd75c2127945579061c3,64b953f5ff6a655d781453e670b95551,0,143,978,2718,978,2575
df1926b5d4cbdd75c2127945579061c3,a4c69daae7b4c9de8a9342e0e2988f8a,0,0,1203,2763,1203,2763
df1926b5d4cbdd75c2127945579061c3,66ccb2be060e05aef00a9dbe19e5fad7,1651,296,2812,3580,1161,3284
df1926b5d4cbdd75c2127945579061c3,e5e33c1022f6dbe7c050573c00bb9378,1549,0,2734,3580,1185,3580
8492112cba1ba5926caf14e5805ef0b3,888400dd29a79de2caa227616a989266,0,0,1442,2822,1442,2822
f6f28f20df610b84e652c8ac8d64d99c,cadb654c855b9f948a193219a21712f3,2041,678,2800,2516,759,1838
f6f28f20df610b84e652c8ac8d64d99c,999789d67115ed53b926e74213c19e1b,0,926,733,2724,733,1798
f6f28f20df610b84e652c8ac8d64d99c,5e2abd624c758a9ad40aa47db8d68ad0,2010,0,2800,2969,790,2969
f6f28f20df610b84e652c8ac8d64d99c,1d6b1ecad5291480384fb5e2af8b7fbc,0,0,738,3017,738,3017
f0dc058ab8fb31bb612285709e611f6b,67e0f898fc98b8cf783ddbedc673cab3,2000,776,2800,3518,800,2742
f0dc058ab8fb31bb612285709e611f6b,cf6ed5a55b69637b8d006b3600e9ba66,0,0,967,3518,967,3518
f0dc058ab8fb31bb612285709e611f6b,79347ab392aee973e857892a9d2a034f,0,796,789,2767,789,1971
2aa59d100ec067ba7220601baf9258c2,865632bad265ee9a3a20d0ac245f5a12,0,271,919,2610,919,2339
2aa59d100ec067ba7220601baf9258c2,cda557875ea3a1d08a11b13e9f7d4ff9,1933,914,2800,3518,867,2604
f0dc058ab8fb31bb612285709e611f6b,2457b0a3ccb4ea2ae81cc0449108542e,1887,0,2800,3518,913,3518
9eda876c3a3b6c10550eeb0ddadf56f3,479dcb1bbf0c06408e07d7c02917d676,0,575,1036,3518,1036,2943
2aa59d100ec067ba7220601baf9258c2,e8bd2fc24a250fb1082c32ab8c42252c,1741,0,2800,3518,1059,3518
9eda876c3a3b6c10550eeb0ddadf56f3,e896ad635cc4310090bdf8e4fa114eb1,1840,0,2800,2512,960,2512
2aa59d100ec067ba7220601baf9258c2,1e6d8edf25ba11e96d028d8da1e47bef,0,0,1059,3518,1059,3518
9eda876c3a3b6c10550eeb0ddadf56f3,2d894e609f9165649927024491fd5b80,1810,480,2800,3518,990,3038
9eda876c3a3b6c10550eeb0ddadf56f3,5cf4ea3d7cd500a619e0a195ae67d4e3,0,0,1019,2554,1019,2554
a363586a04ef07cd9e2387baf9fd4ee5,e168a20d69aa2340369b008ea811a799,0,378,541,2110,541,1732
fec4d11acbbfbf088d869e993ef683c1,644eb753cd36ce354df50435a90acf42,1689,0,2800,3518,1111,3518
a363586a04ef07cd9e2387baf9fd4ee5,d4687ef94917900cab29387e48170c62,0,0,665,2516,665,2516
fec4d11acbbfbf088d869e993ef683c1,b64f24867270e36fd01a688de4ad7b97,0,281,1137,2444,1137,2163
fec4d11acbbfbf088d869e993ef683c1,e9a32266e7591d01c8cd803d31807d56,0,0,1185,2889,1185,2889
fec4d11acbbfbf088d869e993ef683c1,2dc6533cc5028377eb75c84ad4574c00,1775,259,2800,2717,1025,2458
a363586a04ef07cd9e2387baf9fd4ee5,bf5c1e75b3eff3e31de939d994c555ea,1609,417,2012,2127,403,1710
4b478aea96d2ff1b9c494c46ae227f34,9ef115692cef086f8a4864477a6e89fe,2089,0,2800,3518,711,3518
4b478aea96d2ff1b9c494c46ae227f34,a5bc3b99b4aded8b838b6f4534a400bf,0,0,736,3518,736,3518
4b478aea96d2ff1b9c494c46ae227f34,99d8dd80c93ac026f4596fcc836044df,0,778,547,2510,547,1732
edeb665b46be2c53fdfe54de4689e7eb,82f5fce0327ea923eefe03acd665a061,0,478,1042,2695,1042,2217
a363586a04ef07cd9e2387baf9fd4ee5,c4d9ca51f6d999a9cc57ba5120785276,1296,0,2012,2710,716,2710
18473ad623483f5475dd3e79a7b4f264,3c7ae75e98f08e156673502ff27a957f,1715,287,2800,2535,1085,2248
edeb665b46be2c53fdfe54de4689e7eb,91b56dab8873e1bf56a4ade2b0d02fba,1820,0,2800,2750,980,2750
18473ad623483f5475dd3e79a7b4f264,b99033098412c5bc6d2a52680f502bef,0,533,1163,2792,1163,2259
edeb665b46be2c53fdfe54de4689e7eb,24cf15b0ca1ec863c9840e9442eaed51,0,0,1037,2633,1037,2633
45ce1fefd261b69f66e98bec8b1d39a2,e5f1f08172620c49e5550e2a3efc52ea,0,652,990,2761,990,2109
222021046e79b01d669dd03433f77905,3f01724f1925400b244efd7f3fea7add,0,0,911,2812,911,2812
4b478aea96d2ff1b9c494c46ae227f34,fbf832298c4d7cff35a35e4b36976d24,2220,799,2800,2515,580,1716
edeb665b46be2c53fdfe54de4689e7eb,c550be907c02d0f89a264b0cda64e1c6,1812,602,2800,2738,988,2136
45ce1fefd261b69f66e98bec8b1d39a2,43b7ba14b00b40ac88575e3bd7aa2821,1774,0,2800,2145,1026,2145
18473ad623483f5475dd3e79a7b4f264,a731a4b87600d5474b9844160b8d8ad4,0,0,1199,2879,1199,2879
222021046e79b01d669dd03433f77905,1ceabf2c6f9707d0f26db7012c8ef937,1329,0,2012,2210,683,2210
544ce6a91582ef570442fe11bd767f51,94231da1b979fb25c1639c7eee166a8e,1040,424,2012,2618,972,2194
544ce6a91582ef570442fe11bd767f51,38ff0c7f9f545a2eeb058401dc54601b,0,198,968,2328,968,2130
544ce6a91582ef570442fe11bd767f51,cef1984e27a1c3c68fd4c64c3a56b738,1111,0,2012,2812,901,2812
f5f372805822b8e263351cf80cbc97d1,5a0429d0b6a9759507a276181add4e7d,0,0,900,2812,900,2812
45ce1fefd261b69f66e98bec8b1d39a2,53c6d60514dac62b28c1dc63199a0ea1,1666,0,2800,2803,1134,2803
222021046e79b01d669dd03433f77905,f9807c8e28a764e7e9888833ede519af,0,0,773,2414,773,2414
45ce1fefd261b69f66e98bec8b1d39a2,5445f55abac38d659744717e7244b4eb,0,0,1028,2265,1028,2265
18473ad623483f5475dd3e79a7b4f264,6aa0d5bcba94b8466afe9fb19c29fa24,1606,0,2800,2751,1194,2751
544ce6a91582ef570442fe11bd767f51,7da5462fb122cc24b0244e435949c2ba,0,0,1059,2623,1059,2623
f5f372805822b8e263351cf80cbc97d1,5ba9ea45ec4b79561cce0d9e6b36b9b3,1048,0,2012,2491,964,2491
f5f372805822b8e263351cf80cbc97d1,5f0350817fad75fc0f019b3c255cb621,1092,0,2012,2345,920,2345
b1d28aa8476cfd8669cb3d4512ad16c3,06e45f96271c57ea2bc91b8cea79e23f,0,0,976,3051,976,3051
f5f372805822b8e263351cf80cbc97d1,d98aad1ed2aff2396f59fb86b6b5d2b9,0,0,874,2812,874,2812
b1d28aa8476cfd8669cb3d4512ad16c3,bdc6902cccd60cf6cac59e74039162a2,0,679,834,3518,834,2839
a9acb512c476a1259655ee606826c687,798a9401eb79a0547750d66e2692f649,0,557,689,2588,689,2031
a9acb512c476a1259655ee606826c687,a2c5ba830b12b1784ca16874314acd36,0,0,768,3518,768,3518
a9acb512c476a1259655ee606826c687,17b4e5f4a57f7673579238b17df18122,2170,663,2800,3364,630,2701
b1d28aa8476cfd8669cb3d4512ad16c3,fd4d427de6c45ad57d4b5a50035f3bd6,1898,0,2800,2540,902,2540
8b95d4fed394e3539228964f953377ce,d80d1956e4dbe4bec13c655eb5e6820b,0,594,1085,2829,1085,2235
222021046e79b01d669dd03433f77905,8108980b4e7106fb18fa989f0c98a66a,1033,0,2012,2812,979,2812
a9acb512c476a1259655ee606826c687,267b7821fa614a24d0b90cb3fe19c8a3,2128,0,2800,3518,672,3518
b1d28aa8476cfd8669cb3d4512ad16c3,41dfce07eeb2624dc7b79c10468edc49,2035,633,2800,2739,765,2106
8b95d4fed394e3539228964f953377ce,947f8b2e0d54c589e23f045d78e6743b,1634,426,2800,2690,1166,2264
1c6912027a8d9e945f215bb9c8d151cc,4ccda5ad0fddbc17ea9f81fa296d9a34,0,0,1058,2840,1058,2840
8b95d4fed394e3539228964f953377ce,cdb40f5307db27339149639ffdf0e9d7,0,0,1100,2864,1100,2864
1c6912027a8d9e945f215bb9c8d151cc,d6b4def7067b4e316f71cdeb0b2368ad,1977,0,2800,2497,823,2497
1c6912027a8d9e945f215bb9c8d151cc,fb320110b0875c2c0256c985598abed6,0,24,1126,2782,1126,2758
796beae113580280c859d5f06e4adb6c,f919aa2fc561a1bc111be92aeb5e298f,0,0,1059,3136,1059,3136
796beae113580280c859d5f06e4adb6c,23e44b1734decf5d011964f409dd07b1,1825,0,2800,2434,975,2434
796beae113580280c859d5f06e4adb6c,8a1581846e394a70ec64b1895aa26226,0,566,1092,2728,1092,2162
1c6912027a8d9e945f215bb9c8d151cc,a6f9be186597323817bf801c24b04e3b,1818,0,2800,2839,982,2839
62579abf4156e5d52cd46c2fb3b85618,b71bf4badcea6b10ba0b1ab329c2ae45,0,358,1012,2569,1012,2211
4fad272ff3b0f4f90ab5fe475e7e7edb,29b10e2f59f5b8ae119f472d97a542da,867,0,2012,2312,1145,2312
4fad272ff3b0f4f90ab5fe475e7e7edb,f77d6c0f159289442db5bdb09ce28f56,0,0,1274,2262,1274,2262
62579abf4156e5d52cd46c2fb3b85618,a3b519fc984f1193c85ca9ba12411632,1143,0,2012,2366,869,2366
62579abf4156e5d52cd46c2fb3b85618,172e7bf688f1e2310296790e63238087,1095,158,2012,2353,917,2195
62579abf4156e5d52cd46c2fb3b85618,e7f4a681630c86be8abb7bd961f7822d,0,0,961,2510,961,2510
67c583072bca995eb941db4de6016f68,529cd035b66d9f47a157bb74398e06a7,0,294,903,2772,903,2478
fd95d3a7bd6692f0d5c1785a810b8e1b,263782bc79a73b7b77945bd5df0c1080,0,272,847,2635,847,2363
67c583072bca995eb941db4de6016f68,c5bb2f1740302df30ed73f4ccee2f46f,1132,212,2012,2812,880,2600
9a87788b839ce29934ddd8691407f695,5db1af7fbc5a20af4379c3fde5519440,1639,150,2800,3518,1161,3368
1661e2bdcd39e86c666fec4bdf182791,d018c249c36b8ba59d54a6759d4cda38,0,493,854,2800,854,2307
67c583072bca995eb941db4de6016f68,bb5e5b676ff6fb7cb53b51240faf2de9,1001,0,2012,2812,1011,2812
67c583072bca995eb941db4de6016f68,9955fb663565eacacb76f936b5c34ed3,0,0,1018,2692,1018,2692
1661e2bdcd39e86c666fec4bdf182791,8f8085144056fda42cb3ce312b5c4241,0,0,1106,3518,1106,3518
9a87788b839ce29934ddd8691407f695,41556f11a04b3b80889c2c930fc35d0d,0,0,1142,3149,1142,3149
9a87788b839ce29934ddd8691407f695,9ccbcb1dc6337f6177f70f03f6815c78,0,16,1100,2477,1100,2461
1661e2bdcd39e86c666fec4bdf182791,efbd566a200f7f38954bce233f80aada,1812,992,2800,3079,988,2087
d08c8945a30b6a8c84b4ae516d050604,3e87afa0f8da27f58d69338173dbbcf6,1297,711,2012,2812,715,2101
fd95d3a7bd6692f0d5c1785a810b8e1b,952512c7dc16d9742b1388fde1931595,2056,211,2800,2746,744,2535
4fad272ff3b0f4f90ab5fe475e7e7edb,647028a98b0af693ae8571787ff44109,0,0,1302,2812,1302,2812
1661e2bdcd39e86c666fec4bdf182791,32688133760a6cec823e80ec2d65b563,1582,0,2800,3518,1218,3518
9a87788b839ce29934ddd8691407f695,abc768a1067ab22cabeec2cf5ffd4fcf,1669,0,2800,3076,1131,3076
9899f1b0321377b9bd54621e7a8aa5ce,42def601a5c4b508b60afe9e7bfbe2c9,0,405,713,2470,713,2065
d08c8945a30b6a8c84b4ae516d050604,31b7ac12bfdae5f0a7b484464aaba81c,1152,0,2012,2723,860,2723
4fad272ff3b0f4f90ab5fe475e7e7edb,173cc0dd5b3b30bd187d16cfb25ddb73,709,0,2012,2812,1303,2812
d08c8945a30b6a8c84b4ae516d050604,a0a123efb74227d4aed49e35fe8ac089,0,628,884,2812,884,2184
8b95d4fed394e3539228964f953377ce,552d0443a7374d6ca44fb737cff4b0e8,1580,0,2800,3087,1220,3087
9899f1b0321377b9bd54621e7a8aa5ce,983a0100a7308690ecfe0374f9a9abb1,0,0,810,2581,810,2581
fd95d3a7bd6692f0d5c1785a810b8e1b,5932ed015e3122e0ecc59df507493494,0,0,914,3518,914,3518
c8a9e5e007552395b47a30658fcb6726,598ba932d28e4827554ca3c8228e708b,1955,354,2800,2356,845,2002
796beae113580280c859d5f06e4adb6c,b772961a4a1098100a373f70b1043d3e,1840,323,2800,2375,960,2052
9899f1b0321377b9bd54621e7a8aa5ce,efbf6fb2141ce9def079fb7863f3066b,1992,0,2800,3170,808,3170
9899f1b0321377b9bd54621e7a8aa5ce,a35f0d99bf24130b6cab79ee4c48aeca,2112,656,2800,2543,688,1887
c8a9e5e007552395b47a30658fcb6726,d0733afc8c187ada1425ed66d95f4006,2054,0,2800,2705,746,2705
c8a9e5e007552395b47a30658fcb6726,5848949b333795b90841b3dcc29b619f,0,695,839,2678,839,1983
c8a9e5e007552395b47a30658fcb6726,a6375663857573a976b508ce7662cc24,0,0,903,2557,903,2557
d08c8945a30b6a8c84b4ae516d050604,1602edb21b5e339d6173d362281006a6,0,0,997,2659,997,2659
2aec7874a1fcde52296a48f601f3f5d7,e62471038d6b6f4e1a352f712506b70d,2074,141,2800,3518,726,3377
eaa9289f25dab496732e483214986185,e58c87cc7aae41dc099eb67f93e73f29,0,450,1153,2635,1153,2185
2aec7874a1fcde52296a48f601f3f5d7,109e6ee587dd95b0257d39a09f0b6734,0,0,858,3518,858,3518
eaa9289f25dab496732e483214986185,45fedff1b686156052cc1a955ec76019,0,0,1207,2851,1207,2851
eaa9289f25dab496732e483214986185,b3e8dc0a8f64ce1b3e43f36bf7fce8ce,1694,409,2800,2587,1106,2178
eaa9289f25dab496732e483214986185,a2afe06269edbc809a383943b7959ca0,1724,0,2800,2799,1076,2799
2aec7874a1fcde52296a48f601f3f5d7,06831eb4b8eaf0abca4950f3fea56d7c,0,295,683,2748,683,2453
2aec7874a1fcde52296a48f601f3f5d7,9553a8f5e7e36b60e268996685d2348d,1972,0,2800,3518,828,3518
fd95d3a7bd6692f0d5c1785a810b8e1b,73e4317a57fc5fec6f4fb97854545d93,1870,0,2800,3518,930,3518
43a5db0fd868e525cf75aaf5d53a1863,03bef4f436b444b0f984705dd9fccb0d,1907,340,2800,2498,893,2158
43a5db0fd868e525cf75aaf5d53a1863,944ae44a56fe698b87f5b435c32b3769,0,527,697,2554,697,2027
43a5db0fd868e525cf75aaf5d53a1863,89282061ae3678109c627cc8e7b72506,1697,0,2800,3518,1103,3518
43a5db0fd868e525cf75aaf5d53a1863,493609b26e1341ce737a60b5b930a757,0,0,1021,2085,1021,2085
4fcc704a47aba7583ad1e426a20e8c95,2ee63bc96ea6979635add6de797cf15d,0,616,682,2526,682,1910
4fcc704a47aba7583ad1e426a20e8c95,da7935cb321a538d5571b91d2c921596,1971,0,2800,2377,829,2377
4fcc704a47aba7583ad1e426a20e8c95,9d4619419896f09a18eaeefe2acc5ae3,0,0,730,2780,730,2780
4fcc704a47aba7583ad1e426a20e8c95,32c8b2ad9998829384e2e9f42fc5e8da,2027,560,2800,2528,773,1968
044a47867bfce8cffd2dcc9209067640,8e8e174002a53e12c98c2c0451603486,1700,0,2800,3518,1100,3518
044a47867bfce8cffd2dcc9209067640,a0988f1f3ccf58063504b59eebd42ae7,0,0,1060,3518,1060,3518
bab17af07dd34f7b31656562cfc4cfc8,8ae263ee11c32571e079c633f01e5274,1381,0,2800,2801,1419,2801
044a47867bfce8cffd2dcc9209067640,f202992ef5d61a3750f504d26a706ec5,1873,366,2800,2610,927,2244
5b692d558d3cf442dea18db32ae9e3b3,29288f6fbb24e7c52cb2fe072f4f2b74,1940,407,2800,2495,860,2088
044a47867bfce8cffd2dcc9209067640,01ae070c541939acaed6f978fd9ceb14,0,477,1101,2825,1101,2348
e40b823436e86b4257917f258c24a87a,11e3797f9dc2b02fb6026fe376ef2d8a,1006,16,2012,2459,1006,2443
e40b823436e86b4257917f258c24a87a,fc96a2757e98d09bb57ed4d3a07730ab,0,0,1007,2300,1007,2300
d20e854e243eb765409347b523b5af8f,9be3ba5c18018eea5170ea4fdfb433fd,1616,463,2800,2679,1184,2216
d20e854e243eb765409347b523b5af8f,b9e0699d03f5f5e3ea93bb77b76290e7,0,22,1007,2394,1007,2372
e40b823436e86b4257917f258c24a87a,59aa52d8f31e0160df30d0cf501a111e,0,0,1122,2812,1122,2812
5b692d558d3cf442dea18db32ae9e3b3,3962e3aebd55fd4761f95d56579efe05,0,688,884,2788,884,2100
5b692d558d3cf442dea18db32ae9e3b3,e253e39bc61654df9d3472b63717c6ec,1799,0,2800,3298,1001,3298
e40b823436e86b4257917f258c24a87a,6ceb4652e62081e9013681238e62abcf,988,0,2012,2812,1024,2812
d20e854e243eb765409347b523b5af8f,d25402259fb7fe3b39470bfe84e937d2,0,0,971,3518,971,3518
d20e854e243eb765409347b523b5af8f,a3b4d863ffc8b5a97a278cf7b13f3212,1686,0,2800,3518,1114,3518
5b692d558d3cf442dea18db32ae9e3b3,cafa381deaf52c9b4bbcacfd36c8de5e,0,0,1051,3518,1051,3518
164569070b886396241499567b12e007,1e1cd544415538e17af5e5f320717aa5,2147,270,2800,2363,653,2093
164569070b886396241499567b12e007,b1fd8d592af5f7935ba749e22e527df5,0,478,834,2828,834,2350
164569070b886396241499567b12e007,4508818cbd2769993563ade4dc81d2da,0,0,761,3360,761,3360
bab17af07dd34f7b31656562cfc4cfc8,5edb8b6ac98233ad896741d6ea958bce,1425,370,2800,2571,1375,2201
bab17af07dd34f7b31656562cfc4cfc8,9e76284539204c7e83ff3cce7d69147a,0,533,1317,2944,1317,2411
b22312fca62863c5b888c162cee0ea82,9fc143f90916425ce9bdcc5da40ef399,0,781,771,2929,771,2148
bab17af07dd34f7b31656562cfc4cfc8,29ce9df80d949b606f58e5007460f37d,0,0,1427,2950,1427,2950
164569070b886396241499567b12e007,75b2f8d320156fbfc0083b96382c89cc,1995,0,2800,3518,805,3518
064741fa1cf1c410df6bd8cf69a64acf,32aee5744779b09f3d55c07435c8c9e3,1701,365,2800,3518,1099,3153
064741fa1cf1c410df6bd8cf69a64acf,92316f21d86294935b8e9b844dd659eb,0,0,1129,2459,1129,2459
b22312fca62863c5b888c162cee0ea82,5d8ca60dac7ac51af7e425300493014d,0,0,1063,3580,1063,3580
006f2e9cb3256c02fe82a7ff29af6260,8e22baa49decc916308b6b89191a49cb,0,368,814,2812,814,2444
064741fa1cf1c410df6bd8cf69a64acf,6450616fa854fa9d7a26d111e880792e,1762,0,2800,3429,1038,3429
b22312fca62863c5b888c162cee0ea82,98e29cc01925b92920fad7e75b96a177,1807,0,2812,3580,1005,3580
064741fa1cf1c410df6bd8cf69a64acf,bacd5fe5bd5f0628177c069a96c2aa95,0,515,1099,3518,1099,3003
b22312fca62863c5b888c162cee0ea82,b0bfc9a140e440dd8ca0098f8ce67408,1895,431,2812,2628,917,2197
006f2e9cb3256c02fe82a7ff29af6260,9c67560e601fe9ae14381396bf9a787a,0,0,896,2484,896,2484
006f2e9cb3256c02fe82a7ff29af6260,669855e0fcbf069c4de85d4586ad8e26,1119,0,2012,2412,893,2412
f08b74a705069100250477396b0cf505,4d977fc3fb517d59c311cfabbd5a8d79,0,0,1018,2812,1018,2812
f08b74a705069100250477396b0cf505,106f0bd4e6d49c26b0d6e31b76b0dcb3,1041,244,2012,2537,971,2293
006f2e9cb3256c02fe82a7ff29af6260,31d6582c2181ae91fc2369c5b20af417,1226,275,2012,2367,786,2092
72d177eae7c6b34a411341368f32ca5a,c171fed7a869e9cb41c9a10e7ee6f4f9,0,0,1173,3518,1173,3518
72d177eae7c6b34a411341368f32ca5a,b559926c7196a373fc1c8eff555044dc,1486,0,2800,3518,1314,3518
72d177eae7c6b34a411341368f32ca5a,5070efa435c6661ef1d0ecddfbb174eb,1722,500,2800,2804,1078,2304
72d177eae7c6b34a411341368f32ca5a,03234e390d3f2c9c07889e1687eafbb8,0,507,1133,2820,1133,2313
c110b0dc542236a0d347c917be7346e8,1234c0857f5eeef6e2e9b165302af1ce,0,500,753,2373,753,1873
f08b74a705069100250477396b0cf505,cea46dfc434e4e0eb85507fef1fdcd28,1030,0,2012,2812,982,2812
d3ab7757ba619de08a4bf9b678e9c50f,0ccd0ada959e253cc62ba601fd4f3b27,0,264,836,2812,836,2548
f08b74a705069100250477396b0cf505,4b5661cab1b40fd0023fa71e3eb494fb,0,295,974,2500,974,2205
c110b0dc542236a0d347c917be7346e8,dc28ce2bd0ec7095de40879b892adbc1,1911,624,2800,2538,889,1914
d3ab7757ba619de08a4bf9b678e9c50f,280a5c5551376ecb546ab50d66e640f0,1079,177,2012,2439,933,2262
d3ab7757ba619de08a4bf9b678e9c50f,0dc34a31756850c2006ef23ce96379e8,1070,0,2012,2812,942,2812
c110b0dc542236a0d347c917be7346e8,4795303ccce95d4a4ca85a46e94f0a02,1934,0,2800,3518,866,3518
c110b0dc542236a0d347c917be7346e8,51ebbb568ef8593532f2ea33ab8e261e,0,0,916,3397,916,3397
d3ab7757ba619de08a4bf9b678e9c50f,e98d4071be3c3e149377f7bf73971c2c,0,0,901,2679,901,2679
39d49e6cc9321e383f7c1e8acbf0f18d,53f238f09f83ca86ca928353a818a1b9,1655,0,2800,2664,1145,2664
39d49e6cc9321e383f7c1e8acbf0f18d,23557ee5f0ec2f6fc3551be8846d9eb5,0,0,1219,2619,1219,2619
4e0dfbc3c061e08446217286bcc97618,3b6e517b29cb76e5ede68dfae0e495e3,0,0,917,2499,917,2499
39d49e6cc9321e383f7c1e8acbf0f18d,af90b6c2a061fd687aac3dae6c9d4da0,0,343,1095,3518,1095,3175
eb04dbb45365e44321718285abb31196,fc5476880f106708c1895fa2388aa7a1,0,271,1084,2522,1084,2251
39d49e6cc9321e383f7c1e8acbf0f18d,d10bce59b45e077a698a52000f1bf1f6,1724,247,2800,3518,1076,3271
4e0dfbc3c061e08446217286bcc97618,0a70822ef8c5e6eae1d503cb40b79dfe,1891,0,2800,2608,909,2608
4e0dfbc3c061e08446217286bcc97618,6e0fa5e64e5a781a585081b43225e87a,1905,218,2800,2979,895,2761
4e0dfbc3c061e08446217286bcc97618,068ca95564b6363ad81e32775d1be92a,0,654,853,3518,853,2864
eb04dbb45365e44321718285abb31196,0aff3237ebedad3e5144749c0027ad41,0,0,1262,3394,1262,3394
eb04dbb45365e44321718285abb31196,bd52d8cc37c066d7d95c3bf978600037,1669,304,2800,3518,1131,3214
1da5e2e33cf1147ef5fb7460634e0ac9,9aceadca4ea6cfe47c24c3b9400ad870,0,505,1075,2666,1075,2161
1da5e2e33cf1147ef5fb7460634e0ac9,d2c2fea71ca39d864b953bc4c8d8ea38,0,0,1105,3093,1105,3093
eaffca1d93f249b54f4dfb6620060fb5,b60bdfac3c92d8864da5b669214a772d,1795,0,2800,3182,1005,3182
4151fe2bc12037bf80868c88df31ac49,7dcd1670f933566dc41fa9ef2556b9cb,0,0,766,2683,766,2683
eb04dbb45365e44321718285abb31196,cc0baf5e9adb230a1236606bd3fe6640,1582,0,2800,2911,1218,2911
aef8c41d60c9b5406d8297d4cf271610,4133e00d49d7fcf83ed9d2699d244f75,871,0,2012,2812,1141,2812
eaffca1d93f249b54f4dfb6620060fb5,87f492b1ef0b4090691311a40b81da6f,0,388,1066,3518,1066,3130
eaffca1d93f249b54f4dfb6620060fb5,91f8118d5aad4eaa03d93e7c125ef241,0,0,1125,3362,1125,3362
4151fe2bc12037bf80868c88df31ac49,7e96dc5247020a78ea6984c02db2f03c,0,544,613,2337,613,1793
1da5e2e33cf1147ef5fb7460634e0ac9,6e4448eaeab5fd0eb114a59553faae7c,1588,13,2800,2183,1212,2170
eaffca1d93f249b54f4dfb6620060fb5,83f37b208569bc724d74b84ff22e2d88,1844,457,2800,3518,956,3061
4151fe2bc12037bf80868c88df31ac49,57ed038044dbf9bf04c72f0c18fc5e3d,1360,330,2012,2232,652,1902
4151fe2bc12037bf80868c88df31ac49,305597c696ede4da3cb178c02b73b968,1223,0,2012,2458,789,2458
aef8c41d60c9b5406d8297d4cf271610,4e42356a2280d5806e85456760805727,0,0,1169,2419,1169,2419
aef8c41d60c9b5406d8297d4cf271610,d01c1451fd54bcbe34a42ffd21c25154,862,0,2012,2812,1150,2812
1da5e2e33cf1147ef5fb7460634e0ac9,c09132c25d096cb951dd2d99f29c8230,1657,0,2800,3518,1143,3518
aef8c41d60c9b5406d8297d4cf271610,bbe0cb3090aaa427d480633a1d797f81,0,0,1171,2812,1171,2812
404ac6d6156de7cdf64bda66bb4cce8d,cd41de7c46bdda8ad1c1c0a7660f888d,1564,642,2800,3068,1236,2426
404ac6d6156de7cdf64bda66bb4cce8d,432c1c087628a097e80599b6ac26f230,0,646,1293,3027,1293,2381
1719cc60274fbe4079b583055f122720,73bdc96b5d91b969b4ed831f707f9d97,0,237,968,2812,968,2575
404ac6d6156de7cdf64bda66bb4cce8d,9af982ff970a28aacd9c10dc76335498,0,0,1331,2825,1331,2825
41a549ca11fd70700aba9f3e7d2e8993,96c7f569ada76b2bad324fe063969d61,1950,555,2800,2758,850,2203
1719cc60274fbe4079b583055f122720,edcd21c023ef34df23667eeb7684705b,896,0,2012,2812,1116,2812
1719cc60274fbe4079b583055f122720,fc941e7b30fee3dd819efdaae54e76d5,0,0,1016,2812,1016,2812
404ac6d6156de7cdf64bda66bb4cce8d,5a15843d9872a83f04e582cd3973f75c,1538,0,2800,2834,1262,2834
41a549ca11fd70700aba9f3e7d2e8993,da4e88d37684bff63b8da4dd2517713d,0,0,911,2569,911,2569
41a549ca11fd70700aba9f3e7d2e8993,482c1dbdef7c392feddcbc51095d1fa4,0,514,887,2706,887,2192
06f019551577e1333af5bff7e905dde7,678744d9b9324bdc83fcdafb7f8355ef,0,0,1065,2889,1065,2889
f8d60470c0dc8cbb485c27161af97b37,c646ddd76e1cca5476daf3b2d7323a04,0,880,944,2701,944,1821
06f019551577e1333af5bff7e905dde7,342e4acfd693cb62c337727f755b6e37,1560,145,2800,2691,1240,2546
41a549ca11fd70700aba9f3e7d2e8993,7790fd63f539d48336f37600eadc162f,1898,0,2800,3001,902,3001
1719cc60274fbe4079b583055f122720,01ab7d919cb8e8e3059497c5c0535173,913,448,2012,2626,1099,2178
f8d60470c0dc8cbb485c27161af97b37,d1f0f4ce18ee0b88b622dbfa66e420bc,1965,718,2800,2511,835,1793
06f019551577e1333af5bff7e905dde7,8c1a1633d038e396901c7800a7b507f2,0,226,1136,2740,1136,2514
88585922214b8a0e67299918cfd8ccb8,788d0ef38768416b257e25fc51484750,1920,243,2800,2568,880,2325
88585922214b8a0e67299918cfd8ccb8,703ebb844d6ee76aa45182fcb4ff6048,0,707,807,2795,807,2088
06f019551577e1333af5bff7e905dde7,7054c1d9748e2732ca3b357a5c5a4e68,1622,0,2800,2637,1178,2637
f8d60470c0dc8cbb485c27161af97b37,475c56fa950be50f1bca61290ff7547b,2047,0,2800,2370,753,2370
88585922214b8a0e67299918cfd8ccb8,ccfbb6523bbe0a99f5099d480059d69f,0,0,787,3518,787,3518
88585922214b8a0e67299918cfd8ccb8,8e94633244db4614a444ec09167ee874,1943,0,2800,3518,857,3518
23c38263bced72cb6e694a16f6ce474b,80139c24f8622eeffd659c168ef48b54,1909,598,2800,2782,891,2184
ab95b780485ab3b6d94b34389e93e5c0,a592541d0b169e4e3df1bc542c2ce2ca,0,209,1246,2812,1246,2603
23c38263bced72cb6e694a16f6ce474b,117097f87ce848ad3b313d190f9a43ec,1938,0,2800,2604,862,2604
23c38263bced72cb6e694a16f6ce474b,b1b7fd3f9c7d17feb8af233a759d79e8,0,345,951,2597,951,2252
ab95b780485ab3b6d94b34389e93e5c0,b41dbbb8c8e231b8b94385a4605fe0b6,766,293,2012,2789,1246,2496
ab95b780485ab3b6d94b34389e93e5c0,104f115a21a1a61c7c1bd7a03ad8ef5b,754,0,2012,2812,1258,2812
ab95b780485ab3b6d94b34389e93e5c0,831fba81da7ed403800b7487697fcc12,0,0,1267,2812,1267,2812
c6f23971d313068ade793a06726cf04b,2b64c980da19d08922b1320ab2f41a2e,0,0,913,2984,913,2984
23c38263bced72cb6e694a16f6ce474b,9f2fe765da87b597eb6ab9c48107a8ac,0,0,876,2508,876,2508
f8d60470c0dc8cbb485c27161af97b37,d19f8d4d7ede12310fd9b93f95f60b13,0,0,907,2424,907,2424
c6f23971d313068ade793a06726cf04b,939bb7d4f9c4a3d101e96ce290d8e876,1963,0,2800,2737,837,2737
c6f23971d313068ade793a06726cf04b,45adb5bfaa047502ce9491260eaa319b,1898,510,2800,2738,902,2228
c6f23971d313068ade793a06726cf04b,7a625bcefa237d1bdd3e00c82a56e8e4,0,854,951,2797,951,1943
6d2fdcb8982f48434a48120c4ce2be38,ad8af399407ea3bf314b87f52f3dedb3,0,0,1061,2264,1061,2264
6d2fdcb8982f48434a48120c4ce2be38,7eb7977774681f1a56ad62d22b64465f,1132,0,2012,2425,880,2425
6d2fdcb8982f48434a48120c4ce2be38,b5a39a50b45454e41e5862f7e57f9746,0,0,1056,2387,1056,2387
6d2fdcb8982f48434a48120c4ce2be38,21143569239b61cd8bcf22ec9692f531,1085,0,2012,2812,927,2812
c09479cbb158ebbd70b8ba57ab71d228,a26d678999511f11a8d469d4a477bc38,995,0,2012,2064,1017,2064
c09479cbb158ebbd70b8ba57ab71d228,e316eee3b258c9a29ba33706b4f1110b,0,0,937,2287,937,2287
c09479cbb158ebbd70b8ba57ab71d228,702ccfe60133eaf6b26d8a390474706c,990,0,2012,2201,1022,2201
c09479cbb158ebbd70b8ba57ab71d228,31fe05be6d6920e0574d46b694ac8c5c,0,0,953,2238,953,2238
a7da4e33e9dbffbd450352fe7d0f033b,21f6628a9cea9c0a5b395f5462b4ad9e,1592,8,2800,2720,1208,2712
a7da4e33e9dbffbd450352fe7d0f033b,c563910a82230e6656de779b03d49f33,0,476,1198,2661,1198,2185
a7da4e33e9dbffbd450352fe7d0f033b,09cff760db2769d4706b492938770656,0,0,1130,3518,1130,3518
a07570ee79215f9233e976dab798e63a,0fb7d9f388e271189012763d0f7c83ff,0,0,912,3518,912,3518
308536f8365d96bde6c0b7985f159d58,0c61f5371c764ade78d3692e3338736c,1323,622,2012,2467,689,1845
b80e4280338ae6cf52408c5f43114d39,47e02e21af0ddd3b3c6f504b5d926b16,1694,0,2800,2840,1106,2840
b80e4280338ae6cf52408c5f43114d39,df2cdd5e8a0de11d018f0784a81f1989,0,356,1169,2717,1169,2361
308536f8365d96bde6c0b7985f159d58,101b9cfea6c5d39e8c750b05bb270393,0,0,685,2050,685,2050
0034765af074f93ed33d5e8399355caf,2aca993b3b6e2a32dddd170b00fd5e7d,1943,526,2800,2640,857,2114
308536f8365d96bde6c0b7985f159d58,c48bee48b22e8db29a12aa87ec5d5d34,1325,0,2012,2061,687,2061
0034765af074f93ed33d5e8399355caf,d39964544666ed08df9aa1e9e18d1262,1894,0,2800,2845,906,2845
0034765af074f93ed33d5e8399355caf,68f09c18925a66ef2840d4a62f237b31,0,826,903,2817,903,1991
a07570ee79215f9233e976dab798e63a,1b005bfeb3ea33f972c930fa12c1edb1,1889,0,2800,2416,911,2416
308536f8365d96bde6c0b7985f159d58,adcb8fb588785812d4b3ee420c63f908,0,469,661,2150,661,1681
a07570ee79215f9233e976dab798e63a,a43ce46655b24f0a8353c589e0a6e484,0,401,807,2438,807,2037
a7da4e33e9dbffbd450352fe7d0f033b,3f08f024fc7c33a4024974d2d7afef4a,1565,0,2800,3518,1235,3518
1c4e4e58044240277b88473ec11e0234,180cf999b76e38490e72305bde577dd7,945,337,2012,2461,1067,2124
a07570ee79215f9233e976dab798e63a,80d7b12634464995d7a25a6e7dc11de2,2005,432,2800,3518,795,3086
b80e4280338ae6cf52408c5f43114d39,e3ba831628c057a62568e89e8dfdc233,1647,554,2800,2884,1153,2330
1c4e4e58044240277b88473ec11e0234,9b2ffd44032db31efe29386b42f189d2,0,187,1041,2292,1041,2105
27898c06c38f8cd3e8f66f35c053aa68,daefe73c0200187db75d25d930862d1a,0,615,884,3017,884,2402
f17853374f670667b1b91d23946d6138,a4106cb7f648607e2cae4d85071a6b51,0,838,973,2572,973,1734
f17853374f670667b1b91d23946d6138,959607c17adc0f722b6a8322fdbd109f,1852,703,2800,2465,948,1762
27898c06c38f8cd3e8f66f35c053aa68,e66c9c470868674cde917f6c6623543a,1902,346,2800,2640,898,2294
1c4e4e58044240277b88473ec11e0234,11d850eda984b3633aef000d82f8becb,0,0,1107,2295,1107,2295
f17853374f670667b1b91d23946d6138,507fbc2f3ec70540b947c732c47f2767,1913,0,2800,2463,887,2463
1c4e4e58044240277b88473ec11e0234,2e819d4da545507cfbb2d3aff661b57d,910,0,2012,2311,1102,2311
0034765af074f93ed33d5e8399355caf,b664cf1e7c968896144a3a2005cd3eb4,0,0,882,2829,882,2829
f17853374f670667b1b91d23946d6138,4366e0ac82e725a9e287d3d478ad79c7,0,0,891,2566,891,2566
be4c855caa6dc9eb789ea7e8c112b9cd,361fe870f2bebf1c843deff92e1ceb7a,1846,303,2800,2333,954,2030
be4c855caa6dc9eb789ea7e8c112b9cd,4225f46d0ca2497ed7278a6d9c622c04,1864,0,2800,3018,936,3018
27898c06c38f8cd3e8f66f35c053aa68,2d4bbe5848c99a21fcbe139a9f67e684,0,0,970,3157,970,3157
be4c855caa6dc9eb789ea7e8c112b9cd,a04a997a20a3e2d9fcaecd2a53df6aa1,0,0,945,2748,945,2748
b80e4280338ae6cf52408c5f43114d39,a583703c9fe37a22b35fd49d69ee897e,0,0,1067,2813,1067,2813
833dc428ac55ef017ea9d238cc9a841b,4194f7bebded1387dd9356a058b6a467,2273,433,2800,2057,527,1624
833dc428ac55ef017ea9d238cc9a841b,c66a8c986ee7f14908f6ce97bcb12a87,0,598,674,2365,674,1767
833dc428ac55ef017ea9d238cc9a841b,1966916e0825ec690dd32e51f30714e0,0,0,713,2739,713,2739
833dc428ac55ef017ea9d238cc9a841b,dc1e76ef949276ed5d46aceb4eaa4ab9,2076,0,2800,3518,724,3518
27898c06c38f8cd3e8f66f35c053aa68,3076e8813b029e7f8307957d9e627b47,1776,0,2800,3518,1024,3518
12c7e26a1992f0ef15a890db35c0990b,7cbb906c57d89a67ba4bcc9d239ecde4,2162,624,2800,2503,638,1879
12c7e26a1992f0ef15a890db35c0990b,ea7e8444f14da341a7cd4ea02460ba6c,0,819,765,2835,765,2016
12c7e26a1992f0ef15a890db35c0990b,0e16ad5ed9daf3fbb041c95afc196f81,1988,0,2800,3444,812,3444
231b962691c93c4301c2d29aa7aed4b9,2fec76bfa410c12e92f9d7c2cbf66320,0,785,1002,2905,1002,2120
be4c855caa6dc9eb789ea7e8c112b9cd,07f1d503164d2534ac5865e837a1eb08,0,647,890,3518,890,2871
231b962691c93c4301c2d29aa7aed4b9,4b71cafec8bab4c2e885e06901693a4e,0,0,1028,2441,1028,2441
231b962691c93c4301c2d29aa7aed4b9,41add31d62c379ac30a8b9c57f30bdcc,1667,0,2800,3024,1133,3024
61f8f7f89e12537e87a34edcd751f39c,0439375365bcb21da3eff31ec34cea91,0,791,667,2845,667,2054
231b962691c93c4301c2d29aa7aed4b9,870664a295d84ea815105b8c948727d3,1700,508,2800,3518,1100,3010
12c7e26a1992f0ef15a890db35c0990b,bd4c8c44471316fd3707c6e9598d596c,0,0,855,3471,855,3471
61f8f7f89e12537e87a34edcd751f39c,87775a745fe00720811c2f6f20e0fe8c,2089,515,2800,2642,711,2127
61f8f7f89e12537e87a34edcd751f39c,e15affe34fa2ef91a1a317f53f60506c,2055,0,2800,3262,745,3262
61f8f7f89e12537e87a34edcd751f39c,910d273a716bf47f0b4829ee5d3140a6,0,0,757,3518,757,3518
903da61442e93f144b0aba6321d56ae7,8a8c0d2a9176ac265be59f232bab5dc6,2319,890,2800,2606,481,1716
903da61442e93f144b0aba6321d56ae7,204cf254cca42fe8f8b349946a09df8c,2055,0,2800,2372,745,2372
903da61442e93f144b0aba6321d56ae7,0c2953152dbb27e3e94232ae2fdd7ec8,0,503,553,2492,553,1989
c482f2b26a75eef3af0822f79e944ec6,ecf3e1acbf1f692b1f0663dc745347e8,2019,664,2800,2706,781,2042
c482f2b26a75eef3af0822f79e944ec6,d6f32655ee9527bd0bb8a1a2a1a39cc5,0,724,835,2796,835,2072
c482f2b26a75eef3af0822f79e944ec6,3cec8d5947e6dccc2084c9ac8c354244,1980,0,2800,3518,820,3518
903da61442e93f144b0aba6321d56ae7,1a16d913adbdc4792a9f9ddd041d20d8,0,0,719,3518,719,3518
c482f2b26a75eef3af0822f79e944ec6,e44c7582127d303fc5ccac1349f5467d,0,0,780,2441,780,2441
e72936f8d1ed4502f994365cdf38a12e,873ab15ec29cd51a27d104be8947aec9,0,0,1046,3016,1046,3016
e72936f8d1ed4502f994365cdf38a12e,bb0b2baa47fd2d18a435cbaccdcf4fdd,0,634,917,3518,917,2884
e72936f8d1ed4502f994365cdf38a12e,1bc3a91ec6aa2715d394cd43e29ea1d2,1901,654,2800,3518,899,2864
99ac551fa334e084e4bfc8c67b9523e0,943beddaf62edcc3b4ef54361dc0e4f5,0,590,937,3518,937,2928
99ac551fa334e084e4bfc8c67b9523e0,12be695cf464657003c639f2e8dd89a8,0,0,1615,3518,1615,3518
99ac551fa334e084e4bfc8c67b9523e0,45d57a0d021719d38f394454ecce6748,1814,0,2800,3227,986,3227
e72936f8d1ed4502f994365cdf38a12e,f52e01271411aabc970194f95022f6ed,1886,0,2800,3070,914,3070
216f53d71b046d5d8a74d988fb81473c,dd9ceee6d2ceb5b01fbd0f24fa1bd5ec,0,0,871,2478,871,2478
2b8d22b0a038af6d741242bdfde031f5,4caa8169e9436c2fe18e0a8203240ea8,0,449,1119,3518,1119,3069
216f53d71b046d5d8a74d988fb81473c,441ff3fb6f627cd7a75485c82407708b,0,486,883,3518,883,3032
216f53d71b046d5d8a74d988fb81473c,a49f5832671645bc51d1cddc219b7ae9,1865,550,2800,2642,935,2092
2b8d22b0a038af6d741242bdfde031f5,0aa1fab98eb133313edfcaf7565ccd5d,0,0,1221,2485,1221,2485
99ac551fa334e084e4bfc8c67b9523e0,69f48fa47162766277cd29fbd229be71,1888,571,2800,3518,912,2947
216f53d71b046d5d8a74d988fb81473c,4f73f82a7ed6edbbe57be6f3d4544d52,1859,0,2800,3198,941,3198
2b8d22b0a038af6d741242bdfde031f5,0043f4c6dcef03411ff40149e1a7db3a,1590,443,2800,3518,1210,3075
b0c3ef2402f637208b14711ba554ee75,8c8d5df02d515de8da3973bf0eb168de,0,0,1084,2357,1084,2357
b0c3ef2402f637208b14711ba554ee75,a7a55456adb3adc9f794d5cd4ec40ea2,0,807,1121,2655,1121,1848
2b8d22b0a038af6d741242bdfde031f5,5e26732214615ba9f98b2085a42322bd,1522,0,2800,2547,1278,2547
b0c3ef2402f637208b14711ba554ee75,d77708af42b30bd2e8bf2f3569f86aeb,1820,906,2800,2692,980,1786
b0c3ef2402f637208b14711ba554ee75,b826dcb0a77fe97cd3b6758b94dfdd12,1736,0,2800,2291,1064,2291
612633889442391adcd687525cc652cf,7c3a061330d7d1055e93a2521be497c2,2050,0,2800,3518,750,3518
612633889442391adcd687525cc652cf,a3efb306ab431da0506ae3e20ac7d480,2187,473,2800,2795,613,2322
371263f0f6a6eb61134203bf44190a5f,7027460adcb21b8a9aae23ff690e10ca,0,272,736,2104,736,1832
371263f0f6a6eb61134203bf44190a5f,9e278ff721ed613a00342cc79e23acb0,1311,0,2012,2636,701,2636
371263f0f6a6eb61134203bf44190a5f,7d25702ed8c6b399b588a8e461c04d71,0,0,755,2812,755,2812
612633889442391adcd687525cc652cf,8b816c9243106695f025a013c339b3a8,0,282,665,2467,665,2185
612633889442391adcd687525cc652cf,7f506746a5d1bc7369197f43ee90d8f4,0,0,689,2488,689,2488
371263f0f6a6eb61134203bf44190a5f,6d7fa2b0042d03be41843c68b5ae3d75,1390,690,2012,2548,622,1858
45116d47a658b74e0f7295812ca6a3cf,b9a46e459fa4896c5b3c3c4f47c7a878,0,306,1081,2465,1081,2159
45116d47a658b74e0f7295812ca6a3cf,78c64640210cdd1aebc747142a4816bf,0,0,1160,3518,1160,3518
be4341c9244a5968a8c485279707960f,7da65b55a10ecc5ae856f8a1a3fcc3fd,0,528,841,2529,841,2001
45116d47a658b74e0f7295812ca6a3cf,1e4b84f8526d48c59d7b8c033ec81e01,1658,0,2800,2396,1142,2396
45116d47a658b74e0f7295812ca6a3cf,05d52fd525eeaf70c526e71fd941906c,1609,0,2800,2682,1191,2682
be4341c9244a5968a8c485279707960f,bceb0f98200e9615ca5dd42e247f3a49,2036,682,2800,2673,764,1991
821869e8a602240f49a8fea508db68c1,e5137281cd8fb129df7cafee8fffc647,1965,256,2800,3086,835,2830
821869e8a602240f49a8fea508db68c1,1a37e5524d59477fbf10b040709767f6,1891,0,2800,2824,909,2824
821869e8a602240f49a8fea508db68c1,aacdcf2c28410463b4b5a8997145489b,0,724,888,3289,888,2565
821869e8a602240f49a8fea508db68c1,23882a403cd35e9963a24c4438361e87,0,0,968,2414,968,2414
be4341c9244a5968a8c485279707960f,3353a1bd7f901b40adeda23bc44f5eb8,0,0,841,3518,841,3518
26bd36de50c5b63184fa678db5239f80,a2207ec82ba56d5daf1f60692339f685,0,481,556,2601,556,2120
26bd36de50c5b63184fa678db5239f80,7696645c4f8fb39a4e6c6f5ad6476a7e,2151,720,2800,2707,649,1987
be4341c9244a5968a8c485279707960f,9b26992e2c490af30e53b001ae17e52b,1932,0,2800,3518,868,3518
26bd36de50c5b63184fa678db5239f80,5c5e95ffed58cd8e01adbc8328b29556,2026,0,2800,3512,774,3512
26bd36de50c5b63184fa678db5239f80,c36f80af43d13401a4c46098b9617f99,0,0,690,3455,690,3455
c6f3f879307747f71bf8571e213f2d0e,1f09a17affa0fb4a72acacbb47a15421,0,481,731,2548,731,2067
c6f3f879307747f71bf8571e213f2d0e,0c07dc2b08b1487d45eaca8a16ff8bfe,0,0,775,2499,775,2499
c6f3f879307747f71bf8571e213f2d0e,b808f78666f102324600c9f284d13f2c,2035,0,2800,2628,765,2628
c6f3f879307747f71bf8571e213f2d0e,7c9856ddac134587fdcb23ced8ac8f21,2053,531,2800,2491,747,1960
411ecab4961397fd94fbab7a3953a2c6,87174569f5043f5796a3e9f0bd3f03e4,0,0,939,3241,939,3241
411ecab4961397fd94fbab7a3953a2c6,7f0f8c61132b1994d9448dbfe4d153e5,0,575,766,2771,766,2196
411ecab4961397fd94fbab7a3953a2c6,24718fb1619ad29d98d6ef327333784c,1784,0,2800,3518,1016,3518
411ecab4961397fd94fbab7a3953a2c6,181506a46d32492ed549769e03b0b49e,1954,474,2800,2695,846,2221
835c0e15639c8fa45e5c402cdce64ecd,7c5e2d7acc363db827eb2f31439c9c4c,0,0,777,2576,777,2576
835c0e15639c8fa45e5c402cdce64ecd,9cc9a714b888254f16a36adadeb96038,1099,0,2012,2411,913,2411
c4ffbbdc2611be8aea51a2cf8a4a7a5a,acf2e8e430f9288f9b32faf0c4a71735,0,0,1266,2274,1266,2274
835c0e15639c8fa45e5c402cdce64ecd,2923806e4525315cb7e7a2c3ec034c46,0,43,838,2406,838,2363
e91fa7b1fbd3cf2264b4e3175ecee96e,5469e73e5b78e3323ad3156e2ad33cd7,0,464,1254,3518,1254,3054
e91fa7b1fbd3cf2264b4e3175ecee96e,eb2b4e74e2f681ff056e7facfea30928,1596,451,2800,3518,1204,3067
e91fa7b1fbd3cf2264b4e3175ecee96e,11a4285fb868787ff353b5ec31dfbdf4,0,0,1262,3518,1262,3518
e91fa7b1fbd3cf2264b4e3175ecee96e,2ab708c498372359e90545e794be1793,1545,0,2800,2692,1255,2692
5babce4b963ba18124477ce11d284ac6,b0251c254808b8d6de51d69952fb35d0,0,0,925,1991,925,1991
5babce4b963ba18124477ce11d284ac6,1f4fb6c038caaae9d00d4cd5387de5e9,1917,848,2800,2930,883,2082
5babce4b963ba18124477ce11d284ac6,3fde15ab69283b96c1c24538427e7212,0,484,673,2473,673,1989
c4ffbbdc2611be8aea51a2cf8a4a7a5a,20547dd7d544cbe0b9d0b7521b2b9873,894,0,2012,2373,1118,2373
14a63118d94643a3d65b32039a20b351,1d66347d2b84fc402e2c2e65372180c0,2025,678,2800,2584,775,1906
5babce4b963ba18124477ce11d284ac6,1f2a0fcf534d8a93502a4969db4ee555,1898,0,2800,2315,902,2315
99085bcdb4fbd92dcd402e3a2674834f,9c471fcde9295c8ece4056571497b6a7,1984,722,2800,2744,816,2022
c4ffbbdc2611be8aea51a2cf8a4a7a5a,d279b8b39c3d9953bd09f9b8c785d9b2,902,0,2012,2812,1110,2812
14a63118d94643a3d65b32039a20b351,00857417d07096982013956033da1f75,0,818,832,2824,832,2006
14a63118d94643a3d65b32039a20b351,2311c127704c6b0cf325d4da697d2b26,0,0,852,2779,852,2779
c4ffbbdc2611be8aea51a2cf8a4a7a5a,f2d252f3dd07deec3a8be6d927d3b623,0,559,1041,2812,1041,2253
637022ad03e694da1d8f69550e6d38f0,f019726318cc1f7ab98ae646583d8895,0,860,850,2930,850,2070
637022ad03e694da1d8f69550e6d38f0,0d0826dc6e633a7729ea56fa7390c508,0,0,910,2652,910,2652
835c0e15639c8fa45e5c402cdce64ecd,c3cacecd9109fd46aaa2bf6ee95c3050,1079,0,2012,2812,933,2812
99085bcdb4fbd92dcd402e3a2674834f,8f871275ccff166e2ebc012ed7143e1b,0,370,831,2581,831,2211
4ddceebb159e68ed5bebd92db4011110,25df4d8674729edfad3d6022f19368df,0,0,839,2585,839,2585
4ddceebb159e68ed5bebd92db4011110,ab2530f7bb7342f08e41a13fef61ea97,1931,70,2800,2574,869,2504
99085bcdb4fbd92dcd402e3a2674834f,92c3da04cca7a3c5628f3ff0559ad15f,0,0,946,3518,946,3518
14a63118d94643a3d65b32039a20b351,613b5e93cf7503b69d32b607c5fb878c,1907,0,2800,3391,893,3391
99085bcdb4fbd92dcd402e3a2674834f,bf3d613f9a8e370c6cb0e829bdae8554,1845,0,2800,3518,955,3518
0131669b757c04bed932969a594a32b0,ead31c71e819823fd073492995e4fc1f,1283,165,2012,2353,729,2188
0131669b757c04bed932969a594a32b0,7472fefcaba6333dca144e9196690adc,874,0,2012,2587,1138,2587
0131669b757c04bed932969a594a32b0,8cf51fb132f323fc9e77bd0fcf56f884,0,187,877,2812,877,2625
637022ad03e694da1d8f69550e6d38f0,c64ae9c18c1d624f869a1e05d79a104f,1942,387,2800,2589,858,2202
4ddceebb159e68ed5bebd92db4011110,fedd3f6457253acf64cb7847d19d8845,0,0,762,3518,762,3518
26571f2d2c8cc89e30059d05b4cabb1a,0b873faadf6723e422e7ad7c1accc7c0,0,0,819,2483,819,2483
26571f2d2c8cc89e30059d05b4cabb1a,da685aaff3936690ba8b2a3ad1029616,0,205,655,2085,655,1880
4ddceebb159e68ed5bebd92db4011110,e0b7f2621f6a788c0a2c985ac5e8ce03,2004,0,2800,3518,796,3518
26571f2d2c8cc89e30059d05b4cabb1a,cbe3a7e8bdf79da6c31a817ebe55a439,1101,0,2012,2278,911,2278
145927026debdaedb04126ab0f182f4e,80a19174eea887c90779fc040405258f,1939,1031,2812,2893,873,1862
145927026debdaedb04126ab0f182f4e,8a07f62d2a4e37f9d78ce7d1d6cc7bef,0,0,911,3580,911,3580
637022ad03e694da1d8f69550e6d38f0,1429cad6a57923492ba2a43ca383cc4c,1926,0,2800,2842,874,2842
26571f2d2c8cc89e30059d05b4cabb1a,1c99d4b4681192db4786f34f0b73281f,1305,301,2012,2336,707,2035
57d39c708397e495d814ba62b84bd784,79d514421439c586a82b35497449b2ee,0,530,1246,2841,1246,2311
57d39c708397e495d814ba62b84bd784,8b9628c0ba7a45c175d53a27453e571a,1644,436,2800,2889,1156,2453
57d39c708397e495d814ba62b84bd784,0a3de032c4e2fc996de56f27912a404f,0,0,1254,2754,1254,2754
57d39c708397e495d814ba62b84bd784,01d469ab8f60dda538776c0e1af305ae,1625,0,2800,3518,1175,3518
145927026debdaedb04126ab0f182f4e,3249215304caf281062d80f4b3798634,1638,0,2812,2930,1174,2930
e73f90a9d1b5a67ae332508d7449643c,742b01c15313bd1197e27c4ccd63dced,1908,686,2800,3518,892,2832
e73f90a9d1b5a67ae332508d7449643c,0c4f887aeeae10ee09a110f9f315b9ee,1823,0,2800,2783,977,2783
e73f90a9d1b5a67ae332508d7449643c,3003a43c012e3e7c754151b4b578f90b,0,0,945,3518,945,3518
e73f90a9d1b5a67ae332508d7449643c,99d781b9baba5d5efe88149ed8241dd9,0,171,1042,2590,1042,2419
ef267f9f9964bd6c217c5861a8f5ff0a,993eb4cc4cb86575d58f8842b3fe61fd,0,642,1047,2925,1047,2283
ef267f9f9964bd6c217c5861a8f5ff0a,4c84d2c0bf07743ea9146ba9c31eaa13,1807,543,2800,3518,993,2975
0131669b757c04bed932969a594a32b0,da276f01f19f316503454f86dfff2fad,0,0,1231,2812,1231,2812
87bfedb4194dd4718c9c5620b1e30a62,06cfa09b11021df15403f15f0493efbf,1787,0,2686,3580,899,3580
87bfedb4194dd4718c9c5620b1e30a62,623630b28897c084469636cd9da1179e,0,0,989,2351,989,2351
ef267f9f9964bd6c217c5861a8f5ff0a,5c0e398148f00acdc82c870a9751fcb0,1757,0,2800,3518,1043,3518
87bfedb4194dd4718c9c5620b1e30a62,19749828e7b86e25a87e9ffc0369392c,0,0,1052,2556,1052,2556
145927026debdaedb04126ab0f182f4e,044871fcc0dda40a47d15e694f4abbd6,0,742,851,2748,851,2006
87bfedb4194dd4718c9c5620b1e30a62,7da83b634288a47c68dc74086267c2d1,1756,0,2718,2675,962,2675
ef267f9f9964bd6c217c5861a8f5ff0a,e3fec15f97e1d6dc51716e8d54dd6dab,0,0,1024,3518,1024,3518
a52ad124b96e712ffcf7d64fabd239f5,ff53d918a2543fc38c7e58f6fb5a5efc,2012,27,2800,2414,788,2387
e346a2c343e4df4b9b7ef2fbde740088,4b0a1eb5fd2ae902a6902a6058d49f0d,0,605,667,2606,667,2001
a52ad124b96e712ffcf7d64fabd239f5,0541bd86cf0ab3e428261a396f73a2ed,0,0,977,3518,977,3518
e346a2c343e4df4b9b7ef2fbde740088,2651bbd35e26f8800191df583b127cea,2095,853,2800,3518,705,2665
a52ad124b96e712ffcf7d64fabd239f5,3e11c14aeeb5b6bbae4691313076512d,1932,0,2800,2967,868,2967
e346a2c343e4df4b9b7ef2fbde740088,18bcc94feefa25f18b485c029887f8bb,0,0,776,3518,776,3518
a52ad124b96e712ffcf7d64fabd239f5,7503b443160bc5a0e0a628118607d8d5,0,844,805,2980,805,2136
e346a2c343e4df4b9b7ef2fbde740088,4938baa7b513e7fd5073306efc58191b,1963,0,2800,2883,837,2883
217dbf17912040805b4121ed9453c3b9,30f70021e58b429fdb51705b86d3fa0c,1584,0,2800,2830,1216,2830
217dbf17912040805b4121ed9453c3b9,e27ed8c89c7da67e40a76b91c6eee419,0,0,1240,3518,1240,3518
94612b45934b88cd135356240c59e167,4a622a3ceac2bcbc2edddb4c2eca3a08,0,647,906,3580,906,2933
51c53a8a5656478ed2c0f2cc8bfbda99,e38fc71c7eb70daa5d1b5650cd57af48,1983,855,2800,2863,817,2008
6f2cd8de00e3b72b4ce264e17f3b86dd,02bb56abacbecd1df58d7edf6b6bc9ed,0,0,955,2420,955,2420
6f2cd8de00e3b72b4ce264e17f3b86dd,8c91eee08e176db7266c20c91ea084fb,1857,0,2800,2901,943,2901
51c53a8a5656478ed2c0f2cc8bfbda99,f3ecf05e0dab863794e6c4b3a141007a,0,0,946,3518,946,3518
094f43a5547f064caa95e2f160609904,6b12b6172d3d02040bf6722a8c5df5b0,1743,0,2800,3518,1057,3518
94612b45934b88cd135356240c59e167,e4d6e2ff84a093cc253f4bfc791be8c1,1815,662,2766,3550,951,2888
51c53a8a5656478ed2c0f2cc8bfbda99,2fd75cb1c52fefcf0a119a62be6d67d2,0,857,859,2863,859,2006
094f43a5547f064caa95e2f160609904,42cba3d1100382bea99ed01f786c0a08,0,0,1000,3458,1000,3458
6f2cd8de00e3b72b4ce264e17f3b86dd,5c22b92f3b86189a8b1dde91aa7edc5f,0,384,898,3518,898,3134
6f2cd8de00e3b72b4ce264e17f3b86dd,02009a42ed7962b0d9e3e4f93e91d847,1945,382,2800,3449,855,3067
094f43a5547f064caa95e2f160609904,2e859307c1bb9b5e1fff7a8c383da0e4,0,573,885,2775,885,2202
94612b45934b88cd135356240c59e167,ef0fdbbfc5ebd7f5e2c8ea544b3cc357,1720,0,2782,2855,1062,2855
094f43a5547f064caa95e2f160609904,c86f4be390b428130618f25e258609b2,1863,314,2800,2601,937,2287
e5da95968dd638ddcea71a83eec7f66c,a496fc7bcd3dbeef6c24d7f8fef08f35,1986,0,2800,2576,814,2576
94612b45934b88cd135356240c59e167,a8580b714a516f63a1361c36c1ba9491,0,0,932,3388,932,3388
217dbf17912040805b4121ed9453c3b9,1f4905d08a4a71d7791c775fcde2014b,0,390,1053,2893,1053,2503
217dbf17912040805b4121ed9453c3b9,27bd35ae3fd2d10cb0ac7294983b2af8,1748,284,2800,2711,1052,2427
e5da95968dd638ddcea71a83eec7f66c,f3029f7269eede123009214a2389956e,2021,506,2800,2364,779,1858
3aa7fced0c740ba7556ed375dd0a2635,8eb7c5b36a0aaf26af35ff6c64b71f94,1896,572,2800,2568,904,1996
6adbb464cba25c728e2d6c29ee9ee1bc,e3c9a033e2907fca3d3cb7bbeeb21cd9,1744,0,2800,2672,1056,2672
6adbb464cba25c728e2d6c29ee9ee1bc,61011298c6e252a8700582964a6e97fa,1809,390,2800,2996,991,2606
e5da95968dd638ddcea71a83eec7f66c,1062f551ed8a40d1327211bf26bf6cef,0,0,795,3311,795,3311
51c53a8a5656478ed2c0f2cc8bfbda99,7e4f08934cfce5ffbc777924257164a6,1775,0,2800,3518,1025,3518
3aa7fced0c740ba7556ed375dd0a2635,5bd4210cb1e67889a8169ffc84cb78eb,1899,0,2800,3106,901,3106
6adbb464cba25c728e2d6c29ee9ee1bc,1edfbc7b48a507046042a9961755af6a,0,187,1093,2959,1093,2772
3aa7fced0c740ba7556ed375dd0a2635,dd98cd3ba14d674b595498863c6254bc,0,774,924,2706,924,1932
3aa7fced0c740ba7556ed375dd0a2635,ec7a30c2916af70f10464003629ace33,0,0,921,3361,921,3361
e5da95968dd638ddcea71a83eec7f66c,0cb49a1b8fd702818ab50b968da34bbf,0,536,835,2570,835,2034
678c0ea7dfd41c3e5b45219171d69d75,cd3d3431f3331d5e2070be7610f22434,1776,0,2800,2912,1024,2912
6adbb464cba25c728e2d6c29ee9ee1bc,33d123472ea84c61983346e9f9b31e53,0,0,1111,2446,1111,2446
f9cb9e43eba215d149013eea9c2e2ac3,cc1bb6f990cf7c0d3c44b8b10fdbd968,1142,0,2012,2291,870,2291
523082bc2eed932d4ba662a8ea3efdf7,172666ff3e75c21b1894ec9b41542788,0,671,826,3518,826,2847
2abd91769cad6d5ce1b20c578545b514,70da311b46c7ad52733835291b651d72,0,310,952,2781,952,2471
f9cb9e43eba215d149013eea9c2e2ac3,92b856c4c70ab0e42f2e0a5666d088dd,1279,182,2012,2088,733,1906
2abd91769cad6d5ce1b20c578545b514,b4f664078b36292b60aafbe7c649322a,1853,342,2800,2535,947,2193
f9cb9e43eba215d149013eea9c2e2ac3,159a37473f43072c2dc27f4361b3c60a,0,713,780,2812,780,2099
2abd91769cad6d5ce1b20c578545b514,f294c8dbd9ddb3b393a8eed9c3e75da7,0,0,955,2833,955,2833
523082bc2eed932d4ba662a8ea3efdf7,d6904ac44b967236b22b763bedf02040,1950,257,2800,2455,850,2198
678c0ea7dfd41c3e5b45219171d69d75,8b0da4e332c859f6252b3e1ba2504a20,1745,535,2800,3362,1055,2827
523082bc2eed932d4ba662a8ea3efdf7,f3f0cc24ecd570233033894956a735c1,0,0,955,3518,955,3518
678c0ea7dfd41c3e5b45219171d69d75,db5e5d6201b19c24f81d3d6fcce7be57,0,390,968,3114,968,2724
2abd91769cad6d5ce1b20c578545b514,a719ad1fef95f94554a6723554ff6172,1777,0,2800,2953,1023,2953
8ba520e5c017438cc885ee3eb0c2d305,6b40353117a4fab92dc0b1e1645c5f04,1285,231,2012,2064,727,1833
523082bc2eed932d4ba662a8ea3efdf7,8cb496ea05e09b813ebfffc650d6303a,1858,0,2800,3518,942,3518
f9cb9e43eba215d149013eea9c2e2ac3,304745c712719299830bfb10471876cd,0,0,876,2812,876,2812
678c0ea7dfd41c3e5b45219171d69d75,40f3307c6400aad24f38b4ba538968cf,0,0,994,2879,994,2879
8ba520e5c017438cc885ee3eb0c2d305,bb1b8b47882f835bd3bd0a7eaad510b0,1247,0,2012,2812,765,2812
d205ddf8c698a37853c7b91834435996,4836c7f2c6bc1088fd72f6070fdf369a,0,627,777,2640,777,2013
04efe65df0c93da03988008ab4c2f4e7,920c6f0e8ff161e258f2564fb821bb95,0,161,839,2182,839,2021
04efe65df0c93da03988008ab4c2f4e7,28fcca08d4bd33fd69dc49113431729f,0,0,726,2417,726,2417
d205ddf8c698a37853c7b91834435996,3975ca9a3278ab7c4e558287d216ec40,2027,0,2800,2378,773,2378
d205ddf8c698a37853c7b91834435996,75426453a965b8b9aa05298ec70d1f7d,2070,0,2800,2781,730,2781
d205ddf8c698a37853c7b91834435996,b96411c63196e8666e6f06c58491d65d,0,0,784,2293,784,2293
04efe65df0c93da03988008ab4c2f4e7,d268724b84ff32c779b2ae2bca2b96a7,1145,0,2012,2302,867,2302
504fc0fbb1d2a580578edd73d0491da1,ebb3932500a44b0311d04a23804229b7,1901,731,2800,2795,899,2064
04efe65df0c93da03988008ab4c2f4e7,093d53e3e38fd8ec77de7c47c1e317de,1130,0,2012,2327,882,2327
504fc0fbb1d2a580578edd73d0491da1,e444204d20080ff9fa303a12c6feadc7,0,615,873,2666,873,2051
6472e4f0b60c7b0241140ba5828eeabe,f902bc5e8e42e20b475755a527d290cf,996,0,2012,2812,1016,2812
504fc0fbb1d2a580578edd73d0491da1,c78b61d485e026cd3c865b9ee923d872,0,0,826,2545,826,2545
8ba520e5c017438cc885ee3eb0c2d305,73d3288e7a8f5819e26d62873e84250e,0,0,749,2812,749,2812
504fc0fbb1d2a580578edd73d0491da1,1bebbefa7bc01cc0e688da4010c14778,1928,0,2800,3518,872,3518
8ba520e5c017438cc885ee3eb0c2d305,a308c6d4246475e82e331304faffde4c,0,516,780,2812,780,2296
6472e4f0b60c7b0241140ba5828eeabe,d7f18654bff1edb470767eae5c4a1ad7,0,0,1011,2444,1011,2444
6472e4f0b60c7b0241140ba5828eeabe,bc5ea0704d202235d1e8595eb792dbfb,0,265,998,2390,998,2125
c119e0db5d32964ca69a2a463856da53,046d21143320b4670c60988239bd030b,0,0,965,2729,965,2729
4943e0473ec09cba44b133786181191b,1a957f72705abd0d90f1ae75418ccd2f,1061,207,2012,2812,951,2605
c119e0db5d32964ca69a2a463856da53,274274c053328614a5ad8443a2ba35e8,0,417,908,2570,908,2153
6472e4f0b60c7b0241140ba5828eeabe,28e65181f396fb01f93be6bef8fff8fa,1073,362,2012,2812,939,2450
4943e0473ec09cba44b133786181191b,82d4669ba65e9760afd507ec421528d5,0,65,942,2155,942,2090
4943e0473ec09cba44b133786181191b,c11a0e89bd1da4c7892b37fd354564c8,1099,0,2012,2308,913,2308
4943e0473ec09cba44b133786181191b,73724ffd11b0dc659f8a3449ca9e17ac,0,0,979,2812,979,2812
c119e0db5d32964ca69a2a463856da53,c11f0716f126f6bbd5d3a209d6f0456d,1062,44,2012,2280,950,2236
c119e0db5d32964ca69a2a463856da53,1fdb46d59513d90e8e1750799d9f8d03,969,0,2012,2812,1043,2812
05320a047f0253002058e59a332dd156,5c64cbe15594297519d16f1a696b5308,1909,415,2800,2521,891,2106
05320a047f0253002058e59a332dd156,6ef40e7122d599c6c6beef7fd6249f98,0,0,1047,3034,1047,3034
05320a047f0253002058e59a332dd156,3a6ff5011d9832b00342648c9c859237,0,257,967,2480,967,2223
a8cb9adadef00fc473b1760cd7b513e4,49cf189f3a033a24396459793ad27017,831,146,2012,2604,1181,2458
a8cb9adadef00fc473b1760cd7b513e4,366a1248802795d75758092e04a5de0a,0,65,1108,2431,1108,2366
7bdfdd72d14a004a88918758eec0ebf8,f0a27d3d6d8a31aa72efa9a54db6b23d,1755,0,2766,2795,1011,2795
05320a047f0253002058e59a332dd156,ccbfd2c2cdc76cd7bf9e8aadabff1e63,1808,0,2800,3518,992,3518
a8cb9adadef00fc473b1760cd7b513e4,7323314998471cde47c6fba70ae6d32c,801,0,2012,2812,1211,2812
7bdfdd72d14a004a88918758eec0ebf8,f9bcb133c8d6aa960782dffed7480e37,0,790,1152,2876,1152,2086
a8cb9adadef00fc473b1760cd7b513e4,a721bfb90b84216306c0ec624d4c78f9,0,0,1230,2812,1230,2812
3320b1bfbefba905b18408f114680c87,682df05d4aa6a9b4d12f86fe8963c73b,912,0,2012,2812,1100,2812
7bdfdd72d14a004a88918758eec0ebf8,7f1638ea57dd009b6a86d47f7a369fa2,1670,69,2718,2347,1048,2278
3320b1bfbefba905b18408f114680c87,910d3c1ddbeda4bfb94d72e1cec94c35,966,0,2012,2812,1046,2812
890c0ddef9dafc13209a37246debdfd1,317e0cfe78a31437c647c60ecc7c2d11,1864,311,2800,2395,936,2084
890c0ddef9dafc13209a37246debdfd1,51b8051f2ef3b8fb14dc796058a4bc68,0,441,1024,2579,1024,2138
30c2d52b99d7996f84415514626f95ec,b249b5bd074c1cc34825d66c3dc4c5ca,2108,499,2800,3518,692,3019
3d788b7b46b957062fe8596d0e9f0c24,3afaf46f8ff886d191a3bd103ee4692a,1768,0,2800,3518,1032,3518
3d788b7b46b957062fe8596d0e9f0c24,420035028a2e4255f5094005f2975630,0,0,1066,2872,1066,2872
3d788b7b46b957062fe8596d0e9f0c24,0b0d818a7386de5ce75739d88649dbd0,1837,1081,2800,3104,963,2023
890c0ddef9dafc13209a37246debdfd1,614e0e734e04dd953a2b9efe10302b95,1747,0,2800,3430,1053,3430
3320b1bfbefba905b18408f114680c87,41dd9f0d9feaf1a0dd47114da357b816,0,0,1116,2812,1116,2812
890c0ddef9dafc13209a37246debdfd1,f39c47c990f6fb4f7e939a02f71f7eb6,0,0,1099,3518,1099,3518
3320b1bfbefba905b18408f114680c87,a051be8d47fe85993074fcce3716a84f,0,0,1057,2764,1057,2764
30c2d52b99d7996f84415514626f95ec,ef260a1aca050d75e705b542d801e465,0,0,814,2383,814,2383
7bdfdd72d14a004a88918758eec0ebf8,50995cbda77568eea3c847f305b04d32,0,0,1037,2908,1037,2908
fe47b4496e1df4520748c54de6f6f611,16613ec325f62ec03bdb8621e47d2104,972,0,2012,2812,1040,2812
30c2d52b99d7996f84415514626f95ec,c982aaf3ae4f9ba1fe469b705e978c06,1962,0,2800,3149,838,3149
3d788b7b46b957062fe8596d0e9f0c24,bc07b0f0b4b29a15583ee958b582dfa2,0,535,1016,2601,1016,2066
7fac2afe8b886024072b33b0acf4bf42,7fc38fe8ce85a3c2a7d1e72331868b90,0,0,803,2399,803,2399
7fac2afe8b886024072b33b0acf4bf42,c09113f2e5110421c4a8ecb8930007a6,1955,0,2686,2518,731,2518
30c2d52b99d7996f84415514626f95ec,b778e95060c96124d1ae29f86c1fcbc7,0,800,779,3518,779,2718
fe47b4496e1df4520748c54de6f6f611,6414feebe60253a26190175c1ce20e07,0,41,1061,2322,1061,2281
7fac2afe8b886024072b33b0acf4bf42,2789397001c2d0b9c0c2caf800671b94,0,434,832,2618,832,2184
7fac2afe8b886024072b33b0acf4bf42,f515f360f4008bd1a222016ba4ac3223,1904,933,2702,3030,798,2097
fe47b4496e1df4520748c54de6f6f611,80adbf16685829f070918a8a9a1011b2,0,0,1060,2812,1060,2812
c89c93d7fa6489e7b019f6be0c1204e5,3dd547e37f4d0bd522d5433ba476c17a,0,713,1030,2768,1030,2055
524673a9e2b2cab1b586fc33f4c324b7,23f5ee1d29bb297898cbbd34244279b8,1779,423,2800,2648,1021,2225
524673a9e2b2cab1b586fc33f4c324b7,479edeb842a9bbe3eb9c669b4344e438,1816,0,2800,2820,984,2820
c89c93d7fa6489e7b019f6be0c1204e5,e96597e11df5bd14e0d707fa405408de,1743,25,2800,2349,1057,2324
fe47b4496e1df4520748c54de6f6f611,aab536a4c79e0c056fdbd03f5d37b05f,1015,414,2012,2589,997,2175
c89c93d7fa6489e7b019f6be0c1204e5,a7cbd04b32b48e21ce9bffe1ffea05ae,0,0,1089,3144,1089,3144
c89c93d7fa6489e7b019f6be0c1204e5,47466b997b8706848ac6169edbcebec4,1753,0,2800,2737,1047,2737
524673a9e2b2cab1b586fc33f4c324b7,f93d73fa4b84a30c8cbc899b5cae5bbc,0,0,844,2595,844,2595
5200f8624fc64e2539ebaa9df35d8eef,0ecb7bc9082f46709aa696064b824fdc,2051,597,2800,2500,749,1903
5200f8624fc64e2539ebaa9df35d8eef,853e23f08f68e733f55d2bda7e18ce29,0,0,774,2572,774,2572
5200f8624fc64e2539ebaa9df35d8eef,18792c12ba73687ad2ccb8bb7f061dcf,0,840,696,2733,696,1893
524673a9e2b2cab1b586fc33f4c324b7,88b43181e608d1a2218f4ecdf3e19155,0,0,826,3346,826,3346
bb4fa4229798e7fe359358177e661728,b6222f970e3797bff2e740ecdb805710,0,699,995,2801,995,2102
30122e2556fa47b2e9ceda47b0e589ed,582e84ff2e0db1555a8f3b9206ba5d88,2061,0,2800,2423,739,2423
30122e2556fa47b2e9ceda47b0e589ed,2ddd692ae28d189c5f8b28b98b924687,2072,400,2800,2486,728,2086
bb4fa4229798e7fe359358177e661728,73bc450b9cac64c346a6cd7f073e7095,0,0,1017,2997,1017,2997
30122e2556fa47b2e9ceda47b0e589ed,27e69981064bb25f70350d0d6d2b40a4,0,0,851,2417,851,2417
30122e2556fa47b2e9ceda47b0e589ed,33208cb09451eaaf4ebf27b0499bc45a,0,537,715,3518,715,2981
5200f8624fc64e2539ebaa9df35d8eef,b1544bb2708c1cf2e3e97b75420d6d39,1917,0,2800,3181,883,3181
bb4fa4229798e7fe359358177e661728,043a2de5fb71a19bb8cd1a96d94188b4,1828,0,2800,2783,972,2783
bb4fa4229798e7fe359358177e661728,b92a6b2f259d9823bb6158f903d28dba,1850,251,2800,3518,950,3267
5a77087143733dea136bff7114889710,4aa69075dd8f67ea3f62e74ea3247ab6,2007,0,2800,2746,793,2746
5a77087143733dea136bff7114889710,c8056f6ae17d089937d074c155014a1d,2062,389,2800,2284,738,1895
5a77087143733dea136bff7114889710,3cd9b21d082541f8cb46ac9244217b56,0,0,742,2297,742,2297
2ef5fba7c70432c284692aed3cee1afb,f776fba59264d93e4c3a28c24b669cac,0,0,785,3048,785,3048
5a77087143733dea136bff7114889710,805a20493377e4002b392c81d13b0024,0,416,731,2313,731,1897
2ef5fba7c70432c284692aed3cee1afb,dde9b38568d8bcd246e41bb8f3949179,0,467,871,2703,871,2236
5a831426527bd4d9f6205e95bf2b53bc,b84f50745e2b10eddbf81887957b7e7e,0,0,975,2027,975,2027
2ef5fba7c70432c284692aed3cee1afb,5b08d8b16df51965a08be10f9d8e9d54,1900,551,2800,2722,900,2171
5a831426527bd4d9f6205e95bf2b53bc,fae3acfb9e8cb60ffac224a15e5caa0b,1069,0,2012,2731,943,2731
5a831426527bd4d9f6205e95bf2b53bc,80f92913f33b960291e86ad659b1a562,962,0,2012,2209,1050,2209
2ef5fba7c70432c284692aed3cee1afb,3f5e5273c6a0d514769727da31d0653f,1955,0,2800,2572,845,2572
48e01602430e066331062936e4968589,736b148504bcbdecaabc8ff6309a2f74,0,873,778,2776,778,1903
5a831426527bd4d9f6205e95bf2b53bc,37a9fa503aab2dae2c4b53464816d045,0,0,803,2812,803,2812
07307a4c40b7cd296037005f3457063c,0c1d968ae4ba60a78dc38da6317cbfa1,2026,391,2800,3518,774,3127
07307a4c40b7cd296037005f3457063c,f8f9f72fd4588b8d40d46e9116da49f4,0,0,970,3518,970,3518
07307a4c40b7cd296037005f3457063c,99c6b9a488052328a236d576be6b15ce,0,550,908,3518,908,2968
07307a4c40b7cd296037005f3457063c,58ab6710f99aa5a3786831a6dfa8e5a9,1925,0,2800,3518,875,3518
48e01602430e066331062936e4968589,ef57600ea88fd343ffea9d6d71d172a7,2012,0,2800,2411,788,2411
23e9299f93caef6fb4b638ecc6ef5f36,96ec1422783d8c1b8d96e628f74d3bb5,0,139,1112,2752,1112,2613
48e01602430e066331062936e4968589,7e5b0990218dd176a0e62f0b3f6ed3cf,0,0,720,2471,720,2471
54cc1a6d7967c0438a0885ec6ca144e0,3a06c8cd7ec1d4d163f5b796ef70e450,732,106,2012,2393,1280,2287
54cc1a6d7967c0438a0885ec6ca144e0,dec187abf1a5eaa4deebceaebfaccab4,0,64,1439,2347,1439,2283
54cc1a6d7967c0438a0885ec6ca144e0,c3dc89084481e901ed0a6124eb9be88d,543,0,2012,2812,1469,2812
23e9299f93caef6fb4b638ecc6ef5f36,6d2cd0cafc2f929cc0cf440333c1cb55,0,0,1081,3518,1081,3518
23e9299f93caef6fb4b638ecc6ef5f36,387a7548c8e3d3a71490e3681d16df87,1627,136,2800,3518,1173,3382
23e9299f93caef6fb4b638ecc6ef5f36,8c8f1870ec508423e1a91f4fb426d9d8,1535,0,2800,2814,1265,2814
5fd8794c237e6dc35e1c1222c5edde59,34b6a64abfdc7b1b1ccc25b4edab5970,0,0,1372,2767,1372,2767
593a30050bad8dae42a9e7fd6166f1ae,3dcd5eecd45ba0b7e7a7bedcdd14b5c1,0,577,1357,2756,1357,2179
593a30050bad8dae42a9e7fd6166f1ae,c3bead44e0832e221cf0287003d351fa,1738,760,2800,2837,1062,2077
14a4656d1c2fc758b50e34e57b917f84,623da30f6bf49999dc3f92007ce86d55,0,242,960,2594,960,2352
593a30050bad8dae42a9e7fd6166f1ae,15ab48eb4c0e293e18488081ed93a793,0,0,1367,2605,1367,2605
ac291932cd3d647cdf3c72287c2a959c,48df41b01ef1a01fd4466a6b647ad342,1022,0,2012,2559,990,2559
5fd8794c237e6dc35e1c1222c5edde59,c823e85a5ac70a2d4b9152abba477a3a,1450,0,2800,3518,1350,3518
54cc1a6d7967c0438a0885ec6ca144e0,d2f4e269db11bb50799d99d2be0f4edc,0,0,1520,2812,1520,2812
ac291932cd3d647cdf3c72287c2a959c,30ced50f32d8d5283d7ac34b15cba76c,995,231,2012,2372,1017,2141
14a4656d1c2fc758b50e34e57b917f84,ba9df35db5118b78f08a3ef0ea99ba35,0,0,1024,3486,1024,3486
5fd8794c237e6dc35e1c1222c5edde59,951093fa96f8b2704497c11d662af922,1436,355,2800,2533,1364,2178
803963f4d1df5d7b46867a8018a357df,039bbfb3c10699372c1eee94826b94af,1057,0,2012,2525,955,2525
14a4656d1c2fc758b50e34e57b917f84,5722dec38448dbeb992c3be624dc2533,1833,468,2812,2625,979,2157
5b0d75c010fddd1234d0f203e83a96b1,aab91d12da310cb0e33421dd79b32768,0,527,821,2569,821,2042
5b0d75c010fddd1234d0f203e83a96b1,6ae164c6988c764284755b5d3dfce5ed,2026,0,2800,3518,774,3518
ac291932cd3d647cdf3c72287c2a959c,b6a086d29b3e514977d5721264699aa6,0,0,1185,2812,1185,2812
5b0d75c010fddd1234d0f203e83a96b1,58217abebc96c95c94cb204d5cc408cd,2015,490,2800,2503,785,2013
593a30050bad8dae42a9e7fd6166f1ae,c00d605dd4c6a3997b193edd5ab2a19f,1696,0,2800,2461,1104,2461
dfdea3fc97696a34facf2e323b336609,e21f0b40d128540b2fb4c56b1ab9fae9,0,0,1468,2773,1468,2773
c531841f15dbdfbcd221cb7e37420fd7,8a5c7b40fb77e5ab8e2f342ffc77fc07,0,263,950,2812,950,2549
dfdea3fc97696a34facf2e323b336609,4b3ea5b84ae42daccfc1c144c09bc5e2,0,478,1592,3518,1592,3040
5b0d75c010fddd1234d0f203e83a96b1,014c1e5620abcb4380d582f8545fcaf9,0,0,842,3501,842,3501
5fd8794c237e6dc35e1c1222c5edde59,30595cb0501a2d3c1455791151bfcf10,0,271,1451,2490,1451,2219
803963f4d1df5d7b46867a8018a357df,e2658886f1c3ed3ec6d0126a0a451150,0,0,953,2530,953,2530
48e01602430e066331062936e4968589,64ebeddda835f7366544ff9105e355fd,1973,470,2800,2422,827,1952
14a4656d1c2fc758b50e34e57b917f84,e2e2d6f3900d32a32c7ca630a0ef8ee5,1785,0,2812,3580,1027,3580
dfdea3fc97696a34facf2e323b336609,be3393e53670d1bbd6b22495224dfff2,1354,0,2800,3518,1446,3518
dfdea3fc97696a34facf2e323b336609,51458e8a007cc98ca9c45d074645f21b,1427,529,2800,2940,1373,2411
c531841f15dbdfbcd221cb7e37420fd7,65d553200f92326d77748356db465b0a,0,0,944,2756,944,2756
c531841f15dbdfbcd221cb7e37420fd7,fee6fe1069e353c3e6852cf9ab8233d5,1172,58,2012,2473,840,2415
453466f55e3b6a8e942dfadb7c608da8,67eaef6e7b2e15ebebb19694f46735ca,1840,0,2800,2740,960,2740
803963f4d1df5d7b46867a8018a357df,38212fcfe4c9e3795c8a6b196745faff,0,150,1081,2435,1081,2285
3ee72f392062ff3640d35e82e00026cb,abf847be173aa1370a7ff6665f830502,0,0,1158,3518,1158,3518
453466f55e3b6a8e942dfadb7c608da8,36bd8b6e8f38c0753493d1c110c4a24f,0,431,921,2391,921,1960
803963f4d1df5d7b46867a8018a357df,f1d9edd2086d1a7cae9a7ba133df2452,959,68,2012,2382,1053,2314
c531841f15dbdfbcd221cb7e37420fd7,4463e1f15555d50312af3558a02abdbd,1133,0,2012,2589,879,2589
66a1867c10dc043ac2d6fdb76bef9115,deed2f0fda8f17fde773fe8087f5c5ae,0,0,737,2282,737,2282
66a1867c10dc043ac2d6fdb76bef9115,2886954b2134834a028ab36c8cb304d2,2082,655,2800,3518,718,2863
453466f55e3b6a8e942dfadb7c608da8,e15346df0b295345320c9191399ce5d7,0,0,980,3007,980,3007
3ee72f392062ff3640d35e82e00026cb,d2f4564e6cc0dac1b29987521c7dcad3,1616,0,2800,2687,1184,2687
66a1867c10dc043ac2d6fdb76bef9115,de271f535b0d9c01a793d9ed2db5708d,0,369,767,3518,767,3149
dd43aacf90fa133baf01c0f2341b8a16,df2b06b2d2f262ec6d344db294f9b50d,2066,0,2800,2819,734,2819
dd43aacf90fa133baf01c0f2341b8a16,e69a9115142a929c5ad7b8d10b23bb1e,2094,213,2800,2278,706,2065
3ee72f392062ff3640d35e82e00026cb,25aa7126ad9b8861853b84f6fff5f1b9,1576,0,2800,3418,1224,3418
dd43aacf90fa133baf01c0f2341b8a16,849aaa2e319468be7ecb9132b1c41fe2,0,0,910,3284,910,3284
453466f55e3b6a8e942dfadb7c608da8,571a130a8432f5f4ea17b9de772c453f,1955,488,2800,2384,845,1896
dd43aacf90fa133baf01c0f2341b8a16,a1ddbf37983f45fe88e907aed567c5d8,0,301,777,2604,777,2303
ac291932cd3d647cdf3c72287c2a959c,23a0ae720cc441a49cdf5c7a65a71b3f,0,217,1112,2532,1112,2315
66a1867c10dc043ac2d6fdb76bef9115,746fbd94c207e7b8bc9117fd8cf7efcc,2046,0,2800,2154,754,2154
3ee72f392062ff3640d35e82e00026cb,54437f1f894166fe645d1a73f0bc6ab5,0,180,1149,2853,1149,2673
70c91262ab8842935e5569c4ea7cc20d,6d6764cdde97f32e78e800e2c2345f61,0,708,1021,2555,1021,1847
70c91262ab8842935e5569c4ea7cc20d,356c82530e12528b5531db4ff7fe8a80,1819,0,2800,2568,981,2568
70c91262ab8842935e5569c4ea7cc20d,ff1ac3371deae6d83a882e5ac36378e6,0,0,992,2440,992,2440
6847d11fb67e982b6528ab2af43bab8f,48a97f55a485a35c73cd338991ea46f8,1787,474,2800,2577,1013,2103
6847d11fb67e982b6528ab2af43bab8f,91129ba49b0aa5e1ef0459e03e605ab2,0,544,1076,2626,1076,2082
6847d11fb67e982b6528ab2af43bab8f,f3ec279878101e817ee2bf12c87c506c,1836,0,2800,2366,964,2366
70c91262ab8842935e5569c4ea7cc20d,f3f587bfe1c3d7ee2635ba1f4f502212,1766,331,2800,2398,1034,2067
ac4975eb788af8b7e15cafca9ac9a1c9,0b093271f61bac44c7018c935a2ac904,1871,423,2800,2442,929,2019
6847d11fb67e982b6528ab2af43bab8f,005869cc3078b5868e83197922b74c62,0,0,1053,2588,1053,2588
ac4975eb788af8b7e15cafca9ac9a1c9,16724df38e04be5e6ae534eda2185885,0,0,839,2436,839,2436
ac4975eb788af8b7e15cafca9ac9a1c9,da99ea2c75f3021f70607841c0f235b7,1784,0,2800,2402,1016,2402
ac4975eb788af8b7e15cafca9ac9a1c9,500984f90c9b5ddcf00944b0ecc86260,0,618,860,2590,860,1972
48ac6ea5fc55dcc8dc9175975e00b86c,150d9996839f2b8a8b1190fa1a3d51c1,0,634,1023,3580,1023,2946
48ac6ea5fc55dcc8dc9175975e00b86c,13d53752b7be7ba9d904bec31ed38748,0,0,944,2846,944,2846
1450d8b315129d9207bcbb2131eb7d31,35721bd45c2cc3619bc9472b81ec871b,1937,0,2800,2541,863,2541
48ac6ea5fc55dcc8dc9175975e00b86c,c75a3c11d13ff3f199ff4c443be6e56f,1830,0,2812,2989,982,2989
1450d8b315129d9207bcbb2131eb7d31,f0385fe91bcc5d28e1fcb23ff8081975,1876,151,2800,2553,924,2402
1450d8b315129d9207bcbb2131eb7d31,a940b9285c121b0d931835523b5d33d8,0,0,1034,3230,1034,3230
48ac6ea5fc55dcc8dc9175975e00b86c,85c13ee57c5b63fe1f5b93583435b714,1816,859,2812,3150,996,2291
55292825bf2fd66fb367b18c091c2415,d1a1b6e3268267b60c636df520cda043,1611,230,2800,2750,1189,2520
1450d8b315129d9207bcbb2131eb7d31,1b1d2293d68bf858b5f7d6e77af98be0,0,450,1016,2594,1016,2144
b738a510998dc553563c344b2e3e684c,601b60a1aedd4e0cbaf20c7396e52be2,0,447,1000,3518,1000,3071
55292825bf2fd66fb367b18c091c2415,4111c012274fe464bfe26731978928c9,1795,0,2800,3238,1005,3238
abf9dad0cab31092455d585caf77355c,3071b3e635710875bbba1a2a2cfbf575,0,334,1080,2334,1080,2000
abf9dad0cab31092455d585caf77355c,805b17c9e07da185e23508d6d95c80bd,1858,467,2800,2505,942,2038
55292825bf2fd66fb367b18c091c2415,6680c41d30e2d394d6663a2ce4fec662,0,372,1121,2787,1121,2415
55292825bf2fd66fb367b18c091c2415,6c27e1331b4f46e645d03e4e17698299,0,0,1131,3132,1131,3132
b0764476377abf7daf704545d87722cf,4a35fc1ebc27fa849dbcab288c569177,1780,492,2694,2695,914,2203
abf9dad0cab31092455d585caf77355c,23a7e88f3b0146d98695104987046602,0,0,1054,2481,1054,2481
b0764476377abf7daf704545d87722cf,5077267a4ede636fc209ec07574559c1,0,0,844,2458,844,2458
b0764476377abf7daf704545d87722cf,5617b3bc64b13cb68f4e7fcf2b8fb3dc,0,797,871,3043,871,2246
b738a510998dc553563c344b2e3e684c,765261957b3e0986c95e9a2760c0864d,1789,602,2800,3518,1011,2916
abf9dad0cab31092455d585caf77355c,3fa7897bb9852f60031c5635502893fb,1858,0,2800,2564,942,2564
f86271e28239e5bf4651f0f45cc5fad3,80170caee452b1e3746b06fafacfa557,2106,726,2800,2421,694,1695
b0764476377abf7daf704545d87722cf,29ec99bba23305b13216cff1288878da,1781,0,2681,2605,900,2605
0cc015fba720993209f0b8843ff98699,71b862ab0072c6ced66f41253169abd0,0,817,693,2705,693,1888
0cc015fba720993209f0b8843ff98699,d88d4b9103281220b9ac1a122364973b,2007,760,2800,2820,793,2060
f86271e28239e5bf4651f0f45cc5fad3,88a9ffc7061c3180fb764ad950b638c5,0,0,697,2212,697,2212
b738a510998dc553563c344b2e3e684c,d0fea1fbbb340fbf5728e16cf4deab35,0,0,1090,2549,1090,2549
f86271e28239e5bf4651f0f45cc5fad3,897db068311125ca5f6565accae076d7,0,787,651,2510,651,1723
0cc015fba720993209f0b8843ff98699,281a8bb91504e713b7e68ab6c8f4ebe7,0,0,818,2341,818,2341
20ce4368a380e846f959442c67464648,aa949c5fd291f16b62a448fa54d1c1d7,0,0,989,2812,989,2812
20ce4368a380e846f959442c67464648,993e69df03166eb08ac41400afc5be8a,1131,193,2012,2384,881,2191
5d6d684d6d206a71fde97565c3231a39,4a9d0f1bca9ac8078f91dbe2f96ab248,0,241,819,2513,819,2272
20ce4368a380e846f959442c67464648,80816c760ac38649ca09732958824ff7,0,0,849,2089,849,2089
5d6d684d6d206a71fde97565c3231a39,4e194d7a4427fcc4bb147530cf6f9c2a,1150,113,2012,2374,862,2261
5d6d684d6d206a71fde97565c3231a39,1938b0970fc620e4e35c4fec4e7c90fc,0,0,936,2490,936,2490
5d6d684d6d206a71fde97565c3231a39,68f8ad2253a2f88597600acae96dc28a,1109,0,2012,2414,903,2414
b738a510998dc553563c344b2e3e684c,57aa5a3332bb9bd53d27b223658c9403,1715,0,2800,2518,1085,2518
0cc015fba720993209f0b8843ff98699,1297fb4b53170324f0f6eeaf74c4449c,1959,0,2800,2281,841,2281
e8940b9ac010b3b195b77951da1d48b3,9542fd8c2f9230690935e659b491c6de,941,0,2012,2564,1071,2564
20ce4368a380e846f959442c67464648,df3b2520957177382895a1b511aa720f,994,0,2012,2550,1018,2550
f86271e28239e5bf4651f0f45cc5fad3,c151ba1763133e5b759a348271c107fa,2087,0,2800,2362,713,2362
31a9153bf6c55226669b87a667d9fafb,cbef2dd5a10f45e64543e5a7dc1fc516,1949,0,2800,2302,851,2302
386998f7c20aa9a9147ad85ae9801127,c885ee033e48c0430432376d38a189cf,0,303,1269,2492,1269,2189
3da9b3c5fbdbca9f2322f305837f450a,a607b22c3b6a3f752a6c6bcdd2976666,1869,0,2800,2980,931,2980
386998f7c20aa9a9147ad85ae9801127,7067b0ae4833a3b6623d165bfe649b36,741,0,2012,2574,1271,2574
3da9b3c5fbdbca9f2322f305837f450a,e8382a15622ce70b8bd6caf83104519f,2052,0,2800,2286,748,2286
386998f7c20aa9a9147ad85ae9801127,635be1f3d147f2c7ba605f1baed379f5,0,0,1248,2686,1248,2686
386998f7c20aa9a9147ad85ae9801127,cbc1a5d9c0758cf1b30127c7f99e73f3,658,70,2012,2349,1354,2279
31a9153bf6c55226669b87a667d9fafb,bfc2b866dc83eb9842530b19352567ef,0,908,770,2695,770,1787
e8940b9ac010b3b195b77951da1d48b3,d3f522dde0e468e42ab09de4fc7b708a,0,0,1080,2812,1080,2812
31a9153bf6c55226669b87a667d9fafb,1b29aed96cd993002c432fe4271198ca,1990,0,2800,2519,810,2519
3da9b3c5fbdbca9f2322f305837f450a,be014c996167c6b152ce18a9eb6749ac,0,0,1006,3518,1006,3518
e8940b9ac010b3b195b77951da1d48b3,27dde56084822298e140644f20b3351f,0,0,1113,2812,1113,2812
ec653da3be875ba206191c5f03733935,3ecfa18c3ebb11f058fdd85e3d080c92,1282,0,2800,2861,1518,2861
e8940b9ac010b3b195b77951da1d48b3,0d9de2c106f154c469b0d0b05980fb5e,872,0,2012,2812,1140,2812
3da9b3c5fbdbca9f2322f305837f450a,a772d5b6c561fb4e1743a5b0329a38b2,0,436,785,2668,785,2232
92ee8e97123d96eb2b556bad5a6a02b6,3f30458204f3c245ec7b52a03c50b98e,0,625,907,2944,907,2319
31a9153bf6c55226669b87a667d9fafb,eb9b340b56f0d5ca8986ddaeaa882f2c,0,0,714,2401,714,2401
ec653da3be875ba206191c5f03733935,79612401c4f754df02a0023afa648f03,0,471,1291,2887,1291,2416
ec653da3be875ba206191c5f03733935,bcf849558d473b460a4f24c2dbe6197e,1377,309,2800,2836,1423,2527
92ee8e97123d96eb2b556bad5a6a02b6,70a6d7a728e055aad902dd0eb37e437e,1677,326,2800,2738,1123,2412
ef56ed33aa6eb0b72bf6217ee9bca9d8,408e8d491fcc74612a291e9579d9bbad,0,0,898,3518,898,3518
92ee8e97123d96eb2b556bad5a6a02b6,39af7371e7fec599989a6e4479b1adce,1651,0,2800,3103,1149,3103
ec653da3be875ba206191c5f03733935,6fb8de6a161313dc1155fd3d66d56e3b,0,0,1334,2737,1334,2737
ef56ed33aa6eb0b72bf6217ee9bca9d8,db4e5f686146de0ff76571ecdf65f2f3,0,360,865,2913,865,2553
ed7f31c3f0b50313bc146dddf041b62b,1b88fa36a9eb1392d5466ee72c00628b,1894,485,2800,3518,906,3033
ed7f31c3f0b50313bc146dddf041b62b,75a87bcb039d695ed0fc529740ce831a,0,0,883,2878,883,2878
ef56ed33aa6eb0b72bf6217ee9bca9d8,f67bfdceeab98d23ba23795306be08d5,1832,40,2800,2485,968,2445
80e55d2f5e9772a1a07b5913fbf28a0b,7522df10701c2852cfee39a45c5ecc48,1867,766,2800,2748,933,1982
80e55d2f5e9772a1a07b5913fbf28a0b,044ed054e260ed615ee390d790e21d0b,0,0,934,2594,934,2594
80e55d2f5e9772a1a07b5913fbf28a0b,8dfa857c0afc9d8be8ce9f28b52e3225,0,619,941,2564,941,1945
ed7f31c3f0b50313bc146dddf041b62b,8da747bb4ead7308f129bef1f4055a5c,0,632,922,3518,922,2886
ef56ed33aa6eb0b72bf6217ee9bca9d8,d0d75806dbd6eea1d6358d7796f513d2,1812,0,2800,3518,988,3518
80e55d2f5e9772a1a07b5913fbf28a0b,2f5d9272d297403a324b3685b0915571,1958,0,2800,3342,842,3342
33f4aefe06039d4318e3c5502fb40710,eb91b6e64be8eb96bdf16a56ab4381a2,1255,419,2012,2383,757,1964
33f4aefe06039d4318e3c5502fb40710,97bd6db0439df5b6355140d83f26361e,0,288,735,2428,735,2140
ed7f31c3f0b50313bc146dddf041b62b,5ac32709f4b331f917ce22fb5d112880,1913,0,2800,2592,887,2592
eab4b5109a1bdea21c813a9a6307b78b,9a0aba6dbc25bfc4bad589c88a3d9d00,1975,428,2800,2735,825,2307
33f4aefe06039d4318e3c5502fb40710,f2a83121aa455c7a106075b1ff0887b3,1203,0,2012,2812,809,2812
eab4b5109a1bdea21c813a9a6307b78b,2bfd4f00731e41c3457ee59124458b3d,0,340,1195,2721,1195,2381
70cb47a0e81ba98588e9a956ba261fef,c2481e63f892fd7301a4c0166b7b7348,0,0,1651,3264,1651,3264
33f4aefe06039d4318e3c5502fb40710,c61213aad2de7910170965974791ed42,0,0,902,2812,902,2812
d43ecce90d69d1d5165d2760bdb01888,e7c41fdfb9b83d56fe667ab47ddaaa76,0,515,1127,2789,1127,2274
70cb47a0e81ba98588e9a956ba261fef,cc332391fbd7cfb4973fccd1b2c2eefa,2116,533,2800,2627,684,2094
eab4b5109a1bdea21c813a9a6307b78b,6d341a310eccb17c4fd911de77635d66,1799,0,2800,3423,1001,3423
70cb47a0e81ba98588e9a956ba261fef,71a3e3928971f9ace42a244f94315f18,0,750,734,2707,734,1957
70cb47a0e81ba98588e9a956ba261fef,45d03305b5b1e490b4ee69f97122f91f,2067,0,2800,3003,733,3003
eab4b5109a1bdea21c813a9a6307b78b,bafb061e8abd97ca09c94d56e5c9f71e,0,0,1245,2798,1245,2798
d43ecce90d69d1d5165d2760bdb01888,5073e0b0f695acd495a806dbe0dfff2c,1679,489,2800,2802,1121,2313
d43ecce90d69d1d5165d2760bdb01888,e419b0fc870a8eef40dd47cb8e9f2ead,0,0,1226,2801,1226,2801
d43ecce90d69d1d5165d2760bdb01888,7865323154f7d2dbda913a6e1abb84d7,1719,0,2800,3518,1081,3518
b562777d4586cb28fdb7d1ce7bd4416c,7e662971c4ba172cf29b6d6e7c468495,1888,0,2800,3518,912,3518
b562777d4586cb28fdb7d1ce7bd4416c,b8dc4f160f8c483ce6ffe9cc9046f220,2031,678,2800,2908,769,2230
b562777d4586cb28fdb7d1ce7bd4416c,476261541373ae62824f55cdb4443b63,0,595,836,2850,836,2255
c179a8925bd1c87057e60896f4be9428,738e0521109a6899b3aaf985dd8943a3,1845,251,2800,3274,955,3023
c179a8925bd1c87057e60896f4be9428,99e0f2ac0f6d7c24046f79209275b30a,1766,0,2800,2839,1034,2839
c179a8925bd1c87057e60896f4be9428,157bb1e8edc7f177a474a14e21a331c3,0,517,913,3415,913,2898
c179a8925bd1c87057e60896f4be9428,3d140fefc66264ae38d7a2a597afe9a3,0,0,1022,3509,1022,3509
92ee8e97123d96eb2b556bad5a6a02b6,27db416303c7be7ef374c301047f1128,0,0,1140,3419,1140,3419
b562777d4586cb28fdb7d1ce7bd4416c,bda3334854c13f687ac32a32918b85c6,0,0,913,3518,913,3518
4cc078e9232bbdee4ef28e5badedcc8e,3a5f88d13ecbc8dae0f8a2270b63c691,1585,193,2800,2614,1215,2421
4cc078e9232bbdee4ef28e5badedcc8e,992ad091d8e46c53861c43f6e2f61c65,0,0,1108,3087,1108,3087
a944104e5f72a1c5710ffb19c49b1439,20bc7001dfbb58019c5a5eab59be8ce4,0,0,830,2662,830,2662
4cc078e9232bbdee4ef28e5badedcc8e,543e6cdda09e2c80c2aeaa5f68ce49ca,1662,0,2800,3043,1138,3043
4cc078e9232bbdee4ef28e5badedcc8e,2c8848928f2a6e90e8b3f19abd88544c,0,365,1208,2751,1208,2386
dc0c6f232629772b8b1f1fe99c9fdc8f,4c2e672f07435725c3c2f3d792dcaea3,0,673,649,2444,649,1771
a944104e5f72a1c5710ffb19c49b1439,21ec5c059c66da6c9b6c9c169f9c257a,2087,824,2800,2744,713,1920
dc0c6f232629772b8b1f1fe99c9fdc8f,e71346bff1a4984b730b85fcd441898f,2209,755,2800,2388,591,1633
a944104e5f72a1c5710ffb19c49b1439,5829b07634f50c5d2181f8088b425221,1931,0,2800,3518,869,3518
a944104e5f72a1c5710ffb19c49b1439,024f2b4f2456076987fe22557577fac7,0,682,814,2679,814,1997
dc0c6f232629772b8b1f1fe99c9fdc8f,b34ae73a6173fab4959de9778ce65af8,0,0,571,2792,571,2792
dc0c6f232629772b8b1f1fe99c9fdc8f,49dbfc30a50da9e8fef63724e06eb1af,2226,0,2800,2196,574,2196
23861df5ad7384ec0b9aec5778439b4f,abceccb7150c33d129d25ba7b6cce5ff,0,591,956,2693,956,2102
23861df5ad7384ec0b9aec5778439b4f,eef5cd5a78bcf8da9057f8cababd9ae2,1783,0,2800,2681,1017,2681
23861df5ad7384ec0b9aec5778439b4f,8bee0a6b492895c91dd656325262469f,0,0,1063,2594,1063,2594
23861df5ad7384ec0b9aec5778439b4f,9b8690a717b92fb8b6019add4e36d26e,1933,756,2800,2766,867,2010
746fae00d8bec59e7944e93eb54e6ea3,29ce25a7dd1c14407f7c0c2fcdae09ab,0,474,859,2353,859,1879
72cc75cc9e22426f6bd92ec1352f1eeb,d796ebe14d1ba2056aea2f9a46b2bd6b,1750,354,2800,2579,1050,2225
72cc75cc9e22426f6bd92ec1352f1eeb,6cd65ef22189053a705f3e917ed42144,1746,0,2800,2570,1054,2570
3519a94d00a843eaf0fcc07454139936,27ac6149ea8a9ceee63d3d38f9b89f9e,1745,0,2800,2390,1055,2390
746fae00d8bec59e7944e93eb54e6ea3,72281f541c2829972fc6b4b0402af3a8,1142,399,2012,2319,870,1920
3519a94d00a843eaf0fcc07454139936,91eabe8758b4f7c11aa1816b0f90adcc,0,0,1163,2605,1163,2605
3519a94d00a843eaf0fcc07454139936,db4bbf119ecd23b1efb6a4e9127d4665,0,462,1015,2613,1015,2151
72cc75cc9e22426f6bd92ec1352f1eeb,4fdb1f15d078fa3f36c33e510cf5e9eb,0,0,1102,2689,1102,2689
746fae00d8bec59e7944e93eb54e6ea3,2f628388f135de6466e10f76335f193e,0,0,848,2601,848,2601
72cc75cc9e22426f6bd92ec1352f1eeb,2e545f76df525fd43c42f9a8745455d1,0,442,1147,2787,1147,2345
3519a94d00a843eaf0fcc07454139936,af5267d342e890a77cfb5cd25bb62c4c,1831,56,2800,2244,969,2188
dfe38688edba26023f86bd9da8c1c687,ad2508d12f102dceb94ed3892d5bcd87,0,0,715,2934,715,2934
746fae00d8bec59e7944e93eb54e6ea3,1213ab73afa23552ca88a23186f4a477,1168,0,2012,2812,844,2812
dfe38688edba26023f86bd9da8c1c687,7a98d3b19f8da495c4275abc4dc0a4e0,0,125,601,2504,601,2379
8cef307c92cd6746f7120348d9157fe3,b75b5a8c16f29845465ca74feb019a3d,0,577,1044,2833,1044,2256
dfe38688edba26023f86bd9da8c1c687,687439913b5ace4b79e108ff81fe10ab,2148,855,2800,2698,652,1843
dfe38688edba26023f86bd9da8c1c687,e43c8aaa134ff28fd032907a6ff3fc4c,2019,0,2800,2647,781,2647
209eaf365e1ba9566d2b5134845efbf5,0af3e36d8d050e92149a6b79e4181db4,0,304,826,2347,826,2043
209eaf365e1ba9566d2b5134845efbf5,d3adf781cddc36a6a7b0d73e407f05ad,0,0,898,3238,898,3238
209eaf365e1ba9566d2b5134845efbf5,8a1b442519823ceda198631244add587,1850,0,2800,3518,950,3518
8cef307c92cd6746f7120348d9157fe3,393bf60503222eda072cd9920da55cd1,1789,262,2800,2547,1011,2285
8cef307c92cd6746f7120348d9157fe3,b9df6f8a352a6986d91c0d9186059072,1621,0,2800,3518,1179,3518
209eaf365e1ba9566d2b5134845efbf5,cd5297174e0ffbd0200d46cb80b980e1,1973,0,2800,2286,827,2286
8cef307c92cd6746f7120348d9157fe3,4a9e4a17418cd856ef2786a9609fcda5,0,0,1136,3357,1136,3357
03e50ca48c5c9fe119170b8527ac8c55,8c94da34b82fea9c649126bf867e6455,1993,411,2800,3474,807,3063
090bade273119995fd55e9bd44035a4c,d2f6335bdd13f838edc905ddb91f0493,2035,132,2800,2062,765,1930
090bade273119995fd55e9bd44035a4c,8d533642a6768b35ffb6083d87340669,0,568,754,2391,754,1823
090bade273119995fd55e9bd44035a4c,5e9acae0f45eb9c11d6e60a6b9572fb9,2110,0,2800,2366,690,2366
090bade273119995fd55e9bd44035a4c,05287e9449afeb61324ca39056bcb5a9,0,0,767,2550,767,2550
03e50ca48c5c9fe119170b8527ac8c55,ab199ff8821df9e7d4bb7b544f9dab72,0,480,882,3389,882,2909
f097ca9186599dab09007641d6a1eaed,19bc698a8f6fd717181fedd382479dbb,0,576,856,2436,856,1860
f097ca9186599dab09007641d6a1eaed,9bdf5296418c7cfa02cbb7a36894b435,1787,0,2800,2790,1013,2790
03e50ca48c5c9fe119170b8527ac8c55,b8926db7aa9549f07693fc4809e541ff,1877,0,2800,3518,923,3518
f097ca9186599dab09007641d6a1eaed,561934302a6ee72835ec3ff54dc698ed,1832,701,2800,2715,968,2014
03e50ca48c5c9fe119170b8527ac8c55,1402af15c79c3454147e8727fbc2bbfa,0,0,960,3518,960,3518
994f92f5a8896d64ec0d8705f53c5139,88066b9fc1b2915b0a490e2b0c593421,0,356,709,2319,709,1963
44af1119a6323bfd766f05c5748e993a,37914404bda041672a64c339eaeb8aa9,0,582,784,3518,784,2936
44af1119a6323bfd766f05c5748e993a,145481822c622ba76876b6159c552b12,2027,679,2800,2850,773,2171
44af1119a6323bfd766f05c5748e993a,1b19d24879840c5060345f15e72603b0,0,0,1010,3415,1010,3415
994f92f5a8896d64ec0d8705f53c5139,ae82bff08ab5184ef7bf12df8aa51f3e,1151,0,2012,2812,861,2812
f097ca9186599dab09007641d6a1eaed,8a7dd36db17e826fa51c8649c60e1c77,0,0,942,2466,942,2466
d955eb69b20823839ef6ceb6c2b5c8e9,00095c0bc0043119471c227b056939e5,2203,967,2800,2605,597,1638
44af1119a6323bfd766f05c5748e993a,842047ab0d82474664d6438dac5917d3,1758,0,2800,3518,1042,3518
d955eb69b20823839ef6ceb6c2b5c8e9,98504ef5d429c9ae21f9c63ca26c2bdd,2142,0,2800,2907,658,2907
d955eb69b20823839ef6ceb6c2b5c8e9,92f0490f7fa37e071e3196f37e50419b,0,624,564,2316,564,1692
d955eb69b20823839ef6ceb6c2b5c8e9,5893af38541eeba77509acb95d1a2fd6,0,0,656,2900,656,2900
2ef26adb5285f057ae0b92285091367e,66cfc5eeea69f4797a2300e6a49c89b0,0,630,869,2518,869,1888
994f92f5a8896d64ec0d8705f53c5139,1f44fda18174625bfb2718f7cd749de9,1279,176,2012,2071,733,1895
994f92f5a8896d64ec0d8705f53c5139,f8fd4775e9a1103afc346874c23e279b,0,0,920,2812,920,2812
2ef26adb5285f057ae0b92285091367e,fa513c42e8077305162239f17299f324,1883,497,2800,2425,917,1928
dcbaf6c022593c891af5757af590c4e1,1eeba1cde935cdef8fbc543e880c10c8,0,0,771,2233,771,2233
dcbaf6c022593c891af5757af590c4e1,1b1445c6fbdf8a3379dd7090ef5e1100,2097,0,2800,2465,703,2465
dcbaf6c022593c891af5757af590c4e1,079b6a1cc760be275d03131e85616a41,2110,0,2800,2481,690,2481
dcbaf6c022593c891af5757af590c4e1,d0405bd0028894cc2a18b0ab94d132a4,0,0,643,2451,643,2451
2ef26adb5285f057ae0b92285091367e,6a25d623a7f46844811c6eacd697d68f,1891,0,2800,2647,909,2647
2ef26adb5285f057ae0b92285091367e,f420fb155ce88c4409a5866b571420b0,0,0,870,2559,870,2559
1ba2c84f59721618a813de779c880fd7,f6b1f1829b65ae195866f1eba2cb4827,0,475,818,2469,818,1994
1ba2c84f59721618a813de779c880fd7,44fdca9e39513c73703d452730fb39b5,0,0,909,3175,909,3175
1ba2c84f59721618a813de779c880fd7,6873d1aaecb91ad53eb43ac38a1fa258,1881,452,2800,2505,919,2053
36bca8fdc9ecf34db514e932c6739a57,7fd70b18caa37aab5be648f9550a3b2d,0,454,1504,3039,1504,2585
6eddc84b8f7827179a9fbe45cbdc887b,1bc9670fd976b05fd24155e30a30de63,2119,769,2800,2685,681,1916
6eddc84b8f7827179a9fbe45cbdc887b,6226e6b8454fc5a2a3a6a39d2647cea5,0,611,804,2711,804,2100
6bd2e4a33c58df8a6b88e057a3d4f570,0a93caa224aaaae956302116ca60a5e5,0,722,958,2868,958,2146
c67449b686464bf08e4055bc3bfc13db,5b5fd81574197d3364440d1ae35076e5,0,347,851,2701,851,2354
6eddc84b8f7827179a9fbe45cbdc887b,edfce93289ba4493271f67a605428abc,0,0,889,3223,889,3223
6eddc84b8f7827179a9fbe45cbdc887b,83b6adee7f5666514f73f887060079d8,1996,0,2800,2880,804,2880
36bca8fdc9ecf34db514e932c6739a57,b5d186057e352ebcfd333177abc60393,1418,502,2800,3001,1382,2499
6bd2e4a33c58df8a6b88e057a3d4f570,d69b715aa17c2cd6b7ade3db5d6cac2b,1814,421,2800,2465,986,2044
780d29ea511dd54553938fc374d3abee,92913aff32817fcf946d3b1927658c96,2044,0,2800,2725,756,2725
c67449b686464bf08e4055bc3bfc13db,0d8015f06b2dbce2c32ed78d519b9076,1861,0,2800,2659,939,2659
36bca8fdc9ecf34db514e932c6739a57,969026a60399d2a4b9b3d29785ff1fc8,1277,0,2800,2795,1523,2795
780d29ea511dd54553938fc374d3abee,437835fa27f97a76fec815140fa83bf3,0,548,712,2572,712,2024
c67449b686464bf08e4055bc3bfc13db,a378a460ae5020c80906e4c95cec678b,0,0,937,3518,937,3518
6bd2e4a33c58df8a6b88e057a3d4f570,476c58f6b184e72aa27c8ffc88cc7b8e,0,0,989,3518,989,3518
cd8f3d993b89a804ff9c861119834212,abb47bfe72f3c6281d8f7607cd08cd57,865,0,2012,2790,1147,2790
780d29ea511dd54553938fc374d3abee,7664eb400500e1c265c4ca2a6f2773e9,2039,656,2800,2636,761,1980
6bd2e4a33c58df8a6b88e057a3d4f570,1273b140695163fed8976f3473cdf420,1784,0,2800,3518,1016,3518
c67449b686464bf08e4055bc3bfc13db,a454bffc7755883a9ffab6bd70700d7a,1905,751,2800,2826,895,2075
cd8f3d993b89a804ff9c861119834212,3ac542fb5ead1fd2943a5a8b95d753c6,907,118,2012,2479,1105,2361
cd8f3d993b89a804ff9c861119834212,34a25e89304470980ab362031b31c5dc,0,0,1221,2812,1221,2812
cd8f3d993b89a804ff9c861119834212,9b7568cdbc2039752db59d4c8a21941d,0,210,1149,2587,1149,2377
780d29ea511dd54553938fc374d3abee,a5d2d9e49b8fcd4349857d132d439269,0,0,748,2580,748,2580
1ba2c84f59721618a813de779c880fd7,9885ede01e60756028ae87eea39d4cc1,1775,0,2800,2555,1025,2555
36bca8fdc9ecf34db514e932c6739a57,9ce97bf612ea49bd1966e59a7461ef71,0,0,1537,3518,1537,3518
0a1dc220382dfae8af7f04d91fc99cfb,ce725f1550ddca094b950905a7d901f8,2024,478,2800,2717,776,2239
0a1dc220382dfae8af7f04d91fc99cfb,62ad1a54eff120cd5396b70ee1d5f1dd,0,675,680,2787,680,2112
0a1dc220382dfae8af7f04d91fc99cfb,42b7cc3c5815868327568035e624c631,1984,0,2800,3518,816,3518
fe23c1647f7617ef219a0a0e07c9eec5,3603d90404a0d6a7bc27822ecd1a7ae0,1717,0,2800,3518,1083,3518
fe23c1647f7617ef219a0a0e07c9eec5,cb02caed6492a9619e93a3bd265a9c7f,0,0,1016,2829,1016,2829
0a1dc220382dfae8af7f04d91fc99cfb,2c5cdab790d50af38bfa8ec7718784dd,0,0,941,3517,941,3517
fe23c1647f7617ef219a0a0e07c9eec5,a2db9f0fb96f841c6e6da08821e51109,1697,411,2800,3518,1103,3107
91fa0f4dcaeafbdc6adbed643bc14cc8,c775454c6225298abb164340b7ef8487,1759,0,2638,3580,879,3580
91fa0f4dcaeafbdc6adbed643bc14cc8,8e02cc4c276c6bf54f6598fc9a2e39b4,0,629,749,2773,749,2144
de0b57f5421dfff47e3ef1e6868408c7,54ed3cf56faea1b81d81265bf8ce20d5,1923,0,2800,2780,877,2780
de0b57f5421dfff47e3ef1e6868408c7,299ac042faeaa35453442c295a23446e,0,599,855,2401,855,1802
de0b57f5421dfff47e3ef1e6868408c7,50dcec099535fc9e2eb936cae51534df,0,0,901,2799,901,2799
4d4f30f2a7d775c04ee15f3ba8c647e7,6e68a717fcbb6be43671623e8c89a61f,0,498,988,2582,988,2084
0e32dd9f5b09d5e474a378f75611b3d7,f9285d969b45e1ff22dc142805eb61ae,0,535,953,2768,953,2233
fe23c1647f7617ef219a0a0e07c9eec5,39f3ef0e8046a9b4e6c81262d634053d,0,428,1144,2870,1144,2442
4d4f30f2a7d775c04ee15f3ba8c647e7,ecba09693380ff4f6e3c447b9c8291c9,0,0,1068,2773,1068,2773
91fa0f4dcaeafbdc6adbed643bc14cc8,8e347936d18fe1e9d88eac36a86e385b,1783,824,2622,2951,839,2127
0e32dd9f5b09d5e474a378f75611b3d7,d7d7546934d6ded636938f074fbb0242,1770,0,2800,2674,1030,2674
4d4f30f2a7d775c04ee15f3ba8c647e7,2859edef568b66b2ab4e9cef76b569d4,1687,0,2800,2705,1113,2705
0e32dd9f5b09d5e474a378f75611b3d7,1a84ee7e7214a00e3681b811633b0c53,0,0,1045,3518,1045,3518
de0b57f5421dfff47e3ef1e6868408c7,0f26937cfcaa4eb014ff6f9eb8203af4,1954,505,2800,2420,846,1915
4d4f30f2a7d775c04ee15f3ba8c647e7,35db592141e18ddeb2556019f7873b0e,1829,473,2800,2593,971,2120
0e32dd9f5b09d5e474a378f75611b3d7,66e6c6f2c85d87f274bbbed22532803e,1826,535,2800,2722,974,2187
2c536e8b72454ad979b24648db6d7af0,65b0ee3395e8012580aabe4298b8db29,1897,766,2812,2864,915,2098
91fa0f4dcaeafbdc6adbed643bc14cc8,536fb4a95ebe1894077dd1f48f3533a5,0,0,859,2765,859,2765
9d309cad24ac17358bb506e027a22e6d,1aedd7fc33c55fb511e2dcb7a8493509,0,0,725,3410,725,3410
53ce6799ae52bedf2c0b1ded194d4fb0,0e5e0c8b9518505726b59afc5ba82b8d,1880,0,2800,3518,920,3518
53ce6799ae52bedf2c0b1ded194d4fb0,2b4d7a7297cbad48ce83c916f8603224,0,0,900,3518,900,3518
9d309cad24ac17358bb506e027a22e6d,a9bfa788e807e641ee576e4f040749e7,0,966,575,2730,575,1764
53ce6799ae52bedf2c0b1ded194d4fb0,fe97d367b4800c1e6835d1d720b41d0b,1846,276,2800,2502,954,2226
2c536e8b72454ad979b24648db6d7af0,ddf0592485d93d7084c29f1fa5e5c443,0,408,863,2591,863,2183
9d309cad24ac17358bb506e027a22e6d,82027c9d4086e2a927da17cbcb17d2a9,1991,0,2800,3518,809,3518
ab610274fcb498c76b9cb7c3799135dd,54cc1357315232445ddeb778aaaf5eb5,1857,72,2800,2545,943,2473
53ce6799ae52bedf2c0b1ded194d4fb0,0067144f99fc95bf1633b72eab0cc0f2,0,165,980,2569,980,2404
ab610274fcb498c76b9cb7c3799135dd,3c2d5ded5adb7822e11440d2727e892f,0,482,952,2814,952,2332
ab610274fcb498c76b9cb7c3799135dd,46e03a59791b87f9c4a5a5b55db1a5bf,0,0,993,2914,993,2914
543d36c1e4f0957fddd46c3078f21c93,80440acf117f4cecd3ac74097adc8101,1844,546,2800,2476,956,1930
9d309cad24ac17358bb506e027a22e6d,0e177897b36fbaa1a151aeeb9aed25ff,2144,572,2800,2347,656,1775
ab610274fcb498c76b9cb7c3799135dd,4342993e46b44fffa1d3d7b89aa7f4d1,1900,0,2800,2737,900,2737
11a805c8502278c99c9c0720591a6a65,18fa4ad6622a87b7911c5404fbfa28d3,0,0,739,3518,739,3518
11a805c8502278c99c9c0720591a6a65,144cb409597fb772a300c6eb2c3d77da,0,0,741,2355,741,2355
543d36c1e4f0957fddd46c3078f21c93,4aeb8650b6463e4b1a5ed33086a797b5,0,821,1035,3518,1035,2697
2c536e8b72454ad979b24648db6d7af0,b5ae06a11207fe5bd03c4ff05dca25f9,0,0,925,2839,925,2839
2c536e8b72454ad979b24648db6d7af0,68d8e8224d734cc788f6f568cc7a68e6,1815,0,2812,3116,997,3116
543d36c1e4f0957fddd46c3078f21c93,7d0b427e2b5e194df200885b9008a9fb,1777,0,2800,2504,1023,2504
543d36c1e4f0957fddd46c3078f21c93,af4e832e17a6fb764a81ee2e2f8fdd40,0,0,1121,2814,1121,2814
4279642f86acf6669b6555401fbb1ddb,da2ba524560518e0c30d376bb7828690,0,460,1200,2496,1200,2036
11a805c8502278c99c9c0720591a6a65,f679fc590e0d3bce33477f2ddaa398ea,1918,0,2800,3518,882,3518
2609e6869f52bae7df7dcfa182b8dac6,b45e6e5896fae3ed194226a6cf7b41d6,2080,0,2800,3518,720,3518
4279642f86acf6669b6555401fbb1ddb,ec06a6e0788fdfd591cc7c3c35156cc6,1631,506,2800,2596,1169,2090
4279642f86acf6669b6555401fbb1ddb,f86712f699aa15698bc23fb25c8233d9,0,0,1303,2858,1303,2858
2609e6869f52bae7df7dcfa182b8dac6,882d6978d359b794e600c36ffda6bdd1,0,0,737,3403,737,3403
2609e6869f52bae7df7dcfa182b8dac6,263e88cda010c7478be5dba751864ef6,2126,531,2800,2755,674,2224
2609e6869f52bae7df7dcfa182b8dac6,eb42d232da4facffabfee8e9b09b6015,0,651,705,2868,705,2217
11a805c8502278c99c9c0720591a6a65,20eaeaa0a65becc9cdb56a60e7166053,2150,0,2800,2269,650,2269
4279642f86acf6669b6555401fbb1ddb,45e02b7be01e1a94600b4932a54567d9,1517,0,2800,3248,1283,3248
f99a5505fc6e9b6fb710a4f50b197007,1ccd7f9dfbc9d2cf46d64b5f53c68da9,0,243,998,2623,998,2380
d6c5932b95b9f03f4a70dc627ac7b8de,7e279279174120a7bd49d2e142c0bac6,1546,789,2800,3518,1254,2729
d6c5932b95b9f03f4a70dc627ac7b8de,cf304b6c5ce61a389943b4773359666b,0,675,1022,2703,1022,2028
d6c5932b95b9f03f4a70dc627ac7b8de,cac4e653b793ea51e867f74bc056833f,1600,0,2800,3518,1200,3518
a379ed2555effcd53e53db61dfd9f1ce,298e5b0956d0a8da8a4f23fc397c4e22,0,209,800,2242,800,2033
a379ed2555effcd53e53db61dfd9f1ce,12000b48d6dcc71615552dfef5493a51,2018,0,2800,2364,782,2364
a379ed2555effcd53e53db61dfd9f1ce,873d7741ecf381da850ffde94015771c,2035,559,2800,3518,765,2959
d6c5932b95b9f03f4a70dc627ac7b8de,d83a15fd4a88f85d3bfdab0b6624e958,0,0,1141,3518,1141,3518
3f9a7fb1207835906ab53ac8ca95c318,7397368665c6a30a9e857f8148c24df6,1759,593,2800,2832,1041,2239
f99a5505fc6e9b6fb710a4f50b197007,80c0ed3e944ef6ea05319c0ab69818b0,1874,352,2800,2625,926,2273
cbf65b79b18fcec0f20a696e65261936,7d99431d4bb7466bc45b3222db9cc78a,1811,209,2800,2369,989,2160
a4d05af153f167585078fce7ffa3299f,e7b9b926ebe16ebbe2b001113e6a564f,0,0,1006,2814,1006,2814
cbf65b79b18fcec0f20a696e65261936,cb0dd9a235e0b203018dd0d6b982c0a8,0,0,907,2452,907,2452
a4d05af153f167585078fce7ffa3299f,d2e7934cca489fdbbc70b4becbbdd5c4,1985,536,2800,2619,815,2083
f99a5505fc6e9b6fb710a4f50b197007,4d14d8f7136dba0ddc3d8dd21798e849,0,0,940,3518,940,3518
3f9a7fb1207835906ab53ac8ca95c318,ce746397a76f44fcd4f1528dc7e93fa6,0,0,964,2648,964,2648
8ba32de0da91f4f343dfb978c5e64125,6ee19953e9a7c35fd72a82e79fe8ab99,1805,0,2800,2866,995,2866
a4d05af153f167585078fce7ffa3299f,e8078b9466618963740ba7e6f5d8cabf,1852,0,2800,3136,948,3136
a379ed2555effcd53e53db61dfd9f1ce,1b1c53f8be84a5be64fca5dbd45d5a60,0,0,871,2448,871,2448
cbf65b79b18fcec0f20a696e65261936,57e1e5a007ddaa1b61acb3f975ff8fef,1823,0,2800,3518,977,3518
3f9a7fb1207835906ab53ac8ca95c318,206c3595b91967c4169f4fa2ea3fb4c3,1710,0,2800,2728,1090,2728
8ba32de0da91f4f343dfb978c5e64125,86aace0f2a98f1d351ac389d90cc44c5,1735,368,2800,2500,1065,2132
44df3cba954815e5801d29d64cfd1089,d885665d2c6b2c927686019781c131ce,1656,0,2800,2802,1144,2802
d6d9824d91cfad13a10f23f26c4c7854,5fed797aa63c8200f5d4bd055f18401b,1714,610,2800,2535,1086,1925
cbf65b79b18fcec0f20a696e65261936,26f511ff43db8486a9496446c461a410,0,711,875,2591,875,1880
d6d9824d91cfad13a10f23f26c4c7854,6e7fd0e35cfd0d6a6f78b60ed69cacff,0,913,1067,2640,1067,1727
44df3cba954815e5801d29d64cfd1089,fc8a47fbd0042eef5c532a9ed4bf230a,0,376,1007,2671,1007,2295
a4d05af153f167585078fce7ffa3299f,3d33fe761650c506444447f1e7fde9d8,0,811,744,2813,744,2002
8ba32de0da91f4f343dfb978c5e64125,0a84d9a13d63454b1745a265596e87b7,0,893,890,2882,890,1989
f99a5505fc6e9b6fb710a4f50b197007,2fdddac619de07926f380afc37b4f6a3,1849,0,2800,3518,951,3518
44df3cba954815e5801d29d64cfd1089,507ef0dd8b7e384f3b2e6c893286e2f4,1658,180,2800,2522,1142,2342
f2794837a4d5a4b234853483c7a20d49,8cda4796679da67947d2ad959c78f654,1813,321,2800,2539,987,2218
8ba32de0da91f4f343dfb978c5e64125,94a2db1ad768d9265203f1932c2b9542,0,0,963,2575,963,2575
eba1677d3192004feb933d7ffb41edcd,7edab78b55b125d8b5f87f1f44f6f72f,0,698,630,2703,630,2005
f2794837a4d5a4b234853483c7a20d49,659d73c36bccfd3f6deef0f75e994542,0,477,1035,2716,1035,2239
44df3cba954815e5801d29d64cfd1089,203f68ad2b6f8d591f00dab340111331,0,0,1161,2743,1161,2743
3f9a7fb1207835906ab53ac8ca95c318,b2400067a28180173ab967df20ddb2b5,0,451,1226,2678,1226,2227
f2794837a4d5a4b234853483c7a20d49,7ca6843ddfdec2075280d869618dd930,1677,0,2800,3328,1123,3328
d6d9824d91cfad13a10f23f26c4c7854,3ebbea08d8a953ef14b8ceb488907cde,0,0,1096,2457,1096,2457
9516d5a31528904a961d9040e2ebb007,4e8af3844aa5db103c3f8cc8d7873389,0,0,806,2275,806,2275
9516d5a31528904a961d9040e2ebb007,612aeec229f412092c8c940a2432c597,0,320,629,2559,629,2239
d6d9824d91cfad13a10f23f26c4c7854,3bba99ff9f007c493d06aa4f73fe12bf,1628,0,2800,2649,1172,2649
9516d5a31528904a961d9040e2ebb007,c70d4243b0f16084fcc985dbb30ad144,2139,532,2800,2473,661,1941
93bb732888a078aba62f03e40120a208,62229097e605c27258e2c019aa6f0605,0,0,885,2812,885,2812
eba1677d3192004feb933d7ffb41edcd,df67c37fdaa9e3062f9638bfacfcbeb9,2009,0,2800,2826,791,2826
eba1677d3192004feb933d7ffb41edcd,49564341c02a922d3fd9d298092bdac8,0,0,818,2871,818,2871
9516d5a31528904a961d9040e2ebb007,fb26509a75740e2e8054e95c67abd6ff,1944,0,2800,2173,856,2173
d347075c1b8f1bdb656f88042024459d,b703402d6cc64c2272d099fdb79e5b18,0,117,821,2261,821,2144
d347075c1b8f1bdb656f88042024459d,0c61f640052524b864864fbd5b259444,1176,337,2012,2812,836,2475
d347075c1b8f1bdb656f88042024459d,2195b8522f91a428dfc33695fc7854ca,1313,0,2012,2532,699,2532
d347075c1b8f1bdb656f88042024459d,3a61673180ece66805cf9d9e95c09f15,0,0,827,2766,827,2766
eba1677d3192004feb933d7ffb41edcd,46154384c2e794a936240c55d7c83789,2049,249,2800,2298,751,2049
f2794837a4d5a4b234853483c7a20d49,c7ddaccc6c3fcc314d9e7b4f4eabfbc3,0,0,1170,2993,1170,2993
1ac9f91c171fbade76817d8a9177b341,a900a422d6babb7ca9cf9d258a4f39b0,0,359,1165,2712,1165,2353
1ac9f91c171fbade76817d8a9177b341,1a0aabff41aff1086dff443e9d73106d,1769,0,2800,2657,1031,2657
1ac9f91c171fbade76817d8a9177b341,b4b3bad7626ca0657b97b772b16a40f9,0,0,1151,2803,1151,2803
93bb732888a078aba62f03e40120a208,e5f51b743734e0d26ead18f72ee54a7c,0,0,675,2812,675,2812
93bb732888a078aba62f03e40120a208,d502e85fb52b013f035bf382c61adbd0,1124,0,2012,2590,888,2590
93bb732888a078aba62f03e40120a208,26abac4ddb56036b549ebde0bcb8087d,1255,0,2012,2359,757,2359
1ac9f91c171fbade76817d8a9177b341,215761079edf511e84c4deecd018dc56,1883,200,2800,2532,917,2332
4217d92a375d6a2293584ef03fbd1289,c1ef0e542aaa4d60b6724b03dacf87ea,0,0,986,3518,986,3518
4217d92a375d6a2293584ef03fbd1289,d609f499579f74375518421fd7aaf526,0,422,1006,3371,1006,2949
4217d92a375d6a2293584ef03fbd1289,c4402f9aef4a184d67c7e4fc0fbaaa7a,1703,596,2800,3518,1097,2922
b31ace4fc8a941dd0d6a79329c007198,db1cc704e5cbabf5c5d5546f57517365,2069,167,2800,2470,731,2303
b31ace4fc8a941dd0d6a79329c007198,44905c5733ad9b24769cc8e0e61f5b3c,0,142,699,2630,699,2488
4217d92a375d6a2293584ef03fbd1289,c6e06bafa83b9252870e406de15a96e1,1812,0,2800,3518,988,3518
b31ace4fc8a941dd0d6a79329c007198,212a6896a44a5d32ef256f72ebd603e5,2107,0,2800,3518,693,3518
b8525a45a5b0725f175c789714323d14,2720ea85d33e67ee42a10a42a9c08c2d,1760,333,2800,2905,1040,2572
b8525a45a5b0725f175c789714323d14,4ca31fdcc52b36a102119a32f8b11d22,0,757,1100,3159,1100,2402
31a617842927c689ff4689f27cedb050,2f29a37ab84ad59a93c54b1ebcd9e52d,1165,471,2012,2568,847,2097
31a617842927c689ff4689f27cedb050,e395e67ace378d825beb0df03bafa238,0,181,1055,2396,1055,2215
244b12e18f65959621bb64944e336cad,59c52ac52030e61cad171e609cea9229,0,626,910,3518,910,2892
244b12e18f65959621bb64944e336cad,b8ff9216897655395831485499290bd4,1864,203,2800,3360,936,3157
244b12e18f65959621bb64944e336cad,bf3fc571d081bfce67c25fd19287597f,0,0,898,2548,898,2548
b73fd49bd14119a55d952897305d8bc8,399bbb71b424c90ca094a26d082c1189,0,219,1121,3518,1121,3299
989692b6029ea5288b4dfe8e7ecb47ee,5bd5e6c9d1253d4f9a976def9a2faa44,0,360,894,2702,894,2342
b31ace4fc8a941dd0d6a79329c007198,ceffb9064e8e9dafd710658560c5cece,0,0,751,3518,751,3518
8c19cfad3d0e8fe657a033e31a445de8,419c430d35e04ac0bb846b149351424d,1842,0,2800,2475,958,2475
8c19cfad3d0e8fe657a033e31a445de8,5f97332ae48dfa62eaaefd0b934d996e,1879,310,2800,3518,921,3208
b73fd49bd14119a55d952897305d8bc8,be1f4adf5e9546cac65ec3c685684884,1804,402,2800,3518,996,3116
31a617842927c689ff4689f27cedb050,ff44cbcd0ad13eaaca7ce108f5807d2d,0,0,996,2345,996,2345
db1173537c3cdce27f93b94ffce710e5,8092d4384e6f5194ee9c59c5e562f6e7,1914,507,2800,2690,886,2183
244b12e18f65959621bb64944e336cad,598ee39af1afef4cfe6ce2220699ab49,1884,0,2800,2734,916,2734
db1173537c3cdce27f93b94ffce710e5,f2cd7d25be05bc742a3e26132447c599,0,656,859,2835,859,2179
989692b6029ea5288b4dfe8e7ecb47ee,5ff7eda5ae661c652ffee0c617eb0bdf,1785,0,2800,2608,1015,2608
31a617842927c689ff4689f27cedb050,a5ef055bb3251bedd1a008cf0da9e250,1158,0,2012,2476,854,2476
989692b6029ea5288b4dfe8e7ecb47ee,844312f25ed0eee426ecf0af948222b7,1819,114,2800,2680,981,2566
b73fd49bd14119a55d952897305d8bc8,f2a00a2f10871536cee9636a42659a01,1853,0,2800,2430,947,2430
8c19cfad3d0e8fe657a033e31a445de8,22d53eb4f8972b2daf2ed426a32a12dd,0,470,1143,2656,1143,2186
b8525a45a5b0725f175c789714323d14,0f8ac762579c68c8b6764b6e6d105589,1626,0,2800,3518,1174,3518
9cd11142270fc4e1188ccc8b02d23322,af57a0fab5ac65a0649e1c704dd9ff77,0,0,906,3518,906,3518
9cd11142270fc4e1188ccc8b02d23322,5e4e0eb37056fddb893c7a5c6ac33a5b,1911,0,2800,3518,889,3518
db1173537c3cdce27f93b94ffce710e5,cb0d7d58e5aa13200d2f30e243436b80,1840,0,2800,3518,960,3518
9cd11142270fc4e1188ccc8b02d23322,c2ad20b85df240f3cef3681b3ee847b2,0,511,858,2735,858,2224
b73fd49bd14119a55d952897305d8bc8,258d33d5955e5b48e88823fe52537c75,0,0,1014,2521,1014,2521
9cd11142270fc4e1188ccc8b02d23322,35529cbc5b22c72b5da91ca7dd44a834,2104,799,2800,3518,696,2719
db1173537c3cdce27f93b94ffce710e5,c392b7b06894bb6d875349fe0380bbca,0,0,938,3111,938,3111
8c19cfad3d0e8fe657a033e31a445de8,908ec10e68a5ffcb8d8ad108a655cc19,0,0,988,2511,988,2511
e9bece069ff09d6f88f4d6f36870d213,10bcfcfba83768729ce7b729aebc288e,1370,0,2800,3142,1430,3142
65cc6f6d68c0bfca8d3a641f49fa7f22,9cb34a6106f7665a392510dd35de7d09,2133,0,2800,3518,667,3518
e9bece069ff09d6f88f4d6f36870d213,d94c48f761510fcb6224cd01a5c9b5bc,0,454,1300,3377,1300,2923
65cc6f6d68c0bfca8d3a641f49fa7f22,655d1dadd54d8852075eb4889c0ca1c7,0,868,566,2630,566,1762
441e287ce46abc5754225ce409f89460,430acd8096d9ed2f2042b71308ebecc4,0,0,801,2365,801,2365
65cc6f6d68c0bfca8d3a641f49fa7f22,fb2b48cf3f0c4632848eab3707d0bfac,0,0,724,2807,724,2807
65cc6f6d68c0bfca8d3a641f49fa7f22,a60c7c12b825240b3dddb6588500aa3c,2154,753,2800,2527,646,1774
04be029ff16ea8f57658146acdf5f88e,bff0773db40cbbd08658473bd7996fca,1209,0,2012,2812,803,2812
441e287ce46abc5754225ce409f89460,75dedca4e60c3f520ba92cc0e8cabe79,0,450,782,2632,782,2182
04be029ff16ea8f57658146acdf5f88e,0103fc3489dfc797d8d8552cc6272630,1172,0,2012,2531,840,2531
e9bece069ff09d6f88f4d6f36870d213,3940d6dfe715741d466e77a8fdb84822,1419,432,2800,3135,1381,2703
e9bece069ff09d6f88f4d6f36870d213,a617ce65cb5911f9c3d35954ddb28ed6,0,0,1373,3518,1373,3518
441e287ce46abc5754225ce409f89460,f6c16eada3ffebcd7403f5df1c9fe345,1799,0,2702,2300,903,2300
989692b6029ea5288b4dfe8e7ecb47ee,0ee011dd1531e7a0f9977cf501303952,0,0,876,2559,876,2559
04be029ff16ea8f57658146acdf5f88e,7ba82a78dd80433297415253e6336478,0,226,825,2812,825,2586
f1cc4801f528a9f7ad1d0c08b647ae3f,aa1bdf550fb074de74262d4885b76ccd,0,0,1459,2650,1459,2650
f1cc4801f528a9f7ad1d0c08b647ae3f,19d544214c66b1457ca967a6e7ef21fa,0,442,1455,2972,1455,2530
441e287ce46abc5754225ce409f89460,0eac94e36b73930d4d44b806026fc0ff,1694,724,2670,2958,976,2234
04be029ff16ea8f57658146acdf5f88e,924f1fcae2be68a4a3148440e2cbaab3,0,0,891,2812,891,2812
f1cc4801f528a9f7ad1d0c08b647ae3f,26ea83fa310e4692ea445dcd829f82b1,1374,0,2800,3518,1426,3518
f1cc4801f528a9f7ad1d0c08b647ae3f,97d8b56a28dc58762735074e0d628ca1,1403,390,2800,2810,1397,2420
b8525a45a5b0725f175c789714323d14,3e88cc60eb6fd746a7af455e14009c2b,0,0,1141,3153,1141,3153
2d865ede57e6459f8a886ac5b9ad03cb,5b69bebaee36adf3e836e49cd26941c1,0,0,956,3518,956,3518
2d865ede57e6459f8a886ac5b9ad03cb,1a254d24dbeb0d16d01e594aee10460f,2202,543,2800,3518,598,2975
3ede3de12fc4c4bb837f7422a3a16380,7611f0ce13bdb27a47d820d24481808c,1820,484,2606,3475,786,2991
2d865ede57e6459f8a886ac5b9ad03cb,0bb4feeb4667b07707dced009be9fe2c,0,584,829,2947,829,2363
3ede3de12fc4c4bb837f7422a3a16380,061bf98fabad5f9d99fb1919346a3a76,0,459,722,3484,722,3025
3ede3de12fc4c4bb837f7422a3a16380,adb001c2aa189526561abc1ceb82810b,0,0,833,3148,833,3148
8150c98ec19092ec79e88114c6b83e1b,170f90c87af89f6b37ad8fad7820b1ba,1477,330,2800,2704,1323,2374
8150c98ec19092ec79e88114c6b83e1b,7e32fabc9f6c90d7fc86628bd4bb4028,0,589,1211,2945,1211,2356
8150c98ec19092ec79e88114c6b83e1b,50a37025e2afb25b531813dfb6099d86,0,0,1397,2713,1397,2713
8150c98ec19092ec79e88114c6b83e1b,453f729ff22518a6f40bbd38728fe5a3,1437,0,2800,2927,1363,2927
41dbb4cd0d6893864e452a85e99997b3,26a596106d2898bebe71f52a17bec084,0,264,691,2812,691,2548
41dbb4cd0d6893864e452a85e99997b3,1296a14f69d26694240c4ca927d1b3b2,1219,40,2012,2556,793,2516
2d865ede57e6459f8a886ac5b9ad03cb,36b768cb142bc81b40e9d0c979735e64,1751,0,2800,3518,1049,3518
3ede3de12fc4c4bb837f7422a3a16380,a25f7709f657945b8433a71712f74600,1715,0,2654,3453,939,3453
6b7f51c83d7f30522c9e20af3ffd02a0,c1e16d6db6404195a74d83eb6f6ea564,1987,0,2800,2800,813,2800
6b7f51c83d7f30522c9e20af3ffd02a0,57c864b82301982af8e3d0b993405704,0,492,789,2432,789,1940
6b7f51c83d7f30522c9e20af3ffd02a0,590a04122636e55b75bb21a5e286deba,0,0,846,2871,846,2871
41dbb4cd0d6893864e452a85e99997b3,dcaf676fee5cc2bd19977aa26e2e1165,910,0,2012,2812,1102,2812
41dbb4cd0d6893864e452a85e99997b3,7f223a05a366501318145e046f77aa87,0,0,813,2686,813,2686
af0789718f9c738bc94b3217b8518b98,ba33a040996f69a98fef8fb3081ac68f,0,324,956,2764,956,2440
af0789718f9c738bc94b3217b8518b98,d8c0a088ed3bb6aeb59df626a913ca48,1999,559,2800,3518,801,2959
6b7f51c83d7f30522c9e20af3ffd02a0,ab6d9fc63bbeb0ef570d6a2b52ac2fd0,2162,719,2800,2442,638,1723
af0789718f9c738bc94b3217b8518b98,615f79847af8543a3115c9b52b422ff7,1934,0,2800,3518,866,3518
af0789718f9c738bc94b3217b8518b98,171d55a4927e1cde18769e92e8812c24,0,0,906,3052,906,3052
e90953afe065fba4ca40f5b974a2c15c,a7d5f7a79b8ef8516537f81769cbaadb,1701,0,2800,2999,1099,2999
e90953afe065fba4ca40f5b974a2c15c,f558d792a0efdcedde404248451f4b32,0,0,1181,2935,1181,2935
e90953afe065fba4ca40f5b974a2c15c,b724dc662409a994b9bcab4ab76003eb,0,520,986,3355,986,2835
86a98170d7f434e56f89168f8b7c3c8c,b14d40b0221fc76cf05acbec7d89a223,2180,572,2800,2449,620,1877
e90953afe065fba4ca40f5b974a2c15c,5a6a96cbc3c7ecccb63b5192a6d180bf,1762,621,2800,3518,1038,2897
86a98170d7f434e56f89168f8b7c3c8c,ea9f4ab4ccd06765abe0241fa03ffe69,0,936,726,2705,726,1769
86a98170d7f434e56f89168f8b7c3c8c,51164f392aaf8ecee271ad538954d0b0,0,0,765,3518,765,3518
86a98170d7f434e56f89168f8b7c3c8c,68485c632936e965249b2aee946aec2d,2134,0,2800,3269,666,3269
f70f3849063d185e2714ee7c4d62f8a9,9ea46f80e5bb928fccaf87e437ce223a,1835,685,2800,2715,965,2030
b043937e5a86668109a7c60063bf43d0,ae8e1d5895248b025d2412ae19142785,1268,0,2012,2587,744,2587
b043937e5a86668109a7c60063bf43d0,273cef145a191af14bb501f96bc1f825,0,381,729,2812,729,2431
b043937e5a86668109a7c60063bf43d0,9563d4f51241e01c2c16c9b6c29e480e,1250,117,2012,2355,762,2238
f70f3849063d185e2714ee7c4d62f8a9,b8a5c787d991c319585d5d96dbe647e5,0,0,1113,3518,1113,3518
c906ce2656516904ab76add039729c86,647395a8ab57e145a169f6c86b4ab760,1193,171,2012,2117,819,1946
c906ce2656516904ab76add039729c86,25e22a59f25c79cb497801f54d18f273,0,350,817,2290,817,1940
f70f3849063d185e2714ee7c4d62f8a9,2736a003064a48b3fac8c294e6821fc6,0,732,1081,2909,1081,2177
c906ce2656516904ab76add039729c86,e31cf23219357dc91f838cc28bb2084e,1222,0,2012,2676,790,2676
f70f3849063d185e2714ee7c4d62f8a9,929802114ba1833427ac743181d6cbf1,1711,0,2800,3518,1089,3518
b043937e5a86668109a7c60063bf43d0,58fc773fdf0157e62fd07b0f837d53fb,0,0,733,2777,733,2777
c906ce2656516904ab76add039729c86,aaae3d5c82c70c84dfa8d85579847f64,0,0,731,2603,731,2603
efd05c92ef8a8bea217cabe926c9bd3f,0b05c8bc59c11d7fae3b2af025aa08d4,1668,0,2800,2454,1132,2454
efd05c92ef8a8bea217cabe926c9bd3f,30d328215831289486898b869d5e2221,0,0,1125,2618,1125,2618
c970b20c33b70b5ae1d4e37c32d46364,ea94f9b7b657b62bea8a4f527deb021e,0,354,1417,2998,1417,2644
1655e8229f224faa520f598ed58fbfcf,b0b940d35391f8dd400a345f9956927d,0,346,973,2646,973,2300
9047f2eb0cda80c277bd169d6d240810,0bac94530476031873566b909b8f1161,0,0,651,2673,651,2673
1655e8229f224faa520f598ed58fbfcf,0b9253e05d7971b349eaa9b2e41d65e5,1914,52,2800,3506,886,3454
160294cb0d10850bb8e91257120563b1,994f93a6fa50b20afecf686a733b70a3,2108,0,2800,2211,692,2211
c970b20c33b70b5ae1d4e37c32d46364,ea83745deef1b80cac3bbe2fde70e16e,1548,388,2800,2884,1252,2496
9047f2eb0cda80c277bd169d6d240810,2ff7ec3c591665bbe23e5f892eccda6c,2116,0,2800,3252,684,3252
cd03d5b75d7349d56f1bdcbd2703ddf5,d2490317958a1708ce81abe8c5c41ad2,1993,827,2606,2676,613,1849
160294cb0d10850bb8e91257120563b1,9e489b71958e235367bbce487fcdf853,0,682,580,2442,580,1760
1655e8229f224faa520f598ed58fbfcf,7645d5ae4a7e0c9d8f2e5b21fccab5d9,1841,0,2800,3511,959,3511
9047f2eb0cda80c277bd169d6d240810,fa81d6994805601937dd950bca2e61a0,0,334,626,2232,626,1898
b89c9adf2e8872ccbfdf8f0129b4d2e2,d9aaf7dca06cb13c5b02f86fe14d11ab,0,492,1041,2686,1041,2194
c970b20c33b70b5ae1d4e37c32d46364,c93a06910ee7bf2eb09fb8e324627598,0,0,1602,2847,1602,2847
cd03d5b75d7349d56f1bdcbd2703ddf5,5b789505fc0356907eff3208036cd65c,2025,0,2606,2209,581,2209
c970b20c33b70b5ae1d4e37c32d46364,705828a82bf1107bb35a96a7588867d8,1403,0,2800,3518,1397,3518
efd05c92ef8a8bea217cabe926c9bd3f,24d1a1186567dbbb83fb1ee1dc5fbb5f,0,567,1228,2749,1228,2182
cd03d5b75d7349d56f1bdcbd2703ddf5,baf511682f18f8cdca59fa1eaff9f494,0,0,723,2080,723,2080
1655e8229f224faa520f598ed58fbfcf,259b79daf740bcb7fd9a7f7e42c09f35,0,0,1012,2950,1012,2950
cd03d5b75d7349d56f1bdcbd2703ddf5,1d605d35628064e2f14c0f629b34459d,0,563,688,2432,688,1869
563e8d7371cbdd5dd23a1c66cffaa1c6,cd923c0a7c5e60276594f8152ac32cf1,1252,0,2012,2559,760,2559
9047f2eb0cda80c277bd169d6d240810,52f7ee11ed52e113d57e5b1c5f7eede2,2350,982,2800,2601,450,1619
160294cb0d10850bb8e91257120563b1,8cdb9d18e66b81ca796d1df2c1870afb,0,0,645,2130,645,2130
b89c9adf2e8872ccbfdf8f0129b4d2e2,2300275e66fe8a175a8c47c807be3685,1837,455,2800,3518,963,3063
0eed82d8d6646b31122789b991427cfd,5210c3e783b6c8566d268b1d895018b3,1934,0,2800,3042,866,3042
366e89abddb98b166098c665ec609d90,dadff4b8347d011bd294bfdfb8246afb,0,0,929,3518,929,3518
0eed82d8d6646b31122789b991427cfd,5bc84d9834330b32577c9071c977c154,0,0,852,3075,852,3075
0eed82d8d6646b31122789b991427cfd,a85d18e9201c8ff0d01f6575a8959286,0,695,694,2662,694,1967
b89c9adf2e8872ccbfdf8f0129b4d2e2,c35f1e0e2450339c24cfeba3d1831198,0,0,1005,2600,1005,2600
efd05c92ef8a8bea217cabe926c9bd3f,a17c06588fec03efd6e17f3c7b528797,1685,603,2800,2687,1115,2084
366e89abddb98b166098c665ec609d90,ec25890b6fd422a360fad708738730b4,0,471,827,2737,827,2266
563e8d7371cbdd5dd23a1c66cffaa1c6,9b4c88479b6e6006f29cf491b6fecbd3,0,0,865,2104,865,2104
506b24ea9bae085ad43742ac847ba5c7,808578ec4bf9677151bec2234aee45dc,1727,32,2800,2331,1073,2299
b89c9adf2e8872ccbfdf8f0129b4d2e2,18730c811059d7313f8d9d9d27d38823,1684,0,2800,2691,1116,2691
0eed82d8d6646b31122789b991427cfd,caaaa03581adf1cef6728ee4429389a0,1920,487,2800,2417,880,1930
cf625da62a10d71de2ea0eb337d05e23,c669cea8ea737ba7d42319ccbeb74807,0,197,951,2391,951,2194
88b0ff64205bbdf68e94baf544718026,cf71395fd1ae6c641ffc8c69c4e484fb,1757,0,2800,2818,1043,2818
366e89abddb98b166098c665ec609d90,b80de1e6d587943118ff9754e6d9e2a8,1862,0,2800,3215,938,3215
506b24ea9bae085ad43742ac847ba5c7,e524fa9b7126273e64e60cf532f7c1df,0,210,1178,2704,1178,2494
160294cb0d10850bb8e91257120563b1,ae54ade847146182dd8718238f996f1e,2200,554,2800,2237,600,1683
506b24ea9bae085ad43742ac847ba5c7,90209518984ba1e79306838a9920ef2f,1735,0,2800,2676,1065,2676
563e8d7371cbdd5dd23a1c66cffaa1c6,7012a9c40fdb9be63e6e823c8de6b929,1249,206,2012,2349,763,2143
506b24ea9bae085ad43742ac847ba5c7,6881e567c1862da975e088e139135b6f,0,0,1168,3518,1168,3518
366e89abddb98b166098c665ec609d90,c02b8de8caf0b675dec15eb0b5ed2066,2068,781,2800,2800,732,2019
cf625da62a10d71de2ea0eb337d05e23,bc4a8195ae5c22ba43a6fd7d906dd722,0,0,1049,2633,1049,2633
563e8d7371cbdd5dd23a1c66cffaa1c6,501716818fede895a74e61a5c0891a82,0,0,780,2325,780,2325
88b0ff64205bbdf68e94baf544718026,b8e7ee5e6960dbf9df39666d7a777f66,1844,372,2800,2584,956,2212
88b0ff64205bbdf68e94baf544718026,9f5c8ed5162a5471ce41a0d7ce744322,0,529,934,2739,934,2210
88b0ff64205bbdf68e94baf544718026,85248071f63d66aee82e2b4226533a17,0,0,961,2689,961,2689
cf625da62a10d71de2ea0eb337d05e23,b460d8012f07937684040146ad5e009c,1078,229,2012,2466,934,2237
c7360c6740dcbe8491216ada6ae8b2a0,dce7898554efd8b922dd5425d828db8d,1791,566,2800,2663,1009,2097
18248772341ff08e5d510b7c6fbe7cd1,75551a2b58ae29dc337a6d5b2dbd608a,0,82,826,2140,826,2058
c7360c6740dcbe8491216ada6ae8b2a0,a3214c506a005b639b4d720de9cea847,1835,0,2800,2534,965,2534
18248772341ff08e5d510b7c6fbe7cd1,8b71168be48fa5a262a8b59cae31ea3c,1079,300,2012,2812,933,2512
18248772341ff08e5d510b7c6fbe7cd1,356976883b20d74993fc6ed547084ee7,0,0,950,2556,950,2556
adbe164cf88c288b4c6f5454bbab31dd,3b824a3886501b395e22d78f817b4b13,0,438,969,2763,969,2325
adbe164cf88c288b4c6f5454bbab31dd,b63ad02240804d2fe3f351b38b44f381,0,0,988,2904,988,2904
c7360c6740dcbe8491216ada6ae8b2a0,fdda702b16e007567305915b3bc35b87,0,0,1054,2415,1054,2415
cf625da62a10d71de2ea0eb337d05e23,ee88e97259f71fb0aeb19aef4a7de717,908,0,2012,2762,1104,2762
c7360c6740dcbe8491216ada6ae8b2a0,83f1502a8f9ec8071c119fc62abc6842,0,736,1027,2762,1027,2026
adbe164cf88c288b4c6f5454bbab31dd,09bb44db8414ef0bea85e8da4c8d3160,1787,0,2800,2685,1013,2685
18248772341ff08e5d510b7c6fbe7cd1,c29edad347c30602c3d3e606232a6c45,1006,0,2012,2812,1006,2812
48728ef1b0e6b3eaa91ae76a51f2045d,13116525547fbdb6461b462293d1fabd,0,86,940,2190,940,2104
4cf69ee5c1c1ac909e2ae7d26b8aa9db,28194d56a8201d4f92f97a364124bf2f,0,317,1038,2648,1038,2331
4cf69ee5c1c1ac909e2ae7d26b8aa9db,568377381a75fe2b531cf7fa1413f02f,1753,237,2800,2529,1047,2292
48728ef1b0e6b3eaa91ae76a51f2045d,29dad3d91739a8fc7280210dbf04d1b0,1074,0,2012,2498,938,2498
5d3def03323fb26740f5cdcc37817bff,452df5fc389935607c852ea850ed642f,0,0,1045,3214,1045,3214
56ff4bd823ad42c4413b1fe40deb4c0c,d763fcbd50c939a97a26a27ed0234820,1082,402,2012,2507,930,2105
56ff4bd823ad42c4413b1fe40deb4c0c,2a8a3192b15720aac274ec5d16803659,0,345,1013,2522,1013,2177
adbe164cf88c288b4c6f5454bbab31dd,8499e909b9052926a3b54d071134b061,1828,0,2800,2666,972,2666
5d3def03323fb26740f5cdcc37817bff,485718ab9e9d60360feafaf224b9d933,1985,710,2750,2951,765,2241
4cf69ee5c1c1ac909e2ae7d26b8aa9db,557bf00287372e82765673b7e55d626b,1741,0,2800,2861,1059,2861
48728ef1b0e6b3eaa91ae76a51f2045d,cbb7d40b1cc580e7e484423a86f0c0d7,0,0,1003,2513,1003,2513
4cf69ee5c1c1ac909e2ae7d26b8aa9db,e94d21946362fa01c948823998efa7e0,0,0,1026,2795,1026,2795
48728ef1b0e6b3eaa91ae76a51f2045d,efd715739e1291e0a63b3cb4617eba3f,1057,44,2012,2216,955,2172
5d3def03323fb26740f5cdcc37817bff,cb510480d352a546e6867cd21542a08a,0,1001,975,3580,975,2579
fc901175a7e293250922b6508583e61d,c7cd8eea430b2a9c7e64455b4c1f4425,0,0,927,2812,927,2812
56ff4bd823ad42c4413b1fe40deb4c0c,63812e464cda97ed7a63a6c74e7cbcb8,0,0,1161,2812,1161,2812
5d3def03323fb26740f5cdcc37817bff,8ad238314475eceb9caaa25ba7234f98,1363,0,2766,3580,1403,3580
fc901175a7e293250922b6508583e61d,c1b590b2d0a728d4f1360fba6bfa8416,1043,342,2012,2424,969,2082
56ff4bd823ad42c4413b1fe40deb4c0c,ebbfcbebe9176ef96ffe10eee718e6dc,960,0,2012,2812,1052,2812
de4ebd23aab23d0cee911c5b155ccf90,011cc084b50545d15ecc9d3c7213eef6,1540,322,2800,2593,1260,2271
793c54832d43171e59e523ad9f9c2d68,360ea4d7114242e14efc75fd135fb94c,1910,413,2800,2473,890,2060
de4ebd23aab23d0cee911c5b155ccf90,c8ca2021b18a7960b7279d044c784ac1,0,377,1072,2611,1072,2234
fc901175a7e293250922b6508583e61d,92d311181e4bc26b7359c7f4b77194d2,1031,0,2012,2812,981,2812
de4ebd23aab23d0cee911c5b155ccf90,f313cd293da7b5019fda5d3b1bad73de,1484,0,2800,2846,1316,2846
fc901175a7e293250922b6508583e61d,a990465cfa3e1687e76816bf617a7b7f,0,364,868,2373,868,2009
de4ebd23aab23d0cee911c5b155ccf90,bc532d2b80989166283bd662cf842ebd,0,0,1206,2624,1206,2624
793c54832d43171e59e523ad9f9c2d68,1de33f784c6ed78f3086f9e57c79fc43,0,315,863,2304,863,1989
ef273d85bc72c350d628b72d6ab3a57d,cf8c412c707ad15ef31ab3a68ace408d,0,527,728,2696,728,2169
ef273d85bc72c350d628b72d6ab3a57d,f053c3284ff4193a4a48e39bf314710a,0,0,876,3356,876,3356
793c54832d43171e59e523ad9f9c2d68,59c391fb35112f3dd45eaa6ad8e6ba84,0,0,965,2455,965,2455
a0455720ff52c93edc160831f13a989a,9c37ecad457460ba9d6a83a099a9c0bf,0,745,811,3518,811,2773
ef273d85bc72c350d628b72d6ab3a57d,a7c4ce284df83bef0c61170c68e955cf,1855,0,2800,3174,945,3174
a0455720ff52c93edc160831f13a989a,deb6be0035cc1e5411e89a52782305c1,1904,409,2800,2571,896,2162
a0455720ff52c93edc160831f13a989a,234e773eaa0619c50f1ddcc15d00a7be,0,0,934,2955,934,2955
ca52027ab7fc76bc86d86060bbb8c322,45aab3e00d3625eede401b5bcd714f50,1732,0,2800,3257,1068,3257
06a1e62f8320f67ae105afaca5ba602b,b6b1049f6d40d997987a33e7016b7c29,0,398,699,2275,699,1877
bf95ec398552e14a4a2aa68eb77bddc5,0c2f0399e3f0b13f4744d93e32b945b2,0,331,724,2768,724,2437
06a1e62f8320f67ae105afaca5ba602b,8e1ea4bb1673d4e3c23456413147ac3a,1284,0,2012,2131,728,2131
06a1e62f8320f67ae105afaca5ba602b,ea8d71f66da39cda7fc13499f5418c90,0,0,783,2253,783,2253
ca52027ab7fc76bc86d86060bbb8c322,b3a423ed3938bfefead72be79d07ace5,0,0,1016,2850,1016,2850
06a1e62f8320f67ae105afaca5ba602b,1afc9ef7bffc22c69f04ee531b46d113,1324,0,2012,2385,688,2385
ca52027ab7fc76bc86d86060bbb8c322,63f01ca8375ecd21d1d0fc0c2a4f2592,1815,193,2800,3218,985,3025
ca52027ab7fc76bc86d86060bbb8c322,c60d8dd98bf0db3284b12f943b8a1b28,0,568,963,3220,963,2652
a0455720ff52c93edc160831f13a989a,b8c9a09fca52577cf83263b2c62e5fd9,1823,0,2800,3518,977,3518
0811a49701e47ea2eb3c5365954fbc34,3cae5e8986cdd9cd69afc0159d473717,1535,0,2800,3048,1265,3048
ef273d85bc72c350d628b72d6ab3a57d,4cbd1d16cd8b24c6f41d2a229b70be56,1983,346,2800,3518,817,3172
793c54832d43171e59e523ad9f9c2d68,59ef14c43a865f4c14095decb0dab0f2,1827,0,2800,2575,973,2575
0811a49701e47ea2eb3c5365954fbc34,3a72a227dbbd4326800c28172e02c59c,0,0,1325,2874,1325,2874
0811a49701e47ea2eb3c5365954fbc34,3b08d2bd40ca9b1ab5f2ab00dd8b0c82,0,0,1338,3518,1338,3518
0811a49701e47ea2eb3c5365954fbc34,61755c4437985c8f56b6d5a3734d534b,1527,0,2800,2627,1273,2627
36c93affe711ccda31bbb8c184f4f51e,0fbff00d3cc07e93a9ffdd2b4896e43f,1445,0,2800,3518,1355,3518
790b5711d9976904cd6770d69a25c237,d27d2ba88f10f50f10cee604f8bf2042,2040,853,2549,2730,509,1877
bf95ec398552e14a4a2aa68eb77bddc5,ffd6fca5b4b190f9d78ced22d2e6ed82,2129,275,2800,3518,671,3243
790b5711d9976904cd6770d69a25c237,e5a40edb09c0e49526fbd86f05910e61,1507,0,2639,3580,1132,3580
36c93affe711ccda31bbb8c184f4f51e,77fc23e086a40d042fcd4b667952447e,1560,367,2800,2816,1240,2449
bf95ec398552e14a4a2aa68eb77bddc5,ebf01821aa3887927e52ee0bbee04349,0,0,885,3518,885,3518
bf95ec398552e14a4a2aa68eb77bddc5,397b0be673692ac31ef01032391f5d73,1960,0,2800,3518,840,3518
790b5711d9976904cd6770d69a25c237,c33b0c1399bdeb4229313cef4f07f2dc,0,581,748,2474,748,1893
36c93affe711ccda31bbb8c184f4f51e,2ef736cf51df9759f01922310dc274df,0,0,1245,3518,1245,3518
36c93affe711ccda31bbb8c184f4f51e,235d6975a257e593bcf7bb625e54d4c6,0,454,1330,2970,1330,2516
aac0d0492fab5085aa6a73809cd71df5,de72ecd00a6473ec25414c56003316a2,1999,316,2800,2456,801,2140
aac0d0492fab5085aa6a73809cd71df5,53cab7f840f57e834c888683d42493d1,0,568,835,3518,835,2950
aac0d0492fab5085aa6a73809cd71df5,c16274c2fe978615f2832d955d3aca31,1852,0,2800,3492,948,3492
5a295bb88eb8627cfa083fc3a2c8bbd5,bdf81a286eb8fa2311142f0c706732cd,0,0,649,3313,649,3313
790b5711d9976904cd6770d69a25c237,ce3113c56d219d247699ea05eed33930,0,0,1421,3580,1421,3580
5a295bb88eb8627cfa083fc3a2c8bbd5,4f161a517885088c1edf931a9bb25392,2315,646,2800,2420,485,1774
aac0d0492fab5085aa6a73809cd71df5,5318562865450982bb962477506b56f5,0,0,1033,3518,1033,3518
c79f4e8a3cf69cafab0da6b0fba606e4,5c564e1f56dd7593bd9697b0c3e2daa0,0,0,1026,2092,1026,2092
5a295bb88eb8627cfa083fc3a2c8bbd5,b41df65787d3ddc9b5751f792186ca43,0,278,531,2160,531,1882
5a295bb88eb8627cfa083fc3a2c8bbd5,f37d3bc89b8b3c051a2099b550a1af36,2128,0,2800,3518,672,3518
c79f4e8a3cf69cafab0da6b0fba606e4,a18488a4165e4c0cfc1e7c9194175186,1048,243,2012,2468,964,2225
c79f4e8a3cf69cafab0da6b0fba606e4,a2ad0e5a6d7f0c10e7cc3b21f2594ac1,986,0,2012,2165,1026,2165
8df54a44ca854477e7d9a937e22f0da1,f4a57ce0051ece96ef972300ef6b3b2d,0,0,976,3251,976,3251
a4f82a0c3225cbf61cef472b5e8293da,7a9c02c4506f50cbf653331329e7a281,1940,0,2800,3518,860,3518
8df54a44ca854477e7d9a937e22f0da1,7345273d70493162c864412eea940d82,1776,589,2800,3518,1024,2929
a4f82a0c3225cbf61cef472b5e8293da,0b52949f79be155c564f10e156256a49,0,708,789,2639,789,1931
8df54a44ca854477e7d9a937e22f0da1,471e52a6fe37a6936e31039d653e270d,1708,0,2800,3054,1092,3054
97f6fd127ee4446744b1ae5e60d0bc9d,9b0c8fec1bb2354fe1de7eb93c449a96,1106,0,2012,2703,906,2703
c79f4e8a3cf69cafab0da6b0fba606e4,b825bec8f4cd5413a7fb71eb90a01240,0,0,1036,2148,1036,2148
97f6fd127ee4446744b1ae5e60d0bc9d,1fcfb6829f889cbc3e0a363fbc46a4dc,0,514,786,2476,786,1962
a4f82a0c3225cbf61cef472b5e8293da,cda8ef3263546b9c7089dda7b594065d,2026,440,2800,2383,774,1943
8df54a44ca854477e7d9a937e22f0da1,ded01282ae4da5794bec85a3717e9e49,0,367,1036,2561,1036,2194
57cc3b8cff14cc166d8fac0db60e9e3f,39f13c73b1c1f4cb464f042a8f05472c,0,293,1273,2772,1273,2479
d4162361086212b9b66e33ae2cb6f699,cca9ea892c8522a7687d0e577a9409cd,0,258,1238,2267,1238,2009
a4f82a0c3225cbf61cef472b5e8293da,ce50f1b59bd59b163915502fce8f393e,0,0,887,3425,887,3425
d4162361086212b9b66e33ae2cb6f699,f3aa372065a7b855687f73fd5ce36965,0,0,1321,2269,1321,2269
d4162361086212b9b66e33ae2cb6f699,1c3f57d10609d81d5616be4c35e80838,891,103,2012,2088,1121,1985
d4162361086212b9b66e33ae2cb6f699,e3250d6ee47833366ce83fa4661bc166,776,0,2012,2730,1236,2730
57cc3b8cff14cc166d8fac0db60e9e3f,f5aac46e7dcb658dbe20f62a0065ffcf,628,64,2012,2601,1384,2537
57cc3b8cff14cc166d8fac0db60e9e3f,2b61644945ed5aa6d7fbaf7d70d972fa,0,0,1282,2724,1282,2724
97f6fd127ee4446744b1ae5e60d0bc9d,bf20f3ea483e8f4baf95e150f52dece1,1177,238,2012,2307,835,2069
57cc3b8cff14cc166d8fac0db60e9e3f,cb71f8a896c9f6332a3b709cd0c5390e,604,0,2012,2812,1408,2812
7ab2798fbac03e5b16a0e815f920d527,877841b81c51cda809ec113b230f0b5a,2079,555,2800,2325,721,1770
97f6fd127ee4446744b1ae5e60d0bc9d,f3d84ca075ece813c256fd5bd26cf798,0,0,1187,2812,1187,2812
c7f861a74319467948f0228c6597fc8f,a68ac084d4c324ce9376320a34362558,819,202,2012,2272,1193,2070
7ab2798fbac03e5b16a0e815f920d527,cdb1c6686ba3d8b3fc77292a2d749551,0,499,750,2387,750,1888
c7f861a74319467948f0228c6597fc8f,f0242b56189dc864580242f988613f78,0,0,1091,2602,1091,2602
c7f861a74319467948f0228c6597fc8f,e8196dac677d9ac410215b47bfa38b06,887,0,2012,2639,1125,2639
c7f861a74319467948f0228c6597fc8f,aa48d9e9949ac3dffe16f5d41faba28c,0,352,1100,2444,1100,2092
0c2873e4b72fcfbc878fbc7642e44653,138fa1a84097e44cb283d81446377753,1735,0,2800,3136,1065,3136
0c2873e4b72fcfbc878fbc7642e44653,8128ef671862c4cfdea1886cb6504349,1885,429,2800,2689,915,2260
7ab2798fbac03e5b16a0e815f920d527,d8960fa01cda26f41998d41e4d974ada,0,0,729,2375,729,2375
7ab2798fbac03e5b16a0e815f920d527,0bb9e60248f88a77322518e6e74566da,2114,0,2800,2416,686,2416
0c2873e4b72fcfbc878fbc7642e44653,691e238796f9768d3a326e637ba4afd4,0,422,898,2601,898,2179
0c2873e4b72fcfbc878fbc7642e44653,2d1caf75fab2aaebb6dfcab995a4355c,0,0,918,2726,918,2726
38f0774c2e72c4d5407df23a43aa1ff7,00be38a5c0566291168fe381ba0028e6,0,230,828,3518,828,3288
38f0774c2e72c4d5407df23a43aa1ff7,5d27bc5f26a8210cc81aaf4418c23a00,1916,0,2800,2506,884,2506
527242cf17197c45c81bb7d5186101ce,7355c923fa85d6bd87301d92cd9c5d5c,1771,309,2800,2705,1029,2396
38f0774c2e72c4d5407df23a43aa1ff7,99b304a3e368041ed3674dd654c6cf8c,0,0,897,3518,897,3518
527242cf17197c45c81bb7d5186101ce,5c81aa37551d866e833f698a39fb662c,0,0,1110,3518,1110,3518
38f0774c2e72c4d5407df23a43aa1ff7,95a04c970aafc4daa841a15ceee3facb,1840,222,2800,3518,960,3296
b9ed5537815cdd293287c0b5deb88613,5a5e18192acff18cc275123e3500e6ca,1546,0,2800,3029,1254,3029
b9ed5537815cdd293287c0b5deb88613,1c8b8ebcaf9c5c01962ac0b391824234,1566,555,2800,2734,1234,2179
7650f082a9bd5749cc720cc42eb7b5f4,83ff26c1baaa8980d52c9f3536b57878,0,1131,1071,3001,1071,1870
7650f082a9bd5749cc720cc42eb7b5f4,86657179dd1306d34f69a24231cbb490,1846,0,2800,2614,954,2614
74fd6d120afc1b218c9869f35a8e4cbb,c51d7affd38bcb671afce843f6ee1200,1870,738,2800,2698,930,1960
b9ed5537815cdd293287c0b5deb88613,e6f25c9c20270a0c409692df41ad6587,0,668,1307,2951,1307,2283
7650f082a9bd5749cc720cc42eb7b5f4,0764b33cf067041901e39fdec95bf9db,0,0,1002,2684,1002,2684
527242cf17197c45c81bb7d5186101ce,94e06b7f5ab2958698e3fe5935cc3b2d,1691,0,2800,3518,1109,3518
74fd6d120afc1b218c9869f35a8e4cbb,3ac61ae34514e9d7f35bdc0e7181f801,1718,0,2800,2670,1082,2670
5c2b075b66e72a627175ca05beaa1d34,a26f2607a892d4168691883c68489a04,0,128,623,2346,623,2218
74fd6d120afc1b218c9869f35a8e4cbb,7607f405dc8a6398c38a33334c3bf241,0,464,1014,2704,1014,2240
7650f082a9bd5749cc720cc42eb7b5f4,ca206dfd945628007d6cf269a8a9c5ac,1799,916,2800,2705,1001,1789
5c2b075b66e72a627175ca05beaa1d34,3bb5b7ffce5e6df1162c9187e21cbc83,2292,156,2800,2337,508,2181
497e9bbdc6b2b0956d6780393cd7fbe3,ed8b8777bad3696f0f6b1571300fa333,1882,426,2800,2622,918,2196
b9ed5537815cdd293287c0b5deb88613,e957b6496831a03e3d20c04d3042a0e4,0,0,1352,2885,1352,2885
74fd6d120afc1b218c9869f35a8e4cbb,89467f89a355cb5c0fdd2004983dda07,0,0,1053,2629,1053,2629
5c2b075b66e72a627175ca05beaa1d34,6b19ef22f76211720b97080335b486d3,0,0,765,3518,765,3518
497e9bbdc6b2b0956d6780393cd7fbe3,cfc7e845ff904485cd6b5d7bcbf0e893,0,757,896,2667,896,1910
ee9d80b6a381cd5e74d897f2b53d8d9d,4e9c3817f37691ef45459ac7e2940e1d,1214,0,2012,2340,798,2340
5c2b075b66e72a627175ca05beaa1d34,03b38800fb18dc2998bbce02f8022f87,2081,0,2800,3518,719,3518
497e9bbdc6b2b0956d6780393cd7fbe3,44bbdead1e5e6582688c2f3fdbdf3103,0,0,1019,2854,1019,2854
ee9d80b6a381cd5e74d897f2b53d8d9d,90746b424c638da487b2992268e70ba9,0,19,828,2547,828,2528
ee9d80b6a381cd5e74d897f2b53d8d9d,42fb9fa4d5a3031a9e5fdee6576ffdae,1214,0,2012,2643,798,2643
ee9d80b6a381cd5e74d897f2b53d8d9d,fffdc4e37fd29095823d6d3e4d1bf338,0,0,804,2812,804,2812
527242cf17197c45c81bb7d5186101ce,c1fb21006b60b162cf60fd7f7edba6c8,0,238,1017,2767,1017,2529
497e9bbdc6b2b0956d6780393cd7fbe3,ad53cffdd177dea6776720978cd5d256,1802,0,2800,3518,998,3518
e7ae6eb8fcd0114d5457f92bb6a90e7f,7f8af7c07ed24105bd05c392a3c3273a,1880,0,2800,3489,920,3489
e7ae6eb8fcd0114d5457f92bb6a90e7f,5edc061847317557da4f6e15f98012ba,0,651,884,3518,884,2867
d9e86dac028b001f75d521033f60b5e1,ab28f99048bf2cdbc6753ef546847f25,0,124,923,3389,923,3265
e7ae6eb8fcd0114d5457f92bb6a90e7f,67a2a85afc40dc48b9df7ce94fedffe7,0,0,874,2399,874,2399
52e0373ec8765f2f292fa1782fbe0575,f84a7cbc6c20bf80cd5911ff4bcb1364,955,135,2012,2640,1057,2505
52e0373ec8765f2f292fa1782fbe0575,68a0c43b1d172885edd1d8c31307c346,910,0,2012,2812,1102,2812
e7ae6eb8fcd0114d5457f92bb6a90e7f,8362b485f463b7eac7868e9f397a505f,1837,677,2800,3498,963,2821
d9e86dac028b001f75d521033f60b5e1,c316aa1c741985f3ead5c04f5e461c59,1818,0,2800,3197,982,3197
79f05e729e4248b21b4c2d48d79cbec8,c02ebbfbefd705f89a41c0bea61b790d,0,0,1075,2760,1075,2760
d9e86dac028b001f75d521033f60b5e1,fdb7e7de6e8a3d3b8e07f2b0e3187c6e,0,0,986,3265,986,3265
52e0373ec8765f2f292fa1782fbe0575,e7f786d2fba9d8cbe1a22e6240f2482e,0,0,1215,2812,1215,2812
d9e86dac028b001f75d521033f60b5e1,c7e94f8c30d5e53e4867e551d0ffe975,1864,607,2800,3077,936,2470
52e0373ec8765f2f292fa1782fbe0575,2d4e2bcf6e05c61a5cfcc134f1973afd,0,0,1132,2409,1132,2409
79f05e729e4248b21b4c2d48d79cbec8,d72d22bb267e458d04ef884acd525941,1552,14,2800,2566,1248,2552
79f05e729e4248b21b4c2d48d79cbec8,03551b175c06791d3c1f76a935e58405,1491,0,2800,3518,1309,3518
79f05e729e4248b21b4c2d48d79cbec8,a911f45c0e882f5ac6fc5cc80e29efd5,0,0,1267,3518,1267,3518
1d0bd48572031f980744798bb6c3be9e,4df7ff357caa620eb50af0a5fd530d2c,2042,752,2800,3518,758,2766
1d0bd48572031f980744798bb6c3be9e,953acc79e5bc3b5f30c3ebee3a6a9c51,0,0,987,3518,987,3518
1d0bd48572031f980744798bb6c3be9e,642edfd82a76ae625c01af640ee99462,1885,0,2800,3391,915,3391
1d0bd48572031f980744798bb6c3be9e,4ad5f5bb901e555edfe1a0aabd9055a3,0,536,883,2805,883,2269
d5f05748abc38af636fb4a83e989dd62,f0f1d827fa6819b73c3fcd7f1f0b1746,1992,0,2800,3482,808,3482
f388218cb35e90103bb4b0c200bb0c33,ab1fde7c3eeb16fab2e4b6cc0e59df52,0,652,736,2927,736,2275
d5f05748abc38af636fb4a83e989dd62,a6138c8420f88f3ea8865552d4cfa7cf,1880,395,2800,3518,920,3123
d5f05748abc38af636fb4a83e989dd62,7579ab9a7cd23cff15df220291225e84,0,516,841,3518,841,3002
2b0b9d7f730622c2d9100a615629b607,c4e96d8698a027d969434c79d220ead7,1730,247,2800,2588,1070,2341
d5f05748abc38af636fb4a83e989dd62,51e5c939dd6b37d5eb60d5df526cfdb1,0,0,846,3518,846,3518
f388218cb35e90103bb4b0c200bb0c33,540a1cc65fdb9a03b535fcd9c3ae21b0,2148,879,2800,2763,652,1884
f388218cb35e90103bb4b0c200bb0c33,9a65ad05f4297938a16b87dd201a9308,2140,0,2800,3518,660,3518
2b0b9d7f730622c2d9100a615629b607,aec6ee9cade5f0f8a632ffb57289291f,0,558,977,2775,977,2217
f388218cb35e90103bb4b0c200bb0c33,8e61fe88f73216b33cb61742cc2240e7,0,0,783,3518,783,3518
2b0b9d7f730622c2d9100a615629b607,cfd9efcd1a0d6dc221bc6419dbe30e07,0,0,912,2737,912,2737
f8866d8d983413f5ae3a819d72527136,3a35259eef79b8d0d57c88a58cb2e362,1262,0,2012,2095,750,2095
1b0eacc4e131185f50c3d366cda14307,fa3ebf3beed2a7a010d627a9609f0f93,1214,336,2012,2610,798,2274
f8866d8d983413f5ae3a819d72527136,bb0f6f6a134ab6f1a0e7a41de9edf077,0,420,760,2544,760,2124
f8866d8d983413f5ae3a819d72527136,af8a0577db2402097ba71f4b72628708,0,0,855,2812,855,2812
1b0eacc4e131185f50c3d366cda14307,a1164e58185edbf52145d323485a67af,0,541,775,2812,775,2271
c7d2c1b81ca7fd149b1590a6e29394a9,8638cd9ca33ad41b41d566110a912eaf,1764,596,2800,3518,1036,2922
c7d2c1b81ca7fd149b1590a6e29394a9,3b46267ffa238158eda9aa2a63a2c5ed,0,573,1043,2725,1043,2152
1b0eacc4e131185f50c3d366cda14307,f09e466adb65feb631c6732ffb51e729,1259,0,2012,2451,753,2451
c7d2c1b81ca7fd149b1590a6e29394a9,2e6850a93c48a9d7b12ed6c5d7009f3f,1747,0,2800,3518,1053,3518
c7d2c1b81ca7fd149b1590a6e29394a9,9ea9d05c4f2b57688f04257d9b9b6ab5,0,0,1080,3518,1080,3518
2b0b9d7f730622c2d9100a615629b607,083f21af4e0f6b0f785dd5dffde0ed3b,1837,0,2800,2861,963,2861
f8866d8d983413f5ae3a819d72527136,ef477290e02b26bd389641c2aa89eefc,1138,0,2012,2812,874,2812
cfe8618e153122b7b95296bb1b991b90,81542c5445df43ba480c6bc0563a643e,0,0,948,2994,948,2994
cfe8618e153122b7b95296bb1b991b90,ac3a35236a0065b5bb2cfd37a5348606,0,459,966,3518,966,3059
1b0eacc4e131185f50c3d366cda14307,dfe1ec653262197f37f264d894863eee,0,0,811,2561,811,2561
cfe8618e153122b7b95296bb1b991b90,5be6ac6189c15f7180e1192a73023aa5,1850,293,2800,3518,950,3225
cfe8618e153122b7b95296bb1b991b90,842b1b1e7e81140a86307bda05757a8a,1834,0,2800,2510,966,2510
bb0dcc4aacae7408e55dfe790b49ad0e,38ecb01ca5002efe3dd1d01a2e6ea566,0,0,1105,2812,1105,2812
76812289c386711924adb542e7ce7f6a,b8a39d9012482f76b1481ea9ced72a96,0,562,1132,2714,1132,2152
76812289c386711924adb542e7ce7f6a,a885c820ad840787a842a207e3bb0173,1637,703,2800,2818,1163,2115
bb0dcc4aacae7408e55dfe790b49ad0e,bc1aa628317535a65f24df71f1a55d1d,875,0,2012,2298,1137,2298
76812289c386711924adb542e7ce7f6a,2d7b0316dbb0797e2217adf24121b574,0,0,1125,3518,1125,3518
76812289c386711924adb542e7ce7f6a,6b0424c3a94e17f971150577b70f1a33,1627,0,2800,3518,1173,3518
bb0dcc4aacae7408e55dfe790b49ad0e,9d029a9db4d935c36f8d151f7b6b1b91,972,0,2012,2442,1040,2442
f9b3e67ee4b1722bccb0c622c21826b8,71a1d11e23e25a9909b4e660f8568e8b,0,416,1004,2555,1004,2139
f9b3e67ee4b1722bccb0c622c21826b8,79cd08716576d630c7ceec1b42c077ec,1822,241,2800,2241,978,2000
f9b3e67ee4b1722bccb0c622c21826b8,e9fd0c090a34af295908ff8875521fb9,1782,0,2800,2836,1018,2836
f9b3e67ee4b1722bccb0c622c21826b8,ad372df36c0b0e4c52298ccbef952e11,0,0,921,2923,921,2923
eba75ab64645aff7b643b03b25200e20,9747cb4187f012315c4b07230d492e37,1579,299,2800,2687,1221,2388
eba75ab64645aff7b643b03b25200e20,3d4c52b5741d592abd6879da4df3ccc9,0,560,1286,3518,1286,2958
0f8c73f15309c38d4867102295eb068c,b065f8800bbc4b5da8ae9b589574c038,0,676,849,2610,849,1934
eba75ab64645aff7b643b03b25200e20,ab6dfa6eb2f991df62a6f9ccd2cac969,1407,0,2800,2998,1393,2998
0f8c73f15309c38d4867102295eb068c,fe18ff049c217519d1be7e4e4a722895,1970,0,2800,3518,830,3518
72f7758250782ee835586f7122acd9fd,305835a194605ef353a1700def9a2429,0,674,765,2904,765,2230
72f7758250782ee835586f7122acd9fd,a3b1d7b76c8777c7a668e9c346cdc9d1,2027,288,2800,2410,773,2122
0f8c73f15309c38d4867102295eb068c,ff0aa3450409f890bf07b3087da37821,1911,868,2800,2901,889,2033
72f7758250782ee835586f7122acd9fd,d5701f000de83388af9171cea1427a7e,0,0,959,2943,959,2943
a51f68c6ea4d0a51f6a95409a2d12fee,d203fb86675cff019cfefa0f4cea6643,0,453,939,2759,939,2306
eba75ab64645aff7b643b03b25200e20,34d1c2dbfc36d6becc1366e60e9d792b,0,0,1415,3011,1415,3011
0f8c73f15309c38d4867102295eb068c,8a41780ada438dafac264864cbc1ba15,0,0,937,3518,937,3518
b53265e77c40a80007ce9655f8dad662,0bb407f656451e0c3c9fd53053621545,1807,0,2800,3518,993,3518
72f7758250782ee835586f7122acd9fd,0d5507137e993dff61c8fdff2136c14b,1836,0,2800,3451,964,3451
b53265e77c40a80007ce9655f8dad662,e6a5252283c2aea95e089c564ca6260f,0,0,962,3396,962,3396
72d2ac2ea863261f4f13b28c78561edb,df3e0a1ab460e159497d816714bd85f1,1160,0,2012,2351,852,2351
72d2ac2ea863261f4f13b28c78561edb,8e7b4a2653f45d08ed52bc5e6fea108e,0,0,793,2427,793,2427
b53265e77c40a80007ce9655f8dad662,bc44e100d187ad2eecc32236ec7c2b11,0,444,855,2494,855,2050
a51f68c6ea4d0a51f6a95409a2d12fee,5acb52e39076da9f6dcc0b5d20e3ea67,1756,40,2800,2400,1044,2360
d60552c9a32ca4c5cb83020d6c38ee46,585ffb2567e6aed623aae611d1667c0c,1955,760,2800,2883,845,2123
72d2ac2ea863261f4f13b28c78561edb,d1bf806710210c0340eb2ece11e15d62,1127,0,2012,2812,885,2812
a51f68c6ea4d0a51f6a95409a2d12fee,026584d67d4543b8c6e3d9a680d40b48,1801,0,2800,2888,999,2888
a51f68c6ea4d0a51f6a95409a2d12fee,80541997ecbb53260324805e8ef91ce2,0,0,968,3072,968,3072
72d2ac2ea863261f4f13b28c78561edb,9046f4bf4fc636784cba2de6c5a94d55,0,410,719,2632,719,2222
0028fb2c7f0b3a5cb9a80cb0e1cdbb91,c4ce68631bf70949570ded31a3c69e60,1872,0,2800,2075,928,2075
bb0dcc4aacae7408e55dfe790b49ad0e,1dc5d614618f8b77e70883198bb93c43,0,0,1098,2812,1098,2812
fd0bc8699f5c58bbc05b0a82ec5cafda,dd7093f7ae7d3141b21d550d59cfd219,1365,0,2812,3267,1447,3267
fd0bc8699f5c58bbc05b0a82ec5cafda,ca1ba52910b5bbec5a1c8904f5ff239c,0,274,899,3580,899,3306
d60552c9a32ca4c5cb83020d6c38ee46,c5dda06d374bdf5a538f2275e41c0d07,0,0,1219,2930,1219,2930
bf0ff4d30e3b9f495c7f7a4857710284,5cc639bb503bf5eb894a6273c6bb0235,0,0,1031,2812,1031,2812
d60552c9a32ca4c5cb83020d6c38ee46,f06bfd4e66040dc4a5dfa207703c1d8c,1888,0,2800,2763,912,2763
0028fb2c7f0b3a5cb9a80cb0e1cdbb91,3704f91985dcbc69f6ac2803523d1ecb,0,317,945,2380,945,2063
bf0ff4d30e3b9f495c7f7a4857710284,1c6e3879c34bba0b141e13922d2f719c,0,61,998,2812,998,2751
bf0ff4d30e3b9f495c7f7a4857710284,cb7d1507c3a159d218cfc69420a7178c,938,135,2012,2633,1074,2498
0028fb2c7f0b3a5cb9a80cb0e1cdbb91,7fc1f1bb8bb1a7efaf7104e49c4d8b86,0,0,919,2498,919,2498
fd0bc8699f5c58bbc05b0a82ec5cafda,03d2c5d6d79b76c89daed6bc88a2418c,1893,453,2742,2692,849,2239
fd0bc8699f5c58bbc05b0a82ec5cafda,ac1a159eb9a4618ecec60bb517af68f5,0,0,1545,2907,1545,2907
b53265e77c40a80007ce9655f8dad662,4c095d7d53ec9c056c815f91d40f158d,1897,292,2800,2651,903,2359
d60552c9a32ca4c5cb83020d6c38ee46,3c02616e59389af548e7198153e51335,0,674,946,2836,946,2162
b627b83df8884b17b4583e4f7e8b3abe,5a7cba3f116f8539d4c1ad51520714a8,0,0,912,2663,912,2663
b627b83df8884b17b4583e4f7e8b3abe,8be34d88ef12d25609b942ed93c5467d,0,64,762,1977,762,1913
0028fb2c7f0b3a5cb9a80cb0e1cdbb91,16e58fc1d65fa7587247e6224ee96527,1869,0,2800,2597,931,2597
b627b83df8884b17b4583e4f7e8b3abe,c65348391f13d7a869f2a8ab065cbfbb,1314,0,2012,2410,698,2410
bf0ff4d30e3b9f495c7f7a4857710284,2ca4b9a3597239fdb289a45fb52d3dba,946,0,2012,2812,1066,2812
d71aeaa60e6a14df6b9adccd012cbb90,c97041bcea3243d7ab86903b2c5fcbb0,2012,581,2800,2580,788,1999
d71aeaa60e6a14df6b9adccd012cbb90,841802bee1fc1a6b4bde97a754713da8,0,621,803,3518,803,2897
94696c4668e93f5f3c1511e49896606c,45450e67a0954b233f70c0890d943f7c,2127,705,2800,2316,673,1611
94696c4668e93f5f3c1511e49896606c,263b61db0aa7e4adfe28d01bbfeff105,2086,0,2800,2534,714,2534
94696c4668e93f5f3c1511e49896606c,5fdbaf86a486eca28d0c36cbdd1f1d74,0,686,640,2375,640,1689
b627b83df8884b17b4583e4f7e8b3abe,a56f55dfd4dbaf56a6a6e8a7c6e8d5f0,1257,0,2012,2705,755,2705
d71aeaa60e6a14df6b9adccd012cbb90,8c7cc77103973926071bd15b60280871,1973,0,2800,3481,827,3481
c60b19c2abedba26c8edf37f96801140,f3d06eef1adfe7a7068a6c75756c6f9e,1840,169,2800,3518,960,3349
d71aeaa60e6a14df6b9adccd012cbb90,823c857f0165eea50b05b9c46e1780d8,0,0,927,3518,927,3518
c60b19c2abedba26c8edf37f96801140,66e146274fbd74d9ce606154d454c72a,0,0,1132,3518,1132,3518
94696c4668e93f5f3c1511e49896606c,29a683b011f990349fa9e60dd07cb205,0,0,786,2522,786,2522
c60b19c2abedba26c8edf37f96801140,b33d74ea81787974bd6db923301b3e41,0,520,996,3518,996,2998
c60b19c2abedba26c8edf37f96801140,4d1131707290be62b1f7ebeb94d7e526,1668,0,2800,3518,1132,3518
f48aaf71048c7ac474e3ef995504b23c,ca366d62de62d3655be0a90d0ae9c673,1944,434,2800,2185,856,1751
f48aaf71048c7ac474e3ef995504b23c,36a95318885936624dea2d3904e4b4af,0,772,838,2607,838,1835
f48aaf71048c7ac474e3ef995504b23c,06b13a94ed2630fdfbac7b62abe9712f,0,0,835,2770,835,2770
f48aaf71048c7ac474e3ef995504b23c,c98380d26378fb5fcd3a8e305e76a5cc,2011,0,2800,2625,789,2625
96215b906a10ad6807b29eb1d5fb4faf,fe672c44bb98d106e223baee444f8af3,0,0,867,2400,867,2400
df92de6ad8dfb2ac587fe05f3771d9d3,14a3f2e04b086f3f4750f29fa9c4b0cc,0,0,1398,2925,1398,2925
cc5b4b20c01fd94431cad649d20620cc,f96fc4b32c8cf1820750e27c602f66e5,0,241,1069,2569,1069,2328
cc5b4b20c01fd94431cad649d20620cc,c08504637dd281547c2aaab7b46a95d9,0,0,1108,3193,1108,3193
cc5b4b20c01fd94431cad649d20620cc,9e10be1972c91ac1b0f4fb9802e7ba0c,1702,366,2800,2681,1098,2315
df92de6ad8dfb2ac587fe05f3771d9d3,e81ac249f712979c840d35c42437e01b,1486,0,2800,2877,1314,2877
cc5b4b20c01fd94431cad649d20620cc,f2054b1eea0827bb003c9bc51636bff2,1728,0,2800,2965,1072,2965
9c20d3546db2dccd0c502326344f3dd9,8625c888c8bdfc650c4c2eba665accc2,1988,651,2800,2467,812,1816
9c20d3546db2dccd0c502326344f3dd9,37448b35920f755460e8066643add226,1957,0,2800,3332,843,3332
df92de6ad8dfb2ac587fe05f3771d9d3,1597ae37a76de3ee63b4aa633d2006a0,0,217,1343,3518,1343,3301
df92de6ad8dfb2ac587fe05f3771d9d3,02b6efe31c64eee3ee10a3149f903682,1578,57,2800,3480,1222,3423
9c20d3546db2dccd0c502326344f3dd9,fb4c75fba7eb7d6d338276cb57380456,0,0,845,3365,845,3365
9c20d3546db2dccd0c502326344f3dd9,4461b4f17ab5330d40937a8f0bf6a7fc,0,913,758,2846,758,1933
32a511be8d3d846da5207718f0d5b7ad,82e6379f7d1e7611f10d0918bd808a5a,0,463,925,2795,925,2332
9c4ff6d5753450f7a6a66a5560a823c8,62b3cd49a6404c5275702ff49e9e243d,0,0,809,2812,809,2812
f773364cb25ff6d46f85fcdbb0984ee7,8863c257b11ead410a292cae0f4a125a,0,896,901,2935,901,2039
32a511be8d3d846da5207718f0d5b7ad,c262ffd68e8ba885d09a9c7e9f3e858f,1771,0,2800,3226,1029,3226
f773364cb25ff6d46f85fcdbb0984ee7,d2e5828c77cea41fda7f33db6450916b,0,0,981,2847,981,2847
f773364cb25ff6d46f85fcdbb0984ee7,e153f0c95056a74dfe8bc5c5260ee939,1853,545,2800,2701,947,2156
9c4ff6d5753450f7a6a66a5560a823c8,8290be6fd32653901e00d98d0697c36d,0,0,1023,2778,1023,2778
f773364cb25ff6d46f85fcdbb0984ee7,e49e6e054d2e93ed4de4b356626bc45f,1708,0,2800,3067,1092,3067
9c4ff6d5753450f7a6a66a5560a823c8,ed0af8364a859042d064971e93dc3b10,1022,0,2012,2797,990,2797
32a511be8d3d846da5207718f0d5b7ad,30dab55111a541fa8c8f29e32d0b506f,0,0,1002,3107,1002,3107
867b3feba674e72e3e179619163606dd,a0cdb392b0d791725f8aea7f3f7f2c22,1639,342,2800,2508,1161,2166
85d26c72e12b6139a6d26b54c3706c30,5c1900311cc60d72c0efa83bc2250417,1371,0,2012,2614,641,2614
9c1cd4d1050f511245afd4b3b36a2cea,b70ce8fbe596692c369c6916f4059c0b,1878,667,2800,2702,922,2035
9c4ff6d5753450f7a6a66a5560a823c8,636fcc66819810910a451144cc10a922,1157,32,2012,2812,855,2780
867b3feba674e72e3e179619163606dd,be24e60bca431504afb07a6c9213412c,0,629,1164,2891,1164,2262
9c1cd4d1050f511245afd4b3b36a2cea,e3bac67e1a1828b3b9327fadfb62a1e8,0,574,932,2663,932,2089
f28bb1f552622d3193fe6eb53bdfbb94,6cefe2c23bd8b5302e77e9f86bc98116,1943,549,2800,2843,857,2294
b7c8a2eef06a9ecbc8a093adbf1cd7cb,951f5f5e276709fb19742c345876dd3e,960,0,2012,2290,1052,2290
f28bb1f552622d3193fe6eb53bdfbb94,9cfac99ebff7c2cb34c778a40763f4a2,0,0,1018,3493,1018,3493
96215b906a10ad6807b29eb1d5fb4faf,90cc2afe08cceb55f3971368455bc8fe,1924,0,2800,3505,876,3505
32a511be8d3d846da5207718f0d5b7ad,1e6170788a8021d657a7378fbd0ef37a,1901,411,2800,2673,899,2262
867b3feba674e72e3e179619163606dd,0e9669f19ee49a885aa99460962b3366,0,0,1063,2958,1063,2958
1709776ccb63d24b8cf172c906ca23e4,25fc47ede302fb54784340893ec264bb,0,736,978,2933,978,2197
1709776ccb63d24b8cf172c906ca23e4,d91f08b6919c6d9d9582e4715d0031c6,1849,0,2800,2954,951,2954
96215b906a10ad6807b29eb1d5fb4faf,68133a1372f7c8528a11166fc86916ae,0,705,839,2567,839,1862
85d26c72e12b6139a6d26b54c3706c30,493067c8a57ad91b88464e480125954c,1374,518,2012,2229,638,1711
f28bb1f552622d3193fe6eb53bdfbb94,67248cd4d3e261a0da6a543638d97c20,0,372,857,2665,857,2293
f28bb1f552622d3193fe6eb53bdfbb94,d29a746149fa655a216dcbb70a707885,1748,0,2800,2720,1052,2720
9c1cd4d1050f511245afd4b3b36a2cea,1787c91120fbba004d1f93afe0d6f077,0,0,1065,3214,1065,3214
85d26c72e12b6139a6d26b54c3706c30,6c5ba6a34d007bceeccba36666c74ab0,0,0,640,2527,640,2527
867b3feba674e72e3e179619163606dd,8276c80b48179cae6a896ef161cad385,1673,0,2800,2629,1127,2629
cbcf4610cd2bb656ba56a49276ec78ed,30e32f57868a0aed8c74b24558cb4daf,1687,0,2800,2715,1113,2715
b7c8a2eef06a9ecbc8a093adbf1cd7cb,74b5f319fbd2e09ab6a88661109038fd,1006,303,2012,2302,1006,1999
1709776ccb63d24b8cf172c906ca23e4,bab0b147bc34b75e1d30abf5e1bde5f1,1861,340,2800,3210,939,2870
cbcf4610cd2bb656ba56a49276ec78ed,7afc58908a1deddc0d95702f8ff87df9,0,570,1125,2691,1125,2121
cbcf4610cd2bb656ba56a49276ec78ed,fc72072c2a7645e20fe7b529ef48f028,0,0,1071,2569,1071,2569
b7c8a2eef06a9ecbc8a093adbf1cd7cb,4176531c04af9f82271b67438142212c,0,199,1051,2270,1051,2071
85d26c72e12b6139a6d26b54c3706c30,ca0d26213dee21e7f9293cf24c5fd8e1,0,203,677,2300,677,2097
b7c8a2eef06a9ecbc8a093adbf1cd7cb,b26d658d9d6b2d51af6248044483ff8c,0,0,970,2309,970,2309
1709776ccb63d24b8cf172c906ca23e4,3730c1d0241e936f612b211b5c2eb3de,0,0,920,2741,920,2741
dba87db4c7224d1f12918fda66a2e63e,a9db20cc3aaba82ba76edbe6f627135f,0,577,868,2383,868,1806
cbcf4610cd2bb656ba56a49276ec78ed,1eda70ba2e6a7aa3960ee654bc363688,1706,335,2800,2518,1094,2183
9c1cd4d1050f511245afd4b3b36a2cea,151e8d9bb079584e7fa18259e8a04255,1864,0,2800,3518,936,3518
96215b906a10ad6807b29eb1d5fb4faf,19cf89a306d3bf28a9cbeead878fb526,1903,659,2800,2605,897,1946
dba87db4c7224d1f12918fda66a2e63e,1a80bbd49492ace12bed9605e61f3bc2,1262,663,2012,2518,750,1855
dba87db4c7224d1f12918fda66a2e63e,57b1bc2bc0d99560d096d4554777f78c,1226,0,2012,2377,786,2377
46a26add13a9d1db9122088709064cbf,88cb7d9039875bb45ae85a010c157f6f,0,0,908,2461,908,2461
46a26add13a9d1db9122088709064cbf,6a49d878a1577dd5913a265d35ec7e2d,1972,306,2800,2360,828,2054
46a26add13a9d1db9122088709064cbf,86590982bbc1da250b29f79c5c3aa01a,0,246,860,2337,860,2091
46a26add13a9d1db9122088709064cbf,c69a005d34bd46c2b5f8ff0460083116,1946,0,2800,2565,854,2565
41d8a91e15f849ef5696cb626b4958e6,799928e36515df6f88b10ff7e3e3a945,0,188,814,2261,814,2073
41d8a91e15f849ef5696cb626b4958e6,bca3cc100e4d9aac92ee887fc69759fe,1133,439,2012,2452,879,2013
dba87db4c7224d1f12918fda66a2e63e,cebac455ac182f7f9c2b4fb40b6fe42e,0,0,843,2438,843,2438
41d8a91e15f849ef5696cb626b4958e6,68f14d57f130a220be3e12843c7fe4e6,1118,0,2012,2749,894,2749
41d8a91e15f849ef5696cb626b4958e6,2fda8b3a3c28a74c90edbe2d23917b0f,0,0,851,2812,851,2812
59c668f3445cbd0c02a45a3b46913b5e,27b15b9e120f7ff7fb898a65e4e5197b,0,804,904,3052,904,2248
59c668f3445cbd0c02a45a3b46913b5e,5b1d9eecf306b113d50c212fbf8dc17c,2045,488,2800,2667,755,2179
59c668f3445cbd0c02a45a3b46913b5e,16bc7f6c8eb818512852856e7dd3b9c7,1804,0,2800,3518,996,3518
ac940903fded9e753a97d6f3fcf6194f,d69bf9c2f1a86a0cc93e56a36321d834,1272,52,2012,2256,740,2204
ac940903fded9e753a97d6f3fcf6194f,aa42a17d52ca01368f7a228728e420d5,0,429,689,2508,689,2079
59c668f3445cbd0c02a45a3b46913b5e,e6337837c48c269ddaf1dba343260355,0,0,1024,3518,1024,3518
e550b46eb0ee01ace4eedb439b3a0228,7ece4f330d1b059a4d26d74d6e8db3ba,0,0,932,2538,932,2538
ac940903fded9e753a97d6f3fcf6194f,6efbce64f087cad2008d605514bc83bf,1204,0,2012,2555,808,2555
e550b46eb0ee01ace4eedb439b3a0228,e35d2648aefae945c0a07d183ea4adb2,1029,91,2012,2812,983,2721
ac940903fded9e753a97d6f3fcf6194f,a872d7a3f920b1efcbfae87f1f406f61,0,0,860,2812,860,2812
e550b46eb0ee01ace4eedb439b3a0228,377db58782db6d21eadcde793a1b953c,0,0,1087,2812,1087,2812
922a23197685f3a4de8c1167489f0bd1,282131f98bc675b28c35e8d3281384ef,0,0,1118,2780,1118,2780
922a23197685f3a4de8c1167489f0bd1,600d83ca0f78dd3ef89da157cff1c9c6,1702,474,2800,2753,1098,2279
e550b46eb0ee01ace4eedb439b3a0228,52c2344bcdf4f10257df634fc17b1613,757,0,2012,2812,1255,2812
6aecca4e261522f04aae273f86ec5e68,4c0c2861c6a813211741b38b59b55b8a,0,338,995,2457,995,2119
6aecca4e261522f04aae273f86ec5e68,7530daba0b6c20289e61938261b42d7d,1745,199,2800,2450,1055,2251
fe56470c59ac6db98b3091e0bede8933,3634bfe50a6e3bb9b43634b65bb14764,2128,706,2800,2665,672,1959
0b474ca158aeade0de2afcc09c74919f,e374a3e615d3502b85c66f3aa73e78f9,2041,673,2800,2717,759,2044
6aecca4e261522f04aae273f86ec5e68,76ba5afa19b24a1ba9ae28d2c69193be,1663,0,2800,3234,1137,3234
f29bdc259e918ec55d38857c1bbbce52,94d241331a34c5e6485c60432c9f5056,0,520,1024,3413,1024,2893
58fb6bab00e0cb89e108d4fb9851b081,3ed2b9fc8195dce84e632e9f213653a6,0,257,1046,2590,1046,2333
0b474ca158aeade0de2afcc09c74919f,76227cbc9cfc4a17e3c152425c9bcf65,1945,0,2800,3518,855,3518
922a23197685f3a4de8c1167489f0bd1,982b03c1ed6cb46de7b77a0a88520796,1598,0,2800,2929,1202,2929
58fb6bab00e0cb89e108d4fb9851b081,ae4a721dda1dca3f8eae834ac8e856e8,1691,21,2800,2411,1109,2390
0b474ca158aeade0de2afcc09c74919f,46406af163c0dbd918abd998da3d005b,0,767,868,2936,868,2169
58fb6bab00e0cb89e108d4fb9851b081,6373165eb37f9d5582953fdf53d00835,1682,0,2800,2722,1118,2722
fe56470c59ac6db98b3091e0bede8933,bb129d0a7332984110613e5e7d4ce719,0,536,864,2621,864,2085
fe56470c59ac6db98b3091e0bede8933,a9360fba3a97fc2842165a2fa2301f29,0,0,898,3518,898,3518
f29bdc259e918ec55d38857c1bbbce52,627c2de1516124cb84f48657abd5a4dd,1888,494,2800,3518,912,3024
59441a85e8a58344a11fff3f275b905b,1e0bcd601b3f184ff99f6706b520433f,0,288,762,2400,762,2112
f29bdc259e918ec55d38857c1bbbce52,9f32e370728fb50bf18762944cf5610c,0,0,1127,2925,1127,2925
6aecca4e261522f04aae273f86ec5e68,b5c3ec354f2aa590130288cfa0a5fd7a,0,0,1004,2840,1004,2840
f29bdc259e918ec55d38857c1bbbce52,bcfa410298787a59fde5c14d60f20ff7,1836,0,2800,2654,964,2654
59441a85e8a58344a11fff3f275b905b,0402db785ed85ea3378cebadd14680be,2027,0,2800,3518,773,3518
fe56470c59ac6db98b3091e0bede8933,eca67d24845bc17623cbe67619f8f1b8,1993,0,2800,3518,807,3518
922a23197685f3a4de8c1167489f0bd1,7e9770c3089271bdb4feeb7b9e382c9b,0,791,988,3031,988,2240
5e9175554fa9d6b9fb424d7065be4f20,f300ad226e35ecf0a5166fc88be32e01,2275,677,2800,2553,525,1876
5e9175554fa9d6b9fb424d7065be4f20,b3b364255a5e4f21bc2f00e0419f7af4,0,0,687,3518,687,3518
0b474ca158aeade0de2afcc09c74919f,82e786f9e0f71ba243d414ded5522cfc,0,0,924,3518,924,3518
5e9175554fa9d6b9fb424d7065be4f20,a3232989dd1a60104563edba5192d8ae,0,1010,532,2904,532,1894
58fb6bab00e0cb89e108d4fb9851b081,a38773b4edffe59197bb6be6c9396ab6,0,0,1045,2694,1045,2694
59441a85e8a58344a11fff3f275b905b,b0cd9112420c530edad662ae308d428e,2141,455,2800,2513,659,2058
21d31e167e3a7ed6338cb3b054616501,a13a5364ccb3a651910ab6f4c645bc11,0,410,1169,2790,1169,2380
5e9175554fa9d6b9fb424d7065be4f20,4adfc32f03228403f518f24e9b9313cf,1984,0,2800,3518,816,3518
59441a85e8a58344a11fff3f275b905b,42ab93c9c1cf551912277ad8863abd0d,0,0,821,3518,821,3518
21d31e167e3a7ed6338cb3b054616501,1afbf9c8d210d3746752f3c3d94fb26f,1533,0,2800,3518,1267,3518
21d31e167e3a7ed6338cb3b054616501,ee701010402b8e28457d3692e4f01ac8,1581,490,2800,2862,1219,2372
21d31e167e3a7ed6338cb3b054616501,74a7ebc1276d16615d47ce9f9b125af7,0,0,1219,3518,1219,3518
f3161c85c846c2a4e889c0fc0eceef00,c4a28f310e073a556225def8db2f9205,0,0,878,3474,878,3474
f3161c85c846c2a4e889c0fc0eceef00,bcc31584fb7aef0c5aaf0234bfe59439,1993,666,2800,2755,807,2089
c94207f679dc84f6367f0b06c0bfa055,d339cd31413e58b073d05df1c1fe3f0f,1778,2,2800,2600,1022,2598
c94207f679dc84f6367f0b06c0bfa055,02af8d581e73669d0be39013a51a4c0a,0,475,1078,3020,1078,2545
f3161c85c846c2a4e889c0fc0eceef00,4c2baa383ecfdcae22cd538ba2eac2df,0,611,738,2724,738,2113
ceab8161e6137c7510e2249628674306,3f52ee3f2583767361192d9b1b29e986,0,459,1253,2669,1253,2210
4edb032ea857441cb5aebbba06b4e640,616c141f1695cb209d4398068de1caa1,0,839,887,3029,887,2190
ceab8161e6137c7510e2249628674306,27d246ac1eecc5da47d5214b29915847,0,0,1166,2776,1166,2776
c94207f679dc84f6367f0b06c0bfa055,819c291586bbf778dd4d9f48fd8660f0,1706,0,2800,2998,1094,2998
ceab8161e6137c7510e2249628674306,719b2ea66825c6ce4a94407c0358cb1b,1649,521,2800,2743,1151,2222
ceab8161e6137c7510e2249628674306,a34eda38ef27d3254da2a0f5cf6bab6b,1613,0,2800,2593,1187,2593
f3161c85c846c2a4e889c0fc0eceef00,b98b7c7b8a9589c5a4ad8fabb81ed6cf,1941,0,2800,3099,859,3099
4edb032ea857441cb5aebbba06b4e640,d09d185561c0a79f49a65b1f776e85de,1780,615,2800,3518,1020,2903
4edb032ea857441cb5aebbba06b4e640,6207c2a09c0ad61dd93a5b338725c00f,1678,0,2800,3518,1122,3518
a91590eca558facf507c24166e12dcd4,0a0fcfd319f6711b4b0ced66f3893d20,1265,0,2012,2316,747,2316
92c2d9ff0675dcf20a0b99be15df106e,082552f1f3280c834cb68bb8e26a214b,1899,0,2800,3162,901,3162
92c2d9ff0675dcf20a0b99be15df106e,5fb773688a670f0e53a66a20431c8aea,2017,869,2800,2707,783,1838
a91590eca558facf507c24166e12dcd4,3cdbc11c54ec3ec9cd5854517ce8f2f9,0,339,698,2405,698,2066
a91590eca558facf507c24166e12dcd4,d5a8c91798e9fbee731ad97dfc9809a4,0,0,905,2812,905,2812
a91590eca558facf507c24166e12dcd4,c28e354a9d6ed036cbbedf0e0389fd6d,1136,0,2012,2801,876,2801
4edb032ea857441cb5aebbba06b4e640,8f3d116321665df717aabff3600825fe,0,0,1049,3518,1049,3518
92c2d9ff0675dcf20a0b99be15df106e,198b1d39c1b2468182e604f77e5703f0,0,0,921,3174,921,3174
c94207f679dc84f6367f0b06c0bfa055,9a662d971d0d4d03550e92dcec04ca9e,0,0,1632,3172,1632,3172
92c2d9ff0675dcf20a0b99be15df106e,0dc04f28bdef4d3cd68792acfe141f17,0,731,856,2585,856,1854
ddc0b03b3613cd56689db1fe8dbbc2f5,65828ee5dec459e08da7f1a67e532b0e,0,737,1062,3023,1062,2286
ddc0b03b3613cd56689db1fe8dbbc2f5,8839963af85812e4f526b6b03c2dabb9,0,0,962,3301,962,3301
9d79f22414d7ebfff8fde61421302b28,ac33382f3aca1ac2d297c36ae683a339,1303,485,2800,2920,1497,2435
ddc0b03b3613cd56689db1fe8dbbc2f5,633a39459b70585c4765f373db03e470,1813,478,2800,2763,987,2285
ddc0b03b3613cd56689db1fe8dbbc2f5,503609a3d2c91a43abdcf05dc444961a,1782,0,2800,3518,1018,3518
9d79f22414d7ebfff8fde61421302b28,5510bc8701745c8cde96c46ae4464143,0,0,1381,3518,1381,3518
9d79f22414d7ebfff8fde61421302b28,d3eb07ce1a6e9f1775aed2f0b6172990,0,450,1399,2838,1399,2388
3ef8ccd746934effe0b4846e557795d9,545a2fdfa4f8dae5f61749fb4f055cea,0,464,1109,3518,1109,3054
3ef8ccd746934effe0b4846e557795d9,84403ae1e4c64ae8b2264c84ad8da997,1676,612,2800,2807,1124,2195
9d79f22414d7ebfff8fde61421302b28,b50777d0f5fa2ece0a9e7e833aa91c2c,1344,0,2800,2731,1456,2731
12aca50c0fd2b6309e42d9244559cade,8ad3a31394f2af6a51fea54d95d768da,0,0,1131,3178,1131,3178
12aca50c0fd2b6309e42d9244559cade,ce11ff81e10294f5292e88bd9b6ab986,1743,728,2800,2950,1057,2222
3ef8ccd746934effe0b4846e557795d9,a6376085afda7ded124e51735bfab236,0,0,991,2541,991,2541
12aca50c0fd2b6309e42d9244559cade,d75d936f79a922a27b7c158d2a350c79,0,309,1121,2626,1121,2317
fec5c3c78bd9255e31ea9781fdbb13d1,5a49ce1af5c02ea82d9fe7a5eacb31cf,1248,368,2012,2275,764,1907
3ef8ccd746934effe0b4846e557795d9,13c445f86f807bdcd7b72f3422a2d8b6,1743,0,2800,3256,1057,3256
fec5c3c78bd9255e31ea9781fdbb13d1,24005404685601d9c948a783a711b4e2,0,503,738,2405,738,1902
c59713d114c3faa5d7db78026fd97509,7a39181573fe4276526cbb084637650f,0,778,690,2897,690,2119
12aca50c0fd2b6309e42d9244559cade,59fff68df9605c45888637ed83f5f943,1796,0,2800,2649,1004,2649
c59713d114c3faa5d7db78026fd97509,409c6b0764df32e8943040420c122068,1446,0,2800,2826,1354,2826
c59713d114c3faa5d7db78026fd97509,ffe5978a8e1b93c28c267762ebb30224,0,0,804,3463,804,3463
239ce71d216c04960fe28a87c0e4890b,cce796c0b4d4e5e0ef7c2260a13c6000,886,0,2012,2812,1126,2812
239ce71d216c04960fe28a87c0e4890b,27e303268bd66d69ea1571f0145d3b71,0,97,947,2271,947,2174
239ce71d216c04960fe28a87c0e4890b,2ffe6cf5f21361ef8c788cc57c7a98d3,1057,0,2012,2812,955,2812
239ce71d216c04960fe28a87c0e4890b,49ad30a79dcfcc7a8c742cfda01ae0a4,0,0,999,2812,999,2812
fec5c3c78bd9255e31ea9781fdbb13d1,59ee51a67f027bff2d5b461eeb229cd5,0,0,755,2237,755,2237
6dfa470e536cfc46ec7d688128573c1a,fab20502560a054d0b3b7bedfb8803a4,0,0,1465,2356,1465,2356
17a48d0dc1eec118d40ab3d6ab8a7f50,215061c9f116cb531e505e5fbf1729b2,0,0,953,2812,953,2812
6dfa470e536cfc46ec7d688128573c1a,44ebdb625f5a12e03286d891bc03b5d5,0,670,919,2754,919,2084
c59713d114c3faa5d7db78026fd97509,51dc5695bd6a63f838f8770ba2b2e7bd,2006,546,2800,2603,794,2057
17a48d0dc1eec118d40ab3d6ab8a7f50,93b8ecdf70b42de8b3ff560741e55f42,1056,0,2012,2812,956,2812
6dfa470e536cfc46ec7d688128573c1a,0bf34425e366e5bb50d70f8f1e9d9840,1799,0,2687,2645,888,2645
17a48d0dc1eec118d40ab3d6ab8a7f50,f67653b0f9926566614bc464a8c8b6bb,0,191,1027,2812,1027,2621
79411107a1d3f9720f7671b4c3213b86,cb3bbce3c76c8d1cc2ea909fc082d789,0,764,550,2666,550,1902
6dfa470e536cfc46ec7d688128573c1a,a823bf8c53a349f7f09145baa8ce9f17,1891,911,2742,3580,851,2669
79411107a1d3f9720f7671b4c3213b86,6cf82cacc38c20537a256b4465005d62,2297,644,2800,2464,503,1820
cdb5fe34f098a353c71c53a0708b6d78,a1587d60cffc6a46996eeab4742624c7,0,539,790,2637,790,2098
79411107a1d3f9720f7671b4c3213b86,5d5ca3fb1554c2e4d7b5f2ecbe3674bb,0,0,653,3518,653,3518
cdb5fe34f098a353c71c53a0708b6d78,212d7f6d5d1c62e76346b69ffca77a24,2008,0,2800,2595,792,2595
fec5c3c78bd9255e31ea9781fdbb13d1,7d197bd10de5364e9a66e7b9762a1dd0,1249,0,2012,2533,763,2533
79411107a1d3f9720f7671b4c3213b86,7eb26c218ec30543676754321158075c,2137,0,2800,3135,663,3135
cdb5fe34f098a353c71c53a0708b6d78,13f4befec425812337e39a4b5ae6e039,0,0,834,2506,834,2506
17a48d0dc1eec118d40ab3d6ab8a7f50,b66526337871edd8f7fb1a7fa267794d,1074,47,2012,2812,938,2765
f19dbd3fbf96db8de2f69ecb730f884e,a120a723acfe16c4358408ed5997f895,1909,388,2800,2734,891,2346
cdb5fe34f098a353c71c53a0708b6d78,9a0eb3f385fc80ba5e6fa165d54c7d90,2143,230,2800,3518,657,3288
82db56c444f262e6a0e43908b26ebf54,be79daa5408e8c1572ddb97248c71198,0,1041,751,2740,751,1699
f19dbd3fbf96db8de2f69ecb730f884e,faa0668df8410649da5428689535da46,0,370,901,2767,901,2397
f19dbd3fbf96db8de2f69ecb730f884e,add3c5798c39c749c864a762724bb07f,0,0,955,3518,955,3518
8057fffb0c76383ffcbe4e4e7bf4938a,66a840030e29222435c4a124415780cf,0,324,801,2335,801,2011
f19dbd3fbf96db8de2f69ecb730f884e,03136a1057eac8c4ca8cf0300a6aaf0f,1838,0,2800,3518,962,3518
8057fffb0c76383ffcbe4e4e7bf4938a,5a04c9f1ceab32b5a017b62668b91c1c,0,0,818,2839,818,2839
82db56c444f262e6a0e43908b26ebf54,dadafc3ec2a140360cd381761ee15f41,2096,0,2800,2488,704,2488
8057fffb0c76383ffcbe4e4e7bf4938a,19a679bb5d2fd75e81ae84a85c315dbd,1993,0,2800,2587,807,2587
82db56c444f262e6a0e43908b26ebf54,87281fb6a25a3dde9bee17e9f65adfd0,2061,1061,2800,2728,739,1667
8057fffb0c76383ffcbe4e4e7bf4938a,9e9973ece1c88d1113bc1968a9ec3831,2071,593,2800,2551,729,1958
82db56c444f262e6a0e43908b26ebf54,aff405327ebfea400a1ac96c37a7a698,0,0,769,2251,769,2251
168deacd3f937b7ca1b299d11e92a9da,3512ae9eb50cb8ec9c71ff9ffa5a2702,0,488,758,2421,758,1933
168deacd3f937b7ca1b299d11e92a9da,3f87e9a0d49882467afc34f6776fd122,1041,344,2012,2812,971,2468
19724fbc64032505da4e99250246f7f2,daa99f52d58b54bb7d639b9ae4922ab4,2009,476,2800,2515,791,2039
19724fbc64032505da4e99250246f7f2,cad05a32476eeb08e6c98d4598cfd849,0,476,822,3518,822,3042
9cd27e74c047a6530b96dffc6cf6b07d,b508126e471fe3edaacc31e37434ee56,0,691,1034,2812,1034,2121
19724fbc64032505da4e99250246f7f2,9be32cf733fe234bd5c35deb86f6e4cd,0,0,799,2616,799,2616
9cd27e74c047a6530b96dffc6cf6b07d,4ded422eedc9da710d90781206986b9e,0,0,973,2812,973,2812
168deacd3f937b7ca1b299d11e92a9da,1aa5511052cac9af0c492f8e708cf596,1025,0,2012,2812,987,2812
9cd27e74c047a6530b96dffc6cf6b07d,0808aab255b9d5f46e3ea26dd4f6cb78,984,0,2012,2393,1028,2393
168deacd3f937b7ca1b299d11e92a9da,d572d8f2d9ca7e1a3e647ea6af5df760,0,0,900,2544,900,2544
19724fbc64032505da4e99250246f7f2,97f9a6c4b6ffcc138fa3c99d0d7e1535,1934,0,2800,3355,866,3355
d096646f9c5576df05e37e8707c3698a,ad3f3e7d459ca2610695589ed0dd4b12,1862,667,2800,2516,938,1849
d096646f9c5576df05e37e8707c3698a,1b5bb879945b3f6b8e2d83d917a8518d,0,668,883,2497,883,1829
7028d5b2e0468c985b4683793381d498,4778f774ab3285469c476112e6319459,1743,724,2800,3518,1057,2794
f9aa163c024ff695405c5f091df8386a,b813ec8cdff8a3f0c3a93245aa3f1004,1888,821,2800,3235,912,2414
d096646f9c5576df05e37e8707c3698a,6c6ae49deba9f423bab643fa4fcf09f6,0,0,913,2670,913,2670
7028d5b2e0468c985b4683793381d498,92a916f35a0f775d62d6447093538ca7,0,242,1156,2741,1156,2499
9cd27e74c047a6530b96dffc6cf6b07d,10d5f19647fff351d249bcddabe8332d,895,81,2012,2374,1117,2293
d096646f9c5576df05e37e8707c3698a,9bfa381c747a2d75d94eadb07f6eda7b,1962,0,2800,2372,838,2372
f9aa163c024ff695405c5f091df8386a,410fa94fe00571161d1b92609a51b808,0,0,1032,2409,1032,2409
8318b14864bf93111ed377dbbc97ff82,e1b98765e7b7f1d5bc7da6136ab301f4,2240,644,2800,2283,560,1639
7028d5b2e0468c985b4683793381d498,b3b6c7603e7e4d8cffd1b6607c05005b,0,0,1259,2740,1259,2740
7028d5b2e0468c985b4683793381d498,b24ec66e593390d7fcafe548073328e5,1638,0,2800,3518,1162,3518
f9aa163c024ff695405c5f091df8386a,754ad9fb7a1e07018df688ccd06e79d5,1930,0,2800,2411,870,2411
8318b14864bf93111ed377dbbc97ff82,1f6cfc297a0fc7fff7858d70619ab39c,0,562,578,2420,578,1858
1e268822a8d423b5a117b6e102b3a2db,165e7afdab909c45fb4adced9046f7cd,1270,0,2012,2351,742,2351
8318b14864bf93111ed377dbbc97ff82,72443ce28b89ec0555bb63378218aeda,0,0,837,2305,837,2305
1e268822a8d423b5a117b6e102b3a2db,da56503891aeae4de273a2be3e940421,0,51,817,2174,817,2123
1e268822a8d423b5a117b6e102b3a2db,06d2e10c428c637ccd7da8734884be99,1026,0,2012,2375,986,2375
1e268822a8d423b5a117b6e102b3a2db,d88be6436cdee4d552884c2d75dbadb1,0,0,873,2812,873,2812
8318b14864bf93111ed377dbbc97ff82,bbf552b9278efd82d9753ac93a9eda7d,2044,0,2800,2395,756,2395
6a5c60b901b2d699c2b923d50164cf9b,d07ac25e2bda5637d521ef15b7adc95c,1693,407,2800,2577,1107,2170
6a5c60b901b2d699c2b923d50164cf9b,bc9fcc8ea5a4ab80047f907c111c6c33,0,0,1200,3119,1200,3119
6a5c60b901b2d699c2b923d50164cf9b,c4583dc541b6bf33f3b2e6360695676f,1580,0,2800,3207,1220,3207
f9aa163c024ff695405c5f091df8386a,0404ee33246fdae4dac260b64fd11623,0,407,874,3449,874,3042
6a5c60b901b2d699c2b923d50164cf9b,25a1996f0fcc952c574d779d151441f6,0,890,1216,2967,1216,2077
a532d84e9df16bef3a9b4f86acfe722a,6a0be4f170fec63f560775a183182be5,1831,0,2800,2650,969,2650
a532d84e9df16bef3a9b4f86acfe722a,08302998f3ab7deb519966e5c8607757,0,642,954,2832,954,2190
f8ecdaa6953d1a12988f35bbd2719239,edd8522368868443006b7f5e44965360,1965,543,2800,3518,835,2975
f8ecdaa6953d1a12988f35bbd2719239,537f9143281e6038507db411cb54c869,0,399,862,2724,862,2325
2ff507445af537b9afc06a35999d33ab,1fe08dfcc48c195dc552f6207612ffcd,1013,222,2012,2372,999,2150
e2fc4c70a807fe80c4120d58b9274ca3,1be7e87c0f63fc4e9954ab9dafb88bff,1745,269,2800,2441,1055,2172
a532d84e9df16bef3a9b4f86acfe722a,02db389409297f62ae588b4d03c46c6a,1707,0,2800,3358,1093,3358
2ff507445af537b9afc06a35999d33ab,5f65d3cac8c8af49bc292fc0d7fb826e,1009,0,2012,2812,1003,2812
b637bc3a2d5aa8842b92b7b4d7cab620,97f860638ac6f9067f623b9dfee81205,0,593,927,3058,927,2465
2ff507445af537b9afc06a35999d33ab,dd6a3d3da308f461777447ad48e2574d,0,0,1096,2812,1096,2812
f8ecdaa6953d1a12988f35bbd2719239,690740e8e764a7ed7e164d0a811b20a6,1811,0,2800,2878,989,2878
a532d84e9df16bef3a9b4f86acfe722a,72522814726da67008828b61bdbda7f6,0,0,1037,3282,1037,3282
18249f2f393ec3a4e59d4f3e9e7c6d1d,2fa16fbd01d1c055426b4169ce1eb8de,0,0,786,2696,786,2696
18249f2f393ec3a4e59d4f3e9e7c6d1d,3dbee88aec167974f09336a14dee87da,0,694,681,3518,681,2824
2ff507445af537b9afc06a35999d33ab,900f8d30ccbef276c42b5c3fd860bf20,0,229,910,2358,910,2129
e2fc4c70a807fe80c4120d58b9274ca3,5c685c5c9bfa937cf5e0a4db37618578,0,814,751,2865,751,2051
e2fc4c70a807fe80c4120d58b9274ca3,3576dec9eddda7fbee080dcc18b9e572,0,0,962,3024,962,3024
18249f2f393ec3a4e59d4f3e9e7c6d1d,95b5ceaec8d1517cd69cda4559c4a764,1951,0,2800,3191,849,3191
e2fc4c70a807fe80c4120d58b9274ca3,b8db51bebab3c8b31f3746f5d787945a,1756,0,2800,3518,1044,3518
18249f2f393ec3a4e59d4f3e9e7c6d1d,0dac8664468ff3ab7a3e24fda8053cf6,2102,589,2800,2569,698,1980
b637bc3a2d5aa8842b92b7b4d7cab620,8d9552b0949ee990570328d0410557ff,1686,0,2812,3580,1126,3580
b637bc3a2d5aa8842b92b7b4d7cab620,8c90a9536079688965102363c77df077,1938,390,2812,2799,874,2409
5515f8d853eb1cf2d1cc9acde0da321f,84aac0a05909f39ed259e63587dac539,1921,190,2800,2489,879,2299
6b36604715be66f9d4db3343ad030125,852606405afae7cbd11c46598bc9b3ef,0,435,1017,2874,1017,2439
5515f8d853eb1cf2d1cc9acde0da321f,bbf882b21e27f2f8e1225fba68f5cda3,1903,0,2800,3192,897,3192
f8ecdaa6953d1a12988f35bbd2719239,d8191221040cb8a10e5419d3243894dd,0,0,964,3518,964,3518
5515f8d853eb1cf2d1cc9acde0da321f,9e153cdd669ef556eaf74ca8917e94c3,0,0,1012,3313,1012,3313
5515f8d853eb1cf2d1cc9acde0da321f,18926c83c3c40aad9b8316ed86be17e2,0,625,939,2638,939,2013
00d888649670af0a057b18fddbb42276,c302d7a071e926ff7c66dc9cc76d00c9,1888,670,2800,2761,912,2091
6b36604715be66f9d4db3343ad030125,26cc531e126e10d88eec413dcf0a4963,0,0,1054,3262,1054,3262
00d888649670af0a057b18fddbb42276,19cfe58427dd1f071ffa8573b7b8c4a8,0,763,884,2822,884,2059
b637bc3a2d5aa8842b92b7b4d7cab620,2b75d0f22beed0d331687870cadb8217,0,0,1104,3580,1104,3580
00d888649670af0a057b18fddbb42276,4dbeaba60674274ce80f2db0c5b1e4c3,1863,0,2800,3518,937,3518
6b36604715be66f9d4db3343ad030125,c875fc7ecac074c0a96e9d9fbf8e95c2,1653,0,2750,3580,1097,3580
c7d5a6b0eeb7e146543eeef50988dfc1,3a8874284d39180d6aa021b900eac446,0,809,790,2699,790,1890
c7d5a6b0eeb7e146543eeef50988dfc1,23d78bdc0195b74dacdb37ca778f4cf2,2030,493,2800,2410,770,1917
00d888649670af0a057b18fddbb42276,56dc465df5ef88836f667c85bafef1fe,0,0,915,3518,915,3518
c7d5a6b0eeb7e146543eeef50988dfc1,ca17194f5463bacf82df8877b110905f,1844,0,2800,3518,956,3518
c7d5a6b0eeb7e146543eeef50988dfc1,e003755ef6c22488341be2c7f131ea67,0,0,850,3012,850,3012
6b36604715be66f9d4db3343ad030125,e3c2f39e5cb6732f785927e236a7288f,1850,0,2798,2571,948,2571
2035c27f797e5b80a104640985636167,b4b83d6c6e16b93b623b9ac0943a665c,762,0,2012,2675,1250,2675
2035c27f797e5b80a104640985636167,851af5bfe4d9b12c605998e1fe7355c3,829,0,2012,2669,1183,2669
2035c27f797e5b80a104640985636167,40e920a599bb396978781b5fcf01c77a,0,0,1084,2804,1084,2804
5a9ed958f1d0f5c159a68c77c610351a,4f63d4e6412c03d5e348344390b4b510,1995,432,2800,2522,805,2090
2035c27f797e5b80a104640985636167,5310e1712d98583f938c9ce36f9b7596,0,0,1074,2616,1074,2616
188f1f61ec50582057d3355247fc49c0,0a28271851202922e06873263cf7439b,2119,872,2800,2753,681,1881
5a9ed958f1d0f5c159a68c77c610351a,f910a580645aee0ea0147a66c27c6fbf,0,0,835,2636,835,2636
5a9ed958f1d0f5c159a68c77c610351a,ae5627834118974e626219897bba18a4,0,640,779,2469,779,1829
b1bdecddd13004919488cbb5161706bb,9a5637411f03ddc1477811bfb70bde55,0,757,780,2660,780,1903
e9ef4fbfcc8044e27ab8a236a9a6e2ac,0e0ec97d5c76ba830cc27c2abbd92afe,1282,429,2012,2620,730,2191
5a9ed958f1d0f5c159a68c77c610351a,1a1ccad0e80459f49b2ba4c6a9b55fb5,1932,0,2800,2724,868,2724
e9ef4fbfcc8044e27ab8a236a9a6e2ac,ce26a47d8d954d39613de576f232632a,0,0,868,2812,868,2812
188f1f61ec50582057d3355247fc49c0,d9608f84e139686b90911402c509fc1e,2052,0,2800,3518,748,3518
e9ef4fbfcc8044e27ab8a236a9a6e2ac,6c5f8d35bdff8ad87023538e9bf8b9b5,0,136,776,2220,776,2084
e9ef4fbfcc8044e27ab8a236a9a6e2ac,0dbe6e36dc6f6f0ad2e0a9fd183fa8ce,1176,0,2012,2434,836,2434
b1bdecddd13004919488cbb5161706bb,371c7e60ab17c2ffa623bfc5ffbe85ac,2026,669,2800,2620,774,1951
2f18bf55ea5fedef96e50df943775648,098735637a6efd988e80ca289e0c4576,0,0,970,3518,970,3518
2f18bf55ea5fedef96e50df943775648,7245c3cc53d85c78dccd88624f84c3ac,1719,545,2800,2790,1081,2245
188f1f61ec50582057d3355247fc49c0,9bd6a7e220dd81343ae8615207c89136,0,0,828,2577,828,2577
b1bdecddd13004919488cbb5161706bb,0d4ff4b0382dc4c0d458834cd04757ba,0,0,881,2311,881,2311
188f1f61ec50582057d3355247fc49c0,33c5103e3a4da2f292ec9cb42a9d1a7a,0,791,694,3011,694,2220
b1bdecddd13004919488cbb5161706bb,9e8d1e762a62fced730ed29e14c0300f,1971,0,2800,2329,829,2329
8eb552d828a80c0d57fbce35226edc1f,ecab2ff0fa141d187e5b47ca60c918f1,0,519,589,2480,589,1961
2f18bf55ea5fedef96e50df943775648,2366bf8e38a6842c27b4ab0c6b5842ff,1747,0,2800,3518,1053,3518
2f18bf55ea5fedef96e50df943775648,96dae1dd7550340ad35b444f9023f9c4,0,391,1054,3518,1054,3127
8eb552d828a80c0d57fbce35226edc1f,60cb105bdcd49a227533c9ff24b51053,2209,767,2800,2478,591,1711
c20146cbab7a5d4b5f56a3dff23cbcae,cbb98e50874e5a84fb572915ab4b4b6d,0,716,699,2689,699,1973
c20146cbab7a5d4b5f56a3dff23cbcae,5e103aaf09445b9b7d1fb2f06ceaa72d,2097,938,2800,3430,703,2492
c20146cbab7a5d4b5f56a3dff23cbcae,18583890b3f0b79f3f2a800382b78ab6,0,0,724,2400,724,2400
c20146cbab7a5d4b5f56a3dff23cbcae,35e414f0a77caa6aa75892ecff5ca207,2070,0,2800,2683,730,2683
8eb552d828a80c0d57fbce35226edc1f,ba5d2555a7e4b02f0f904fcb9bc3af6b,0,0,716,2310,716,2310
8eb552d828a80c0d57fbce35226edc1f,97ff21090476568d8cc5db0f5974a1cb,2208,0,2800,2272,592,2272
24c3d7e7a87b3e74d0f57be2f09f224d,9090fd5ad3c7340e2a9924a9cae6126e,1980,342,2800,2497,820,2155
24c3d7e7a87b3e74d0f57be2f09f224d,af6b5a0a38e6b6cd85a1835329ac116b,1915,0,2800,2858,885,2858
24c3d7e7a87b3e74d0f57be2f09f224d,aa3c39c7bd0b40811bf2fd648379c01c,0,526,907,2841,907,2315
71c9b161ddddd37f9051a857be44372d,4c5d48d236ba5cfae1ed38af3e4115f2,0,0,878,2794,878,2794
f94c1fdca07b8a6ac207676f54f96003,ca359c8d50fdb148cfdc39d5771bd516,1879,0,2800,3329,921,3329
24c3d7e7a87b3e74d0f57be2f09f224d,eb1b14c498839de2cdf4be7f9dfdb3b3,0,0,997,3518,997,3518
71c9b161ddddd37f9051a857be44372d,0efbeaab4c702795f23e1faabe9a035e,1980,477,2742,2533,762,2056
71c9b161ddddd37f9051a857be44372d,f076221933a98a17386db2eb0284036b,2036,0,2802,3580,766,3580
f94c1fdca07b8a6ac207676f54f96003,e9faac66d3b96626a72677128a2c8235,0,0,855,3518,855,3518
71c9b161ddddd37f9051a857be44372d,6b54b857a16c924ff3d9067939aecc94,0,1029,699,2795,699,1766
fdec6e24fa7e7aa4e0f5bd87e156148c,e0ad5a4fe75a75c3b4bb9dba3134a3ed,1696,103,2800,2249,1104,2146
f94c1fdca07b8a6ac207676f54f96003,bb36a71e3c2978d0b36fe9b6a8282e1b,0,633,730,2731,730,2098
439bee059c483adc52494eb328501882,5339b85e04777b8dd0ebdb0ac05ee0a4,1686,465,2800,2531,1114,2066
439bee059c483adc52494eb328501882,5562b25de3c3d3948f3b6bf3aa8b62b4,0,0,881,3292,881,3292
439bee059c483adc52494eb328501882,efd31c9a8a22f3abcb16d08e3c604e31,0,572,875,3518,875,2946
439bee059c483adc52494eb328501882,d42fd7dd9a62a30f01e45d011920dd46,1807,0,2800,2588,993,2588
fdec6e24fa7e7aa4e0f5bd87e156148c,58d050e8b5d93bd197d911b3daa5f7d1,0,527,1054,2856,1054,2329
7c0fb51ff7a4027fdd4b7d7c7dca6b04,1f3231c03164d1633101313a26e0f23d,0,281,584,2435,584,2154
7c0fb51ff7a4027fdd4b7d7c7dca6b04,902e4536351b278d7e48dde7e8932b0f,0,0,716,2634,716,2634
f94c1fdca07b8a6ac207676f54f96003,6a2cdf9d5324375cce32a9157264333c,2063,484,2800,2593,737,2109
f04ef72a266a1c0f0298df311527a085,f302f6fceba9125877074d7537d857f8,1848,0,2800,2749,952,2749
fdec6e24fa7e7aa4e0f5bd87e156148c,ef8d3a89dc24061f93453cbbf0812c84,0,0,1092,3518,1092,3518
f04ef72a266a1c0f0298df311527a085,6a8d8eca75cef5fa5463cc0de3645c09,1864,552,2800,2776,936,2224
7c0fb51ff7a4027fdd4b7d7c7dca6b04,b569c3b63836a43c473204694031b4a0,2251,395,2800,2305,549,1910
fdec6e24fa7e7aa4e0f5bd87e156148c,709be276a9ff01c741cf2970737c3926,1743,0,2800,3024,1057,3024
ad3b3c26f89e7b710e633cf310df6051,52a97458487236536a77707693c90992,1725,714,2800,2858,1075,2144
ad3b3c26f89e7b710e633cf310df6051,c546a3425e4610460b795389e13f3ce3,1883,0,2800,2705,917,2705
ad3b3c26f89e7b710e633cf310df6051,9559d374960344f0f535d8e44464371e,0,0,1029,2605,1029,2605
f04ef72a266a1c0f0298df311527a085,a4c5a3953d68681acfd9bc6ce4f75222,0,0,1106,3178,1106,3178
32ca909d139d9d51e807a6fa6873c976,34fab95220e65ebbedea8ccae2327229,1318,0,2012,2373,694,2373
f04ef72a266a1c0f0298df311527a085,71d70ffaf1e5cedeb73eab1fccd55f01,0,985,967,3165,967,2180
ad3b3c26f89e7b710e633cf310df6051,307813d1a724fe6fd5009d089b27edee,0,727,1106,2827,1106,2100
8dcc8e6626fe7e1d4ac004b1cc130430,c4aea143607e37d0106cd7329f9c6cde,1990,649,2800,2724,810,2075
32ca909d139d9d51e807a6fa6873c976,99f919c0c2241d623f7ecd62bfb5f33e,1355,0,2012,1900,657,1900
32ca909d139d9d51e807a6fa6873c976,74e3a2806f9e7ffdea465898076a8211,0,0,734,2812,734,2812
8dcc8e6626fe7e1d4ac004b1cc130430,49a61f6489a94563b8a32cf7693ffbab,2031,0,2800,3020,769,3020
7c0fb51ff7a4027fdd4b7d7c7dca6b04,579812460ff6497c2c17c3103c66fd88,2108,0,2800,2577,692,2577
2a2f16faed22c68f36807fe30f741637,8af12ad744f6e5b0d7f6cf94a30755ea,0,0,909,3258,909,3258
5f32e1d0b8505198b5dd397f68b6adbf,f8238ead50f45ce1f453bc923a6c038c,0,0,1058,2812,1058,2812
32ca909d139d9d51e807a6fa6873c976,e0bf0f26c52e7a0ad1505bfcfe89656a,0,51,645,2018,645,1967
5f32e1d0b8505198b5dd397f68b6adbf,d7e7976344ebb827d6864963f8bb4bf9,960,0,2012,2386,1052,2386
5f32e1d0b8505198b5dd397f68b6adbf,920178073719923cff5935074dcb9453,976,0,2012,2148,1036,2148
2833f097d4253916570cb82379e25682,64eb709258e01344fde26a4163289cac,2073,243,2800,2825,727,2582
2a2f16faed22c68f36807fe30f741637,668eaf0ed8f832c114a033ab714b7e99,0,393,863,2790,863,2397
5f32e1d0b8505198b5dd397f68b6adbf,5f91ead3b872f6b395bc4b75b1cbdb5a,0,0,997,2553,997,2553
2a2f16faed22c68f36807fe30f741637,d42f6b0396f9d76bf617c6e398d3a910,1901,0,2800,2772,899,2772
2833f097d4253916570cb82379e25682,ff67c84dd2bf95d775be994350812405,0,0,636,3426,636,3426
2a2f16faed22c68f36807fe30f741637,148545b53e7ba6214726a3aeec346faf,1949,471,2800,2670,851,2199
4e19a60c17428a0e52b01f7e4a881acc,60f1c75b10dc8760aaf7eaf58f9f5eca,0,468,866,2598,866,2130
2833f097d4253916570cb82379e25682,da767b919e9b4c82bf9c64de1de85d21,0,353,646,2412,646,2059
4e19a60c17428a0e52b01f7e4a881acc,e498ab1fb1114133d7621caac8238a9f,0,0,891,2812,891,2812
a82422e24892bc8ad21e3bdfb0700702,16af744f9599a7f88097927c55fbca6b,0,351,844,2812,844,2461
a82422e24892bc8ad21e3bdfb0700702,9f026c6261ee776bea03ed2f4dea8f37,1031,0,2012,2812,981,2812
4e19a60c17428a0e52b01f7e4a881acc,4f60b758c89c8948446b51d91235f06e,1002,431,2012,2540,1010,2109
a82422e24892bc8ad21e3bdfb0700702,c3b16e4cbe55b84e95e4d2b78c17e2a1,943,0,2012,2812,1069,2812
a82422e24892bc8ad21e3bdfb0700702,b950606f0dec75b1cb0dfe5cb1fc2345,0,0,914,2812,914,2812
8dcc8e6626fe7e1d4ac004b1cc130430,e2ff8e506524c486bbc80c1afa6d39ba,0,605,836,2537,836,1932
828070ffc17180ea630fc25dbb3c461d,3d3f86f0617f287fcca04b636f95e859,0,0,730,2286,730,2286
4e19a60c17428a0e52b01f7e4a881acc,e8ae1273bbe102c6184cf761ad95fc1b,994,0,2012,2382,1018,2382
2833f097d4253916570cb82379e25682,257774aa1dd4ba1fb53403699ebd3e0f,2090,0,2800,3376,710,3376
828070ffc17180ea630fc25dbb3c461d,f3bd3cf66f5627d7cd27aee46770c706,1343,0,2012,2812,669,2812
828070ffc17180ea630fc25dbb3c461d,c729c678d1b9900a6e2270ff4aeb0248,1332,18,2012,2163,680,2145
8dcc8e6626fe7e1d4ac004b1cc130430,008c4994c54fe932791aa0d0efc9ecbc,0,0,791,2586,791,2586
828070ffc17180ea630fc25dbb3c461d,674dad4514d5cf8ec97409cc7b435631,0,366,740,2756,740,2390
acea22e64cf11389042c5cc699125327,9e25ba10f5cb25613d5181240272c1b5,0,0,1000,2728,1000,2728
acea22e64cf11389042c5cc699125327,d635a8b9f26206601177ca07e2bb1926,1802,0,2800,2921,998,2921
acea22e64cf11389042c5cc699125327,a2199564885a9d002152a8d18b98bd71,0,651,849,3518,849,2867
a6eb09882251e5c0dfb8bd1923460f61,30c0267d52258d5703a2d36e5f18a2f7,2184,0,2800,2478,616,2478
acea22e64cf11389042c5cc699125327,ab6ffc3a0ed23410bf644c901d8550b6,1917,762,2800,3518,883,2756
a6eb09882251e5c0dfb8bd1923460f61,958cd2470d59925b07d515271b87f194,0,576,595,2378,595,1802
a6eb09882251e5c0dfb8bd1923460f61,b31d88bd432b4a6ec89ab95dcfe43601,0,0,686,2456,686,2456
a6eb09882251e5c0dfb8bd1923460f61,12e5478a3eb987879b17b9dc3b7d9848,2138,0,2800,2103,662,2103
ac9f07541fbc19875a8bc04ba035a3f3,efbb83dec32e4c797e077879de722bfa,1838,0,2800,3447,962,3447
ac9f07541fbc19875a8bc04ba035a3f3,608c124102fcd3712948e922ab5cbafc,1870,565,2800,2893,930,2328
ac9f07541fbc19875a8bc04ba035a3f3,ff96595aa7df2b60ae203f7ba2532f8c,0,695,906,2766,906,2071
a069a52b7807a37a11b36ce9eaf27848,800b801ac47d80daf58b70b090cbef67,0,734,1057,2817,1057,2083
a069a52b7807a37a11b36ce9eaf27848,19997199a235f023429bdcd5b9b43a64,1771,180,2800,2443,1029,2263
ac9f07541fbc19875a8bc04ba035a3f3,2b74970cdcf3529abb51bbf6a20f9a73,0,0,979,3518,979,3518
a069a52b7807a37a11b36ce9eaf27848,d20c8d498bab92f664f436efd9058501,1745,0,2800,3518,1055,3518
75d3c4cb76eeef9873c1c86244fb1199,68435c2cd25024e64f6d70694d22ce0a,848,228,2012,2527,1164,2299
75d3c4cb76eeef9873c1c86244fb1199,d67d2a8754b699205ac77f1d9b64038d,0,0,1014,2812,1014,2812
75d3c4cb76eeef9873c1c86244fb1199,b88a8f446359d8e32609adbf5dce22a7,1010,0,2012,2812,1002,2812
659cf35106600c356c478b5185b05b98,77b5b2bbaf480191cce401fc93af5d32,1878,0,2800,3518,922,3518
75d3c4cb76eeef9873c1c86244fb1199,aa732be248a1df199e9ed4aa1e7a815a,0,342,1057,2812,1057,2470
659cf35106600c356c478b5185b05b98,9d6e0f4ac4cce50ebb98ada4190ab7d9,1886,964,2800,3518,914,2554
659cf35106600c356c478b5185b05b98,9571108155d38e30df3df6ac849cc93f,0,343,990,2454,990,2111
659cf35106600c356c478b5185b05b98,261911dde11795c3e2b62dbf47759064,0,0,947,3518,947,3518
7a527a554c8e60819580f84c5a1e02e9,a0ff9a48b531bb04739a5013a34edce3,1889,0,2800,3518,911,3518
a069a52b7807a37a11b36ce9eaf27848,f3588327acbe2270b9bc54fadcb26d3d,0,0,1067,2759,1067,2759
7a527a554c8e60819580f84c5a1e02e9,848e3d4754072d65db5ee4e0b27f6baa,1986,412,2800,3518,814,3106
7a527a554c8e60819580f84c5a1e02e9,24de9f444aa99b285bc054a334c90361,0,364,795,3518,795,3154
7a527a554c8e60819580f84c5a1e02e9,1622595c54d5d8b7d213c8e0b436274f,0,0,895,3518,895,3518
3d42738faabd0b5442271de331d94432,3ac756a154841c5301cadfefb93d818e,1905,0,2800,3296,895,3296
3d42738faabd0b5442271de331d94432,64e6c4705ae8978ebc9ad2c40c942bae,0,0,788,3518,788,3518
a18ea1b872f67b38ffdef8b4e8ad4b54,4511f10e15c3a979ddb01c674571ef31,0,0,1032,3518,1032,3518
3d42738faabd0b5442271de331d94432,10b528fc0b2bda3a214ae2eaa8eac742,0,815,700,2836,700,2021
3d42738faabd0b5442271de331d94432,500eedacc5236380233fe93d9b9e3bad,1947,230,2800,2392,853,2162
a18ea1b872f67b38ffdef8b4e8ad4b54,d541366720fbaeea8657de38046f9fea,1891,499,2800,2573,909,2074
a18ea1b872f67b38ffdef8b4e8ad4b54,b8bc799bea9c91f4f501125a1923dfd8,1805,0,2800,3372,995,3372
a18ea1b872f67b38ffdef8b4e8ad4b54,b8f758ebf277319ad58f69a5b655ad5f,0,481,869,2670,869,2189
721ad1c0ecf7bd17afcf827897a55fb8,f1e79f290779c583c602af11b19c0e0f,2137,803,2800,3518,663,2715
721ad1c0ecf7bd17afcf827897a55fb8,d696f3b0b443493e8894292a71d86270,0,742,690,2877,690,2135
721ad1c0ecf7bd17afcf827897a55fb8,4c3a527f9d028ec3af63bb50b3af40ad,2057,0,2800,3518,743,3518
721ad1c0ecf7bd17afcf827897a55fb8,ce86a547bc04f64a389b5b4622cb1111,0,0,778,2738,778,2738
21413aed28600b077a7e2d1c5c045a97,19f6c6f6a25227e1e5239b6c5ea6a070,0,0,1289,2902,1289,2902
21413aed28600b077a7e2d1c5c045a97,2e942705047279d1584e06643a02acdb,1827,0,2800,2631,973,2631
21413aed28600b077a7e2d1c5c045a97,7cb6348f1b5d04e38427efd111c84790,1919,439,2800,2556,881,2117
21413aed28600b077a7e2d1c5c045a97,dde1bfdb21d56861f9ac3959ce39dc46,0,839,1207,2829,1207,1990
a543ef8dac41c7b2eb5df435bb23857e,43db4524663f9c1e64c8d04c01ed5656,0,0,1007,2543,1007,2543
a543ef8dac41c7b2eb5df435bb23857e,6da0997302f5a9ca8e1fb299f896e67b,1859,236,2800,2387,941,2151
a543ef8dac41c7b2eb5df435bb23857e,12fc0d49ff4412328278575d23a6f200,0,1007,922,3106,922,2099
a543ef8dac41c7b2eb5df435bb23857e,b6321b0db5ff2cf92d6e9fd4a310c0a6,1812,0,2800,2564,988,2564
c77d6354a74e1cf2b3dfeed51ee041e3,bf55293fc2a9c8545edf43461ba93885,0,0,941,2875,941,2875
c77d6354a74e1cf2b3dfeed51ee041e3,f9a504786a33d860a226df7b07aac329,0,672,955,2667,955,1995
c77d6354a74e1cf2b3dfeed51ee041e3,d8aba83ede8df7c3f382ecd8e30d6ae5,1891,571,2800,2602,909,2031
c77d6354a74e1cf2b3dfeed51ee041e3,5030c862753735b1b50b6a1551a0601c,1901,0,2800,2650,899,2650
e5ef24b4ec06bfea4b1e999b828c9fcd,9b97c5a8df100cf2552e1077607beeb4,1921,238,2800,2691,879,2453
7de92eda596196bf5c24edc7165c46e0,e83f80a98903a5abd08343285ca224d0,0,725,1157,2958,1157,2233
7de92eda596196bf5c24edc7165c46e0,79c8eaa1f496990f7bdef90c095d90d9,1789,353,2800,2496,1011,2143
4bc4424e8d12c1c7d4560e959bf5b62d,265c825865ec9c20d67733f1b379d907,1133,221,2012,2377,879,2156
7de92eda596196bf5c24edc7165c46e0,fa9a5067cb977744126814487f4b6d3b,1650,0,2800,2507,1150,2507
4bc4424e8d12c1c7d4560e959bf5b62d,187cbdcf9a291471adb0cebfeed4e642,0,262,911,2812,911,2550
e5ef24b4ec06bfea4b1e999b828c9fcd,97f068cc15b30628a584a53200131b77,0,0,884,2561,884,2561
e5ef24b4ec06bfea4b1e999b828c9fcd,51027d9f672618ac7e29eaff728e4cd4,0,653,845,2585,845,1932
4bc4424e8d12c1c7d4560e959bf5b62d,56704bb5bab12dcbb04b6a7387996324,0,0,1019,2812,1019,2812
e5ef24b4ec06bfea4b1e999b828c9fcd,fbfdd31b8172c9190a68696f6d35c608,1977,0,2800,2642,823,2642
7de92eda596196bf5c24edc7165c46e0,ec1eaf47fc7b103e4369fc4c386a7908,0,0,1190,2487,1190,2487
4bc4424e8d12c1c7d4560e959bf5b62d,a1887e7c046f969e15428f0c811df1f6,1071,0,2012,2507,941,2507
acf6b87e1a6d4306bd6f5c2d9b812bf5,e9f99cb570098df9bf4e4b35592b5e12,0,335,981,2576,981,2241
acf6b87e1a6d4306bd6f5c2d9b812bf5,d61c375d11d0e3eb0571017654848296,0,0,980,2898,980,2898
06eb00c28c8e7976155030ac42a2da9f,bee352b152afeacf5db5a4c6c2538776,2138,763,2800,2415,662,1652
acf6b87e1a6d4306bd6f5c2d9b812bf5,1899ad12a895911dc664980d160f6841,1719,0,2800,2970,1081,2970
06eb00c28c8e7976155030ac42a2da9f,a2118996badd181549c778c2e5036286,0,691,630,2353,630,1662
acf6b87e1a6d4306bd6f5c2d9b812bf5,2177e00d013cbd8659c1239851e48c1c,1745,441,2800,2728,1055,2287
06eb00c28c8e7976155030ac42a2da9f,be4816eb067885dbfce23c85ae619bd6,0,0,735,2290,735,2290
41d4f39e2efd5ed268109629c530720a,9c6f5796a9cbae77b9cefb40be6142a7,1202,0,2012,2305,810,2305
06eb00c28c8e7976155030ac42a2da9f,cee68ebd745cf547c6a7421c8f2530b5,2075,0,2800,2300,725,2300
41d4f39e2efd5ed268109629c530720a,2b46f7e7c1b25e01475c4b13d60ca8ef,1147,0,2012,2812,865,2812
41d4f39e2efd5ed268109629c530720a,29cfa422a3e2835860a5ce1138e698e0,0,139,862,2264,862,2125
41d4f39e2efd5ed268109629c530720a,1c8d58e3ee1ba907923d7b3b3bd7223e,0,0,956,2812,956,2812
ece53c831fb3d249b8ca879e6161be1e,4908fd17a429b2cd72cd7dc2d2ca7382,1273,166,2012,2174,739,2008
ece53c831fb3d249b8ca879e6161be1e,d6f3b6a20a61518b06a54ee4432e8e21,0,689,795,2483,795,1794
ece53c831fb3d249b8ca879e6161be1e,05c28946359d3103f45a7362979cce6e,0,0,746,2507,746,2507
ece53c831fb3d249b8ca879e6161be1e,26388f41d9d54064c5fbab091cbddf6e,1243,0,2012,2469,769,2469
24914da760058d305206b7d4324d853a,fc26a08deb692a452401b61e116187e0,0,696,848,2802,848,2106
24914da760058d305206b7d4324d853a,1b52374a63e11e4a7d165a7a79e4e75e,1915,0,2800,3518,885,3518
24914da760058d305206b7d4324d853a,2d922fe3eebb81b5cfe411a97a0c1c40,1894,557,2800,3518,906,2961
24914da760058d305206b7d4324d853a,f348543fc2b53ef71011a158512f65d6,0,0,868,3518,868,3518
52a9ff9199bf9b63b3a2a1ff0e606a5b,ea028cc4882cf528a62676256679a39b,0,0,972,3420,972,3420
52a9ff9199bf9b63b3a2a1ff0e606a5b,8a8eaa6a1946a0819d58c45b60ea4166,2036,527,2800,3518,764,2991
52a9ff9199bf9b63b3a2a1ff0e606a5b,afd54e233bc56a419570562b7bdcaadf,0,538,845,2854,845,2316
52a9ff9199bf9b63b3a2a1ff0e606a5b,37c3edcbc569fb30f398ba20493a0f19,1841,0,2800,3518,959,3518
1d59506da63c6f745c4b52e87d537191,29a9170aeb80ff16118837aeb417c5ae,1915,353,2800,3518,885,3165
1d59506da63c6f745c4b52e87d537191,e6eb27103fd667a7d5b9d43f2c82e17e,0,0,1018,3518,1018,3518
1d59506da63c6f745c4b52e87d537191,b078e3f61bb6cc257a06df3fc7a5d8c4,1850,0,2800,3518,950,3518
bc798c238c9f0d00a8cb52ff8508f802,64d716fe0ab4516b4bd5b7590af3fb0d,0,700,599,3125,599,2425
67978aa6b57fe33c9af9e6dfbe5fce9a,fac0c80484097e0bc4d77712fece2d26,2073,613,2800,2593,727,1980
bc798c238c9f0d00a8cb52ff8508f802,f3e64a2013f21afad08fb8837e00d675,2074,999,2800,2960,726,1961
67978aa6b57fe33c9af9e6dfbe5fce9a,6f9fb497913e3f3be8be86c782044083,2013,0,2800,2690,787,2690
1d59506da63c6f745c4b52e87d537191,cea127ca7aca44a720093e3cd83d6a62,0,224,879,3518,879,3294
67978aa6b57fe33c9af9e6dfbe5fce9a,3e0cb7297b2e3e76e9a2c129d3fb31fc,0,0,810,2588,810,2588
bc798c238c9f0d00a8cb52ff8508f802,883935b29556f6edfe31aae21f3d6e6a,1993,0,2800,2886,807,2886
67978aa6b57fe33c9af9e6dfbe5fce9a,6bca210b694aa13bf1f8346bc7461d11,0,886,693,2691,693,1805
6a6258ef868a99df53d7c1a79d64f5bb,01599597388f3185563decc34945f6b3,1561,0,2800,3518,1239,3518
6a6258ef868a99df53d7c1a79d64f5bb,46c99229cd29d99ec8ab2ccfa164133f,1710,305,2800,2880,1090,2575
6a6258ef868a99df53d7c1a79d64f5bb,b051cd4d30760937339aacb11c53a133,0,212,951,2818,951,2606
8db1b8ba11d6d804141f1fa4cf91b614,00e4ba50f379a0f2b8bebba3f8460807,870,126,2012,2812,1142,2686
bc798c238c9f0d00a8cb52ff8508f802,4f19f9f6f70f44768843953e03860c8a,0,0,777,2355,777,2355
85ae7f2a804efcf3c94f96654fb28392,96730ace7cee85a9961bbc1547367b6e,0,0,1056,2508,1056,2508
6a6258ef868a99df53d7c1a79d64f5bb,b567463bd2bde60d3e29a1bc08a08a87,0,0,1164,3518,1164,3518
85ae7f2a804efcf3c94f96654fb28392,fa153ab56768b47ca31494c44eda6146,994,273,2012,2812,1018,2539
8db1b8ba11d6d804141f1fa4cf91b614,4897d070d25f8c2cc199c6f01241f6b8,0,396,1136,2812,1136,2416
8db1b8ba11d6d804141f1fa4cf91b614,442c3a6c37caeba88ffea68ce5af0061,688,0,2012,2754,1324,2754
da7b4af0039d31ec69913cc0064016c8,0425feb0ff36ffd9e43c38c47de04fc6,1916,862,2606,2549,690,1687
da7b4af0039d31ec69913cc0064016c8,f4d2aa22c09ebcc14682b32a60e6550c,0,0,687,2542,687,2542
da7b4af0039d31ec69913cc0064016c8,6eefc8ff40105605512f972cbafda221,0,636,692,2841,692,2205
9b9d6bc45da3f37e285a57195fe30484,cb59a40f05bf90f74239a292e569134d,0,0,880,2816,880,2816
9b9d6bc45da3f37e285a57195fe30484,f0a39d4d4c649f891c12e13d6f7a2e21,2018,525,2800,2417,782,1892
9b9d6bc45da3f37e285a57195fe30484,3259cc743b9b6c5dfcaeff933e15e0f7,0,738,752,2660,752,1922
85ae7f2a804efcf3c94f96654fb28392,5ff27676587cea9e162da9e13c7860b6,0,246,1025,2812,1025,2566
d18ff5211c7f474b5bb6e35c0e24ccd8,afb67e93c6ce72b46d2f1cb4b19578f5,0,0,899,3161,899,3161
d18ff5211c7f474b5bb6e35c0e24ccd8,64d28791cbabf8e0ef10f2232a3388c2,0,605,848,2506,848,1901
da7b4af0039d31ec69913cc0064016c8,df25578cadc8141a27540a33e65696bd,1837,0,2606,3198,769,3198
d18ff5211c7f474b5bb6e35c0e24ccd8,9cf1b84dd3c497347156616058d8b11e,2012,219,2800,2095,788,1876
9b9d6bc45da3f37e285a57195fe30484,c560e0ad0cceaff7d599be6a9c3f76a8,1988,0,2800,2257,812,2257
d18ff5211c7f474b5bb6e35c0e24ccd8,73903959dfe4f3c40cb6f0365945099a,1898,0,2800,3074,902,3074
bae4cf6af11c3b758dae7333bfd1f34b,fb10846dde874aaeb2871c8eceb21e7d,0,0,1233,2978,1233,2978
9e1fe86fa97ebabcf4839be2a18316c7,64d8bc869ed87b940a7452fce348f005,1900,0,2800,2675,900,2675
9e1fe86fa97ebabcf4839be2a18316c7,2f568784e060ebff08d7f1a8fc325265,1788,771,2800,3518,1012,2747
9e1fe86fa97ebabcf4839be2a18316c7,f982a2c3d149e55dbc67b0f2e19238fc,0,0,990,2806,990,2806
85ae7f2a804efcf3c94f96654fb28392,07201fe836589f8ec5173caf0499428c,951,0,2012,2720,1061,2720
9e1fe86fa97ebabcf4839be2a18316c7,e40445716605f3181e324b117329a789,0,515,1056,3518,1056,3003
3286741c985cda51abdee96bdd633534,8f60c9197790f5dbf163749916b27887,0,0,1012,2578,1012,2578
3286741c985cda51abdee96bdd633534,39a44f519f8b94ee49a39246418dbcf0,1830,0,2800,3518,970,3518
3286741c985cda51abdee96bdd633534,04a8331b16046fc269a98947843cfcd7,1904,522,2800,2698,896,2176
3286741c985cda51abdee96bdd633534,4f9fed7302e6c4c3eb1bf29da503c9d9,0,484,931,2669,931,2185
bae4cf6af11c3b758dae7333bfd1f34b,927e56647c0c8cf2c0e6008d211f69ff,1721,221,2800,2520,1079,2299
8db1b8ba11d6d804141f1fa4cf91b614,bf84bfc8d2bda8d0b2c58b1578e7c694,0,0,1222,2609,1222,2609
bae4cf6af11c3b758dae7333bfd1f34b,bd4d4a4f4c5380ad94f8aad830546e13,0,140,1193,2494,1193,2354
8279f6a7292b1b62eddd47eee1bf2904,9eb1c11e762e8aa88b9c2a117f75a6f8,2031,644,2800,2447,769,1803
8279f6a7292b1b62eddd47eee1bf2904,00485f6f36f1f40bcc0466c2b76d20e6,2022,0,2800,2948,778,2948
8279f6a7292b1b62eddd47eee1bf2904,d1e359db65f716424233a0c7f873b827,0,0,823,3023,823,3023
4914b6d96cd0374d9b561eefe1f552f7,473507cbd019206831eb04fc03e50b4c,1909,532,2800,3518,891,2986
4914b6d96cd0374d9b561eefe1f552f7,e361a8188914af7f8a121648275965e8,1925,0,2800,3518,875,3518
4914b6d96cd0374d9b561eefe1f552f7,11ef96e59a58cdae12a4ea27b1b3ca6c,0,0,861,3518,861,3518
4914b6d96cd0374d9b561eefe1f552f7,d780179aa1968d0eadfac12fff8afe1e,0,418,874,2717,874,2299
01324f08886fb2654cd40d6cc134f5d8,cdcca24b57291ec433082a4423efc88b,1264,0,2012,2451,748,2451
01324f08886fb2654cd40d6cc134f5d8,2e65f00c5735903fa619ac0f9084ceff,1363,325,2012,2378,649,2053
01324f08886fb2654cd40d6cc134f5d8,ca15d95c3d57cfc4f0ed096151cc7e27,0,0,790,2812,790,2812
01324f08886fb2654cd40d6cc134f5d8,a5920fd9fcc7b53652a5aee37f606211,0,295,682,2115,682,1820
bae4cf6af11c3b758dae7333bfd1f34b,9c1a9e734aee34cee74feb2c9af4cb61,1680,0,2800,3316,1120,3316
58cebfb1b26986a67343401e2ff22990,a8e00366ddcf00c7ca7b15ffa0c99bc7,2082,737,2800,2677,718,1940
58cebfb1b26986a67343401e2ff22990,3121c70865ad23740570051abff9def0,1979,0,2800,3175,821,3175
58cebfb1b26986a67343401e2ff22990,14bf5e93df168fce44455fff5cad3620,0,0,859,3035,859,3035
58cebfb1b26986a67343401e2ff22990,ad5730cce9faa17b069ce2b313a67551,0,933,713,2822,713,1889
b7357809d8e2bb3ad964b4c2c53e6c7e,bd8c59601a3dfcde6c31d32aef7e8c93,0,769,962,2882,962,2113
b7357809d8e2bb3ad964b4c2c53e6c7e,65e1f9e75dea336ac2aa14cac684077c,1954,671,2800,2716,846,2045
b7357809d8e2bb3ad964b4c2c53e6c7e,0114af40c446680f1e43d805b0eec249,1792,0,2800,3518,1008,3518
8279f6a7292b1b62eddd47eee1bf2904,efbd475b957d409992921e06aa5d2e4c,0,1059,649,2899,649,1840
6d0771b8cf2fde3160584e9786dc3ed4,cc0b8ffa99b984fd6848cb9ac1425c2f,1909,363,2800,3068,891,2705
6d0771b8cf2fde3160584e9786dc3ed4,f462fbc9326b7559f8dabf9b8755e9eb,0,640,915,3446,915,2806
b7357809d8e2bb3ad964b4c2c53e6c7e,31fcc94f3079f2b234c6e4304ab540e3,0,0,1068,3391,1068,3391
6d0771b8cf2fde3160584e9786dc3ed4,f083a39ce12ea50e6ddde1976463b47b,0,0,1061,3518,1061,3518
6d0771b8cf2fde3160584e9786dc3ed4,0a659d7284e97995d1c7ffde925af2f3,1749,0,2800,3518,1051,3518
c102eedc6825d7235428da63e1443444,5aadaa8a8d86c5d2783c50269d80d48d,0,608,1025,2806,1025,2198
c102eedc6825d7235428da63e1443444,127c4e25d6ce2f1ed667b94ffb0da86b,1552,710,2669,2932,1117,2222
c102eedc6825d7235428da63e1443444,84000e7dda58c4300438436e3ab98c5f,1747,0,2812,3580,1065,3580
3739f48a9231c3d874c2c71682a751f5,ce9fc62c74b95790df2b5d8218beb634,1676,295,2800,2423,1124,2128
c102eedc6825d7235428da63e1443444,7167a445d9eb1237d36d873d471eaba4,0,0,1123,2605,1123,2605
3739f48a9231c3d874c2c71682a751f5,ea80adafa0e194c4aee8d710428e2a48,0,726,1011,2819,1011,2093
3739f48a9231c3d874c2c71682a751f5,69132190e4e9a673d280988e01acdf4d,0,0,965,2427,965,2427
edd84540c83e99858b53744a178a7e72,5ddc3f10f73af12cc6fe0fcb22c23063,1820,0,2800,3354,980,3354
3739f48a9231c3d874c2c71682a751f5,da4b052520acb60e2711a091f8f0bba3,1713,0,2800,3409,1087,3409
edd84540c83e99858b53744a178a7e72,7c52b72abd40a99b61fa40d259c7f2c7,1719,0,2800,2928,1081,2928
edd84540c83e99858b53744a178a7e72,ce9d67befc1d110b449a425ffa522d0b,0,0,1129,2689,1129,2689
edd84540c83e99858b53744a178a7e72,6aed0b1c8608876e86920f16feed16ed,0,0,1091,3126,1091,3126
32e5b97b3eaf6a44539825af2f77c4e0,9a456e311375bdd416b2578fb123fff0,0,443,982,3580,982,3137
32e5b97b3eaf6a44539825af2f77c4e0,a73e92f05fc81304d3272ea3c1b4c8f4,1561,0,2718,2837,1157,2837
b42477aa85ccdf9fbb468f4773fb0f09,bffc80865227eea47a963e3d2fc763d5,0,16,772,2175,772,2159
32e5b97b3eaf6a44539825af2f77c4e0,fc875b7c16dc25907f956d4194f6bfa0,1475,69,2654,3580,1179,3511
32e5b97b3eaf6a44539825af2f77c4e0,dbd59c48dbea40aa924ad83e1f484f97,0,0,1032,2781,1032,2781
b66ed0c50a305ce5e2a942eb5d3c5d12,2bc1c6df1d38102593cdbc50610d2010,2142,483,2800,2969,658,2486
b66ed0c50a305ce5e2a942eb5d3c5d12,b7e56b7480ec9c0243f0d552c416288b,2116,0,2800,2621,684,2621
b66ed0c50a305ce5e2a942eb5d3c5d12,fdf0d3e10e97da679f5ae87f417fc254,0,668,454,2689,454,2021
b42477aa85ccdf9fbb468f4773fb0f09,aa6506b436b34d9602df9286b79091dd,1223,0,2012,2195,789,2195
1ada4e6043632343577eba7f5b2f9350,305f55f8759413bd5a58aabdc2eba2c4,1918,366,2800,2627,882,2261
b42477aa85ccdf9fbb468f4773fb0f09,5cbeebfdc76eb3e713c3ab5e5f0a5cef,1154,0,2012,2184,858,2184
1ada4e6043632343577eba7f5b2f9350,b41059a09d3de335b88545ce1a1c5e0d,0,0,1055,2577,1055,2577
1ada4e6043632343577eba7f5b2f9350,ad86671b3fa0efe92a848c57f4142da0,0,678,947,2745,947,2067
b42477aa85ccdf9fbb468f4773fb0f09,a48f77e110001c50ea43ead18a67a78e,0,0,973,2812,973,2812
1ada4e6043632343577eba7f5b2f9350,76506681756d3b127c23ac5c18b8cb71,1854,0,2800,2570,946,2570
0fc607ea393c96552a1926060d4303d4,6054278bf5f17231b7df2a3e00ad3ff0,0,0,649,2613,649,2613
0fc607ea393c96552a1926060d4303d4,bf077e53495ccd61306dc226b4653cc9,0,0,1036,3518,1036,3518
0fc607ea393c96552a1926060d4303d4,734bc8aea1f09ebe87528872078f852e,2183,381,2800,2484,617,2103
0fc607ea393c96552a1926060d4303d4,b79ff0c5af1de2dbc1a324aa7c715dd9,1673,0,2800,3518,1127,3518
77d8bcf51287156814699ffa1710318a,43b6f1aff4d4370c3ddc0336c9a9cc4e,1708,40,2800,2332,1092,2292
77d8bcf51287156814699ffa1710318a,46fd6199039a94e3ce490819f69c09c4,0,0,1077,2743,1077,2743
77d8bcf51287156814699ffa1710318a,4f934efd8f5894154bf28b01386ff7e6,1758,0,2800,3518,1042,3518
77d8bcf51287156814699ffa1710318a,7960ec08a0bb567772ddd35b06015317,0,51,1136,2424,1136,2373
f724b74e746e2a2af8c831fbc95ad2ec,cefca479b9116fcf74969902404c720e,1848,0,2800,3093,952,3093
f724b74e746e2a2af8c831fbc95ad2ec,1417b8231a4feff4b2ed594010a03baf,0,480,887,2591,887,2111
f724b74e746e2a2af8c831fbc95ad2ec,df25720010920bd5cd9d4cb5ca1ddd54,0,0,957,2981,957,2981
f724b74e746e2a2af8c831fbc95ad2ec,df8efe5a9519824a305045ca96b06dea,1934,243,2800,3518,866,3275
1ee83500d570b6bc68f18914335101cf,d126171c562499056287d1df68ec2879,1786,0,2812,3580,1026,3580
1ee83500d570b6bc68f18914335101cf,11746a4603b54185902398e1bd07cc3b,0,1027,974,3271,974,2244
1ee83500d570b6bc68f18914335101cf,65ece004ffc7a5d3b472b0ff63c02680,1958,679,2812,2871,854,2192
1ee83500d570b6bc68f18914335101cf,f9f32e05e559ca5d11c97c021cc5fdba,0,0,1038,3580,1038,3580
0549f06b8cb16dd8a2f82e95e90128eb,63bd03adde4a058cbb9a4cc1c7c191cb,0,0,938,3518,938,3518
0549f06b8cb16dd8a2f82e95e90128eb,fe4fde5fe1a60f46a55d52bbd213b2f0,1779,0,2800,2620,1021,2620
0549f06b8cb16dd8a2f82e95e90128eb,f977c8e93c29e332404691428098d0d0,0,537,1052,2520,1052,1983
0549f06b8cb16dd8a2f82e95e90128eb,bf94c3477ae36b3c75e6ece4571c805b,1698,635,2800,2690,1102,2055
f7189d58dd1053d7603348360f013070,b6d0903ba96ff1157a6b055bd56181d3,0,595,1320,2976,1320,2381
f7189d58dd1053d7603348360f013070,5f9a32735db9ecec06a567d561ff0a37,1498,0,2812,3038,1314,3038
b66ed0c50a305ce5e2a942eb5d3c5d12,a7cb04776b07e733884385be85d07370,0,0,680,3017,680,3017
f7189d58dd1053d7603348360f013070,5de0ba2a3c81fd4db1de287582c8315b,1448,390,2812,2767,1364,2377
9503dda787dfc0f5f0b84917a3464b5b,84332aaf0903711a5096ee0a77e11fd3,0,14,735,2312,735,2298
9503dda787dfc0f5f0b84917a3464b5b,f560a81e696f222e0971654e772c4e8d,2055,244,2800,2464,745,2220
9503dda787dfc0f5f0b84917a3464b5b,1055de8bf20da9a6245ebf72e446ac41,0,0,801,3518,801,3518
b9d49f9ad4895a090f1ce12a5e445275,fbf8d2154f125fe3566c55580e96258f,0,0,1039,2518,1039,2518
9503dda787dfc0f5f0b84917a3464b5b,245337d7961790ef82ab1c159d589994,2002,0,2800,3518,798,3518
b9d49f9ad4895a090f1ce12a5e445275,5b44ba049c214bcae0c412f579d8275d,863,0,2012,2812,1149,2812
f7189d58dd1053d7603348360f013070,b50b5943e02004c10ac6de73d93cbe50,0,0,1281,3079,1281,3079
b9d49f9ad4895a090f1ce12a5e445275,fd62370db7d8728722af040bc353a1de,0,0,1090,2812,1090,2812
b9d49f9ad4895a090f1ce12a5e445275,e490b453bc11372d1f0cdf2bac257607,947,0,2012,2484,1065,2484
0ab6d70c36299e6fead614348a777071,01922b9433340277caeed842a5dc2324,1931,233,2800,2499,869,2266
0ab6d70c36299e6fead614348a777071,275ab2aa08346277c439421c9d057c4f,0,0,886,2718,886,2718
0ab6d70c36299e6fead614348a777071,8bb2bbc7a63615e065122f07dc74aceb,0,239,821,2506,821,2267
0ab6d70c36299e6fead614348a777071,476cce490a59b2b00d4dcef9fce9a910,1838,0,2800,3518,962,3518
7a355b844b020741d395107069c33e02,7e5c0eac09b10438d6eaf2da18c73e9c,1544,194,2800,2475,1256,2281
7a355b844b020741d395107069c33e02,4f8503fa117c03408d241b054e7292cb,0,73,1190,2353,1190,2280
7a355b844b020741d395107069c33e02,4193adcbf92b5a72eb7cb23aabc521a1,1599,0,2800,2449,1201,2449
0acd944a001b1a65570340e559ed7a69,59507ea610841cc428bdc281973d26a8,0,0,1318,3518,1318,3518
0acd944a001b1a65570340e559ed7a69,86c86c8e9acd066676bddbbcb1e9cc46,0,531,1256,3510,1256,2979
0acd944a001b1a65570340e559ed7a69,56576990d535798712eff357e2622d21,1589,143,2800,3518,1211,3375
1560345de7d8277b170ca3842eae6c97,4bbf74e75645a9154a91484bc12c9a81,0,528,922,3518,922,2990
0acd944a001b1a65570340e559ed7a69,3d882f82fe25941c13f8fa6fdd1681d9,1558,0,2800,2799,1242,2799
1560345de7d8277b170ca3842eae6c97,e751e5a947089704457741eea74c2280,1846,0,2800,3518,954,3518
1560345de7d8277b170ca3842eae6c97,cc347ba58148ec4cdbaa6e43dcbca0ab,0,0,875,3476,875,3476
1560345de7d8277b170ca3842eae6c97,225863035d1c03f3c1cd49f409870fde,1926,432,2800,2595,874,2163
7a355b844b020741d395107069c33e02,65525fe8d01b632520b3e1ace807c976,0,0,1161,2611,1161,2611
6a7b8f40031426344f919f8a15a093c5,937cdc5c431fe123f3d01da9b543ce3e,1534,90,2800,3518,1266,3428
e0efe4d2c0811b09a14082d4709c98cd,c9281a24d1f069819340e09c99626322,1900,0,2800,2932,900,2932
6a7b8f40031426344f919f8a15a093c5,9d41202420d18e2df5c7e20b9ba997a6,0,0,1261,3518,1261,3518
67b882cc1fd8689a4e9e327f9ce9905d,09f1e7a3e95234a1bc4675d9807dfee8,0,605,967,2794,967,2189
e0efe4d2c0811b09a14082d4709c98cd,341a59a0ae8c297a703cdfe922de9aa2,1835,152,2800,3409,965,3257
6a7b8f40031426344f919f8a15a093c5,a8662a039430f56b0f88deb225dbd35f,1481,0,2800,3518,1319,3518
6a7b8f40031426344f919f8a15a093c5,28ae9f4751ea57201071083c03157c4d,0,245,1249,3518,1249,3273
67b882cc1fd8689a4e9e327f9ce9905d,7193d1598b96b36a8d4e17d7d9e744c9,0,0,1070,3518,1070,3518
68488913cf9bcd27f3aa150f983bcf43,d82c0138c87025741f7d62c2b70606ed,2157,591,2800,2528,643,1937
68488913cf9bcd27f3aa150f983bcf43,09240a4f50944fb5da7bf2c225df9745,2020,0,2800,3416,780,3416
e0efe4d2c0811b09a14082d4709c98cd,c997f19cccfb3b2ccaec6f3fcac4a227,0,329,1003,2874,1003,2545
67b882cc1fd8689a4e9e327f9ce9905d,52fb8e74c5483f5ce3b350bc427afe1a,1928,451,2800,2513,872,2062
67b882cc1fd8689a4e9e327f9ce9905d,43394a5ac094def47d5de75f47eb28f7,1759,0,2800,3518,1041,3518
07d39d3262b0d4e6cfde03da5cba43eb,860f6edf2e99a47e89fc43299e0e733e,1108,0,2012,2279,904,2279
68488913cf9bcd27f3aa150f983bcf43,34a56cbc4d766321be73699819a84042,0,675,647,2550,647,1875
e0efe4d2c0811b09a14082d4709c98cd,812d889ec9a4f7d65722dcd6f8c2de6e,0,0,1032,2991,1032,2991
68488913cf9bcd27f3aa150f983bcf43,ec889641481b4db28825cf5e382d63bd,0,0,762,3518,762,3518
07d39d3262b0d4e6cfde03da5cba43eb,3a1d7e10caa15c57cbaa8ea090e6df81,0,176,1022,2439,1022,2263
07d39d3262b0d4e6cfde03da5cba43eb,f544d7ddfacad62f41be4260251aae2e,0,0,891,2812,891,2812
07d39d3262b0d4e6cfde03da5cba43eb,7079bd07f13342b00c36471d9e56894a,1100,0,2012,2613,912,2613
c65e59130f4e69544db241d5c11377aa,df05fb688d2a0626b26278e2384f0e58,0,0,994,2445,994,2445
c65e59130f4e69544db241d5c11377aa,00cb2e7140ffb99afa1e9608877a3acf,1638,0,2800,3518,1162,3518
c65e59130f4e69544db241d5c11377aa,496868246d7d9ec73a146f82731e0431,1704,258,2800,2553,1096,2295
ebb57c4b8b1eaf72c067fcd0f9bafc66,fd55a595610bdd9bd04b1b944b6398f2,1040,0,2012,2771,972,2771
c65e59130f4e69544db241d5c11377aa,3204441128ea3610892fe7b9f40c42bd,0,635,1016,2877,1016,2242
7c3243d1b7629777825cccd4ddea3936,cfda25d86631d900b9da472c59a6be3f,0,281,1002,2615,1002,2334
7c3243d1b7629777825cccd4ddea3936,a55c19dc24c6aa9d8cea612bdcdc1bb8,1986,126,2800,2505,814,2379
ebb57c4b8b1eaf72c067fcd0f9bafc66,cf8e67114d97c5cf353479f9968b7804,1146,109,2012,2292,866,2183
7c3243d1b7629777825cccd4ddea3936,2b1a3ad2db917fe385b0ac9593a7518b,1898,0,2800,3518,902,3518
ebb57c4b8b1eaf72c067fcd0f9bafc66,18cd9a2a49af2880fa59ad5f459e9cdc,0,389,837,2619,837,2230
7c3243d1b7629777825cccd4ddea3936,2fb1a589b99951e2203b352f6d3e6b97,0,0,931,3518,931,3518
ebb57c4b8b1eaf72c067fcd0f9bafc66,fd1c79d3c459e8b84a67f84f24b648f0,0,0,980,2812,980,2812
7c90dad0ad27d0b3acde932b1df86eab,76b3268366a777c8ba82c0d18957e978,1826,0,2800,2495,974,2495
db141d6904b3c6cde887aa99f8e5cea9,f06f7b4c8a07a25ec134b88dfbd1fe38,1752,586,2812,3122,1060,2536
7c90dad0ad27d0b3acde932b1df86eab,53e7da6ffa721acf2e2252b7d9098ba9,1759,395,2800,2432,1041,2037
db141d6904b3c6cde887aa99f8e5cea9,68d3182546b18ceae62cad2bd9311bd2,0,0,1040,3580,1040,3580
db141d6904b3c6cde887aa99f8e5cea9,864b2706dc322c47cc1489bc6ec62593,1790,0,2812,3580,1022,3580
7c90dad0ad27d0b3acde932b1df86eab,40f5ca5641c5266d0944cac13316f19c,0,0,977,2467,977,2467
8d8ddcd0ff2d8f55bdeff65bc1b59793,97bdd8bc1f4c0df42b9672dce13a23ff,0,575,935,2749,935,2174
801ae2dbdd8bf7ad54cfd24943b76ee6,7f867627ee9aa50f29deb44770604a98,0,248,1054,2620,1054,2372
db141d6904b3c6cde887aa99f8e5cea9,b6f86da84364dd15d3d45637b4211bea,0,724,1043,3163,1043,2439
7c90dad0ad27d0b3acde932b1df86eab,89b3f9c6c3f09a1bdd6d6f9a5c477618,0,277,982,2441,982,2164
801ae2dbdd8bf7ad54cfd24943b76ee6,12582ef24725b7462dfb95a7cc129b68,1727,0,2800,2624,1073,2624
801ae2dbdd8bf7ad54cfd24943b76ee6,3a01b954ff36ce93347c031f943c4734,1733,432,2800,2688,1067,2256
801ae2dbdd8bf7ad54cfd24943b76ee6,1d7d15a8c8bebdb8f7a71b5832881dbb,0,0,1089,2716,1089,2716
8d8ddcd0ff2d8f55bdeff65bc1b59793,120509b6c25ba36b0d752b1ea3877570,1940,431,2800,2571,860,2140
98a5ad3c94fb7c73d743b983f77fc767,2ada81eed1a2c40d00452fd5fdb48c54,2123,992,2800,2950,677,1958
98a5ad3c94fb7c73d743b983f77fc767,6163da2a6f8c1cae9de99ac610ca6964,2021,0,2800,3518,779,3518
8d8ddcd0ff2d8f55bdeff65bc1b59793,a6b051be84956c3f2fb7dd5bd0f5cf39,0,0,1024,3518,1024,3518
98a5ad3c94fb7c73d743b983f77fc767,a3fde444281f184f25e0b7fc9ff060d2,0,860,656,2891,656,2031
8d8ddcd0ff2d8f55bdeff65bc1b59793,d45e7366211724c5f2a56b347469024d,1812,0,2800,3518,988,3518
6fb00efda046655fc2f9edb02e46da21,99c423fec59e45bacac0b247cc28e600,1146,0,2012,2812,866,2812
6fb00efda046655fc2f9edb02e46da21,a0f5f24d32ff5b748069e428cb07ca32,0,112,723,2812,723,2700
6fb00efda046655fc2f9edb02e46da21,a7cbb0832f563153c8dd61766dc1fb01,0,0,914,2812,914,2812
6fb00efda046655fc2f9edb02e46da21,4e81265eb7183ad1ef268a9304fdf822,1217,0,2012,2550,795,2550
190d419b1f08e7185e610277ab6f7a9b,44b2f282f6315c3d1aa2980ce4b992fb,0,0,1146,2812,1146,2812
190d419b1f08e7185e610277ab6f7a9b,6aca9f2809894af1718e733f5013369a,776,0,2012,2812,1236,2812
190d419b1f08e7185e610277ab6f7a9b,15a5d9cc3215ff2bb749100f74eae03b,0,0,1081,2812,1081,2812
190d419b1f08e7185e610277ab6f7a9b,83c27d3d5b6790d75c434f084fa03f0c,725,107,2012,2812,1287,2705
e9781ad8ecb19a1e66bb4d678c767759,d987933458341d14ae716476acb53bc1,1177,472,2012,2438,835,1966
e9781ad8ecb19a1e66bb4d678c767759,f467a409149eeb7acf9517e4e7f32cd7,0,332,724,2312,724,1980
e9781ad8ecb19a1e66bb4d678c767759,765859a1c99ab5c58ba2e6673c45c8e7,0,0,818,2342,818,2342
e9781ad8ecb19a1e66bb4d678c767759,15fc491b06ef82774b6b8fc6ab09ef23,1089,0,2012,2407,923,2407
98a5ad3c94fb7c73d743b983f77fc767,d3d5a640abb3f7d2b7630f0cd18b4e85,0,0,825,3518,825,3518
97bb0229d03f77a1fc281c4bffd6e50f,167648fa34793b2880a70c5789c988a8,1901,0,2800,2383,899,2383
97bb0229d03f77a1fc281c4bffd6e50f,7ffe1df64750940d2cac567a413e331d,0,569,960,2493,960,1924
97bb0229d03f77a1fc281c4bffd6e50f,fc33a27e6804ebb53bb0039151e655b3,1818,426,2800,2549,982,2123
4a4f35af0dae2a7b738bf396682ba3cf,5284ea652e3cbf597c9ca5b2858a151b,0,578,1080,2870,1080,2292
4a4f35af0dae2a7b738bf396682ba3cf,4f2943d3f41b1dd0e1ff76b31874074b,1881,0,2800,2063,919,2063
4a4f35af0dae2a7b738bf396682ba3cf,8993ce4d5a9d338911f11ad4c57b96cd,1795,0,2800,3518,1005,3518
36a150295d74d4a3eaedb239a134b572,fca92ab81e0134b53328a4dfce6fd5d1,0,958,801,2869,801,1911
4a4f35af0dae2a7b738bf396682ba3cf,204e3ac65434de4cf7d1a912f4ed5179,0,0,992,2834,992,2834
36a150295d74d4a3eaedb239a134b572,994cac6c5b37e66540e9b64703775161,1809,637,2800,2734,991,2097
36a150295d74d4a3eaedb239a134b572,f8b2aa532bfc95108f779d384b766de0,1742,0,2800,2593,1058,2593
ece71b764590d2922a73b98efeef25cc,7dd0ab6f9f382c11d5a6d4fb06d93b31,0,277,1187,2788,1187,2511
ece71b764590d2922a73b98efeef25cc,9e4ec6a8fc73ce84bfd0e26e7bf723e7,1792,0,2800,2580,1008,2580
1c792f2456b0add1108126b1dc0fceda,50a3314fef1e9670dddf408aa6251e55,0,494,829,2678,829,2184
68b819a80456e50103709cecaa927fbb,18bfeb8fab4ef7076136dbf4dfb1bf03,1780,0,2800,3039,1020,3039
1c792f2456b0add1108126b1dc0fceda,0f646ab17b30d809b13af804cf19eb89,2152,843,2800,2800,648,1957
97bb0229d03f77a1fc281c4bffd6e50f,8a16ad857b4b72126d6e0423332c8d57,0,0,894,2245,894,2245
68b819a80456e50103709cecaa927fbb,f0b2d42e07ab703ffc8f70ff56a6c960,0,298,949,2556,949,2258
ece71b764590d2922a73b98efeef25cc,f3a5b03e4d1eb894a045ec18e7011818,1654,552,2800,2637,1146,2085
36a150295d74d4a3eaedb239a134b572,487874b99c400303cbfd8ae38ccadcd3,0,0,922,2665,922,2665
9e0ecb745ae8218f6a30fe4c0bf441e2,5c2ed994f27089b2d48977790fce829b,0,169,994,2504,994,2335
1c792f2456b0add1108126b1dc0fceda,ad47aa696e88eca76eb56653c5a16578,1999,0,2800,2650,801,2650
ece71b764590d2922a73b98efeef25cc,3179766a08fd0a662ede4520a661d8da,0,0,1027,2490,1027,2490
68b819a80456e50103709cecaa927fbb,774c1b40d1b615327d58466ebbee423e,1819,550,2800,2637,981,2087
33b66e8c054d8f3533aec334b700e0fc,e47a271695f8cdefc5fd01e92801aeef,0,560,1146,2883,1146,2323
1c792f2456b0add1108126b1dc0fceda,53fa1272411229613cb186170fdecfad,0,0,850,2574,850,2574
9e0ecb745ae8218f6a30fe4c0bf441e2,2257d8ea4040203a48abd41d99c531a2,1719,476,2812,2807,1093,2331
68b819a80456e50103709cecaa927fbb,d2df2d14a7c3e26181054fa6e58e9ba5,0,0,1032,3220,1032,3220
33b66e8c054d8f3533aec334b700e0fc,1516cf93537208b034e1976febad7976,1636,388,2800,2745,1164,2357
da14f4c28062f1b72c15843e1ff4db8b,9213a10c493dda429e676e9a8935d746,944,0,2012,2812,1068,2812
9e0ecb745ae8218f6a30fe4c0bf441e2,13e8f343921fbf98143842b02f9f2acc,1684,0,2812,2826,1128,2826
33b66e8c054d8f3533aec334b700e0fc,8e06b2e68412de70b802b50370288b40,1570,0,2800,2878,1230,2878
9e0ecb745ae8218f6a30fe4c0bf441e2,8b0a3b631da421be5a87d9bee772af95,0,0,1191,3580,1191,3580
cda9de9def7dd9a696f9a4ed2824ba3e,009f1fd9416f145f0f9bfb7829ffa6a1,2072,746,2800,2492,728,1746
cda9de9def7dd9a696f9a4ed2824ba3e,45d47e49fa6abaff60377a9a36e027bc,0,0,783,2307,783,2307
cda9de9def7dd9a696f9a4ed2824ba3e,8c32bdf545690dc9c9b5d41495aa5db5,1987,0,2800,2867,813,2867
da14f4c28062f1b72c15843e1ff4db8b,a08c161f8d7da742663ba24d9eec3e98,0,431,1153,2727,1153,2296
fa7fc8a5b4d1a4955de3ac082244bd69,c3375ac7630ad8aaf61376edd8f06815,988,0,2012,2414,1024,2414
da14f4c28062f1b72c15843e1ff4db8b,ef9d965caa7decf92d002179c50a434d,0,0,1131,2812,1131,2812
da14f4c28062f1b72c15843e1ff4db8b,f70155588c4e9b7f0d8b0d62c1a13f73,1011,422,2012,2663,1001,2241
33b66e8c054d8f3533aec334b700e0fc,8ba035ff2123cf20744ce224d0d271f6,0,0,1171,2566,1171,2566
cda9de9def7dd9a696f9a4ed2824ba3e,5c658377d1b441455b4e27bda7ca54dd,0,894,743,2739,743,1845
fa7fc8a5b4d1a4955de3ac082244bd69,260a8322668a9af1fedf94fa92212483,968,0,2012,2812,1044,2812
fa7fc8a5b4d1a4955de3ac082244bd69,4c7482dd3b54c87c680645d66677f971,0,173,1092,2812,1092,2639
e1b3a40c60b61bc218029c3554db7467,f56a57a109aed21840b83c8453e06a6e,2054,574,2812,2118,758,1544
fa7fc8a5b4d1a4955de3ac082244bd69,3b660bf22805ec8d2e3d01c677a317b5,0,0,890,2812,890,2812
e1b3a40c60b61bc218029c3554db7467,444fe87673e99462984d6ffa1fa1854d,2085,0,2812,2514,727,2514
e1b3a40c60b61bc218029c3554db7467,96df633e0917cb3fa145b366f9bc421f,0,0,745,2482,745,2482
07e5f496cd2dd65b0f2a13ed41b7ee3a,97897e3c051bd8b5063a5ded4e3c07d6,0,884,683,2692,683,1808
07e5f496cd2dd65b0f2a13ed41b7ee3a,446c5caebc4101e6f4cc12974dd19851,1947,0,2800,2919,853,2919
e1b3a40c60b61bc218029c3554db7467,054af6f0dde5d26029bb3bdbd61fa3e5,0,492,737,2380,737,1888
07e5f496cd2dd65b0f2a13ed41b7ee3a,64238a6b89f57efa5c2ffe2ffb7b88fe,2038,677,2800,2594,762,1917
07e5f496cd2dd65b0f2a13ed41b7ee3a,adc4426759a78714274f4befef4e9a8c,0,0,881,3025,881,3025
60d52cc79703b09628d5f445f320c63d,9c4c7965bc91fdaf8f53f86ec37dc15f,0,260,1044,3518,1044,3258
60d52cc79703b09628d5f445f320c63d,1741ef6e6dcbb00b380f5f3f3dae06a9,0,0,1049,2412,1049,2412
60d52cc79703b09628d5f445f320c63d,6d0aab52dc3127b74dbc3620aa0fd44e,1752,323,2800,3472,1048,3149
60d52cc79703b09628d5f445f320c63d,40c0484eba0a9ff388e149c51f4a78fc,1720,0,2800,2521,1080,2521
cb1ddf3521fae588a628a2fa87559efe,5503a9f85d4546c6639f067615238eb6,0,541,1017,2654,1017,2113
cb1ddf3521fae588a628a2fa87559efe,8cfeb055ec392f49e30928e50c91e4cc,1882,204,2800,3482,918,3278
cb1ddf3521fae588a628a2fa87559efe,9b9320d0365c634a4f87fcb39eaedc08,0,0,949,2511,949,2511
cb1ddf3521fae588a628a2fa87559efe,72a70418cbadcb924ebf9e7fbbd05a80,1908,0,2800,2528,892,2528
64777bbe7e1f7ee9bc9387615e62acd9,0c0e4808733f336ccc4397740c418c31,1905,0,2800,3144,895,3144
64777bbe7e1f7ee9bc9387615e62acd9,128ed41245d5a02c799aba4f24e65e11,2014,390,2800,2596,786,2206
64777bbe7e1f7ee9bc9387615e62acd9,ec2c69b6d06c24bf6b93e7323f66c257,0,166,848,2452,848,2286
64777bbe7e1f7ee9bc9387615e62acd9,04c64dd7683662188094816c7c2ca88d,0,0,879,2636,879,2636
2d67e239301aac4286ac21daf3769a14,6057b80f4f3e7d18f2bac341f7a64e07,0,551,945,2709,945,2158
2d67e239301aac4286ac21daf3769a14,95c3d2d8a412f59dc01074e56e6102f4,1760,566,2800,2793,1040,2227
d9792a77adde996ea4c2147137a70aaf,f79d7b64e21b0e03faf1ce24046f5819,0,0,921,2812,921,2812
2d67e239301aac4286ac21daf3769a14,a32b914253591e40b1a65cf3fea39056,1710,0,2800,2624,1090,2624
d9792a77adde996ea4c2147137a70aaf,8711975d84672754dbcc22e34717739d,1121,0,2012,2490,891,2490
d9792a77adde996ea4c2147137a70aaf,154bd0a81fb28d3b7d91fa4d5232b23b,0,0,984,2674,984,2674
2d67e239301aac4286ac21daf3769a14,8eed7b3d4c763c31166d57365bf51ec0,0,0,978,2561,978,2561
d9792a77adde996ea4c2147137a70aaf,9003f75a7aa75f8b45db1729969d5208,1158,0,2012,2205,854,2205
06565795eef4a1c3f5c25e7a33ec14b3,e15752626b77668981edf93091fa2b3a,1889,754,2812,3167,923,2413
06565795eef4a1c3f5c25e7a33ec14b3,f55908f21671ef9cec89371f5d216f6b,0,0,967,3580,967,3580
06565795eef4a1c3f5c25e7a33ec14b3,d150bf9fa6d08e071c3dcc32c527b3ad,0,406,965,2751,965,2345
06565795eef4a1c3f5c25e7a33ec14b3,37ad2f253c8efd1f7e5493771f28a090,1837,0,2812,3388,975,3388
59c0e52635fa85ca4fe2ce500b29ad10,e7cdfa62ea7b891e80f6129d4f7ac43f,2046,0,2800,2777,754,2777
59c0e52635fa85ca4fe2ce500b29ad10,1581001a729b9cf524f61a8642141c94,2099,80,2800,3390,701,3310
de627023c9a8f2ca7b998d4f1380fad1,0f714f0b91dcd0ff05a60290440d1004,0,51,829,1942,829,1891
de627023c9a8f2ca7b998d4f1380fad1,5fd9b56b74629bf5646b4eab3cb745fe,1145,0,2012,2812,867,2812
de627023c9a8f2ca7b998d4f1380fad1,c791d5c1c372f67a64d11edb1d75b17f,1158,329,2012,2301,854,1972
59c0e52635fa85ca4fe2ce500b29ad10,8c2811df1e9dca374cfefae8ff4d4291,0,0,837,2855,837,2855
59c0e52635fa85ca4fe2ce500b29ad10,42a1bc616b2ff78214bf871c3af3b87f,0,312,712,2357,712,2045
de627023c9a8f2ca7b998d4f1380fad1,18636a03282a86b92f6593607cfce29f,0,0,887,2812,887,2812
5952ab0fbc75b3e2ecac8daf7945516b,23edfe4412bf14c73110dec6fdd9e66b,1556,501,2800,2682,1244,2181
5952ab0fbc75b3e2ecac8daf7945516b,6e7ff5dab08ac8b887fe5ac4974ac5a7,0,0,1130,3518,1130,3518
5952ab0fbc75b3e2ecac8daf7945516b,ace07e98c4447db12d619d0092f17a86,0,556,1139,2732,1139,2176
832a34d06e07d82e76f7126562b1c296,dab072db42b7a0c0cdbe261767beb626,1826,471,2800,2645,974,2174
832a34d06e07d82e76f7126562b1c296,33bdc5ea61c3e161daf4c1bf850785fd,0,0,1107,3518,1107,3518
832a34d06e07d82e76f7126562b1c296,3b14d478602476fa6d748f88a0d34711,0,321,1013,2887,1013,2566
5952ab0fbc75b3e2ecac8daf7945516b,a129ca2e83de818bb229abd42e8533b2,1641,0,2800,3518,1159,3518
c9fc1be525509b197e26fe72fba41002,30a4c5adc3c62d63c3be5fe203659926,0,645,1179,3133,1179,2488
c9fc1be525509b197e26fe72fba41002,aafc5be48e13d8d100c8f44655d730d8,0,0,1212,2937,1212,2937
c9fc1be525509b197e26fe72fba41002,18ecf3a22ffe258572b3ce55dcd7503f,1711,283,2800,2895,1089,2612
c9fc1be525509b197e26fe72fba41002,565d26242696085adff94dcce9e7f9a5,1622,0,2800,3517,1178,3517
832a34d06e07d82e76f7126562b1c296,121e39a2819283653227d91d909e9073,1819,0,2800,2632,981,2632
d1808200af6ccda3be8abce5c9b4980f,abfc2ef6885417a4f0f5fa1f5ec4d567,0,0,1131,2603,1131,2603
d1808200af6ccda3be8abce5c9b4980f,b7ad3c4443bbda2118f925d86f44da1e,933,0,2012,2812,1079,2812
10638b3c095fa1661ac5a68e22fc1ff1,2f27e5b884d0f66b963ec2fe85cb21d4,1792,107,2800,2453,1008,2346
10638b3c095fa1661ac5a68e22fc1ff1,80c83a28e48f2d9c24bb4fe7e5ec0faf,0,597,1096,2974,1096,2377
10638b3c095fa1661ac5a68e22fc1ff1,8558f2ecaab0686e0ee5ada3e4031e38,0,0,1061,2423,1061,2423
d1808200af6ccda3be8abce5c9b4980f,a52daf19f10ddecd037838319621ef47,1049,0,2012,2812,963,2812
d1808200af6ccda3be8abce5c9b4980f,e1ec4b67b6d6308177986ec74b412824,0,0,1135,2812,1135,2812
10638b3c095fa1661ac5a68e22fc1ff1,72ecae9f44684f176cf770ccb60eca2f,1764,0,2800,2611,1036,2611
33e4aa170ef0a87dc67308a690852859,81aa5cc29269a6798ee5e332ddea5dd3,2030,0,2800,2786,770,2786
33e4aa170ef0a87dc67308a690852859,9309feae2fb6c5ff873072ba8ab16e66,0,0,871,2481,871,2481
33e4aa170ef0a87dc67308a690852859,f14364f3a4b5ccf76c073b8edc412609,2058,640,2800,3518,742,2878
23f869c449da11524aa373458e859c83,f05f0b8fd3595d324f72089f126a81c8,1864,833,2800,2967,936,2134
23f869c449da11524aa373458e859c83,607d76c73103c181525c6ac10583a18c,0,891,853,3000,853,2109
33e4aa170ef0a87dc67308a690852859,ad3fdfd8b8cf82e74adaf966f47e8158,0,641,820,3107,820,2466
23f869c449da11524aa373458e859c83,56b5b12c2f657c8d4811d47b4f8f4aff,0,0,1026,3518,1026,3518
c8b870890630948cc15263e0c38c7f05,f6904acc5e4da1ff8b50b89594a6dbda,1038,0,2012,2563,974,2563
c8b870890630948cc15263e0c38c7f05,11361b3508d03e45b35fafa747e082d2,873,500,2012,2516,1139,2016
23f869c449da11524aa373458e859c83,5871440b81ee7c4957dfa32b75b8be8f,1876,0,2800,3518,924,3518
c8b870890630948cc15263e0c38c7f05,eecfb481b3da4f3b400e8093eeda7309,0,0,1037,2508,1037,2508
3ae1c09d1a8b4297a349f23f51fc5e8a,64407b85c4d7eb2774ed48fc009e4946,1811,135,2800,2567,989,2432
c8b870890630948cc15263e0c38c7f05,eefd7f23922a576ee1fafc96e5815ecd,0,322,1094,2362,1094,2040
3ae1c09d1a8b4297a349f23f51fc5e8a,995aef278f1e5aceb851e07219c9d569,1683,0,2800,2820,1117,2820
3ae1c09d1a8b4297a349f23f51fc5e8a,3f00dd2256a9a66f2b49621c7e9846b9,0,0,1065,3062,1065,3062
3ae1c09d1a8b4297a349f23f51fc5e8a,d5b05827950031f0e3dea428a21a9ea6,0,511,960,3518,960,3007
9ec8e13a49ab40a9e9efcd0a7dc802ba,9d3f3e597b73e75d3d0e7277115cea03,0,479,954,2661,954,2182
9ec8e13a49ab40a9e9efcd0a7dc802ba,5115419fef82bff5d230ff31f1abdfcd,1786,523,2800,3518,1014,2995
9ec8e13a49ab40a9e9efcd0a7dc802ba,43d897fc31492612a4a1cb1a0cf7b634,1809,0,2800,3518,991,3518
07d358c9113495de110a37ba2964f45e,989f4ce4c1ddd908001a2a3c68132925,0,0,1040,2864,1040,2864
9ec8e13a49ab40a9e9efcd0a7dc802ba,f489837cbeb0f27b3490e7f6b07c1fae,0,0,847,2632,847,2632
07d358c9113495de110a37ba2964f45e,4be43f80afca38ec897a7b6705415b3f,1644,0,2800,3518,1156,3518
07d358c9113495de110a37ba2964f45e,520afc930bd96f3a12d042ea3840f76f,0,500,940,3518,940,3018
07d358c9113495de110a37ba2964f45e,ebd42dc8cb29d0333dc906583a89c49d,1740,358,2800,2668,1060,2310
9bb21bf152546e42e65d73cd0b2e78aa,5ff1a816948bded49692cd41d9b2b33a,0,0,1005,3168,1005,3168
9bb21bf152546e42e65d73cd0b2e78aa,914588be2009ba768e58eabf3890ec00,0,496,968,3518,968,3022
9bb21bf152546e42e65d73cd0b2e78aa,fb0976f8945a5130d7af57017ed2ac06,1822,0,2800,3172,978,3172
9bb21bf152546e42e65d73cd0b2e78aa,7737d6fcf2dc8dd904005563659144e7,1796,0,2800,3484,1004,3484
7a921c83d4c156b4667b59f7b86fc424,b3a80ef25cbff541b3ba339cd57a8743,0,0,1392,2856,1392,2856
5dea1fd75e4dfcdbbcdcf36f795f4112,8a4a84256f601d5dcaf1727232760e89,0,494,1190,2713,1190,2219
5dea1fd75e4dfcdbbcdcf36f795f4112,409cf9b24b073228a50ca4520a366e9e,1707,397,2800,2541,1093,2144
5dea1fd75e4dfcdbbcdcf36f795f4112,497eba7f8b42dd3e7405214cadd6b502,0,0,1141,2909,1141,2909
5dea1fd75e4dfcdbbcdcf36f795f4112,e61858eec4c788ca4d7cad2b6736183d,1632,0,2800,3225,1168,3225
2554c1f7c8bb9428e508282f36bd9580,ba07b12b7920038518a68449bf720295,1914,250,2800,2552,886,2302
2554c1f7c8bb9428e508282f36bd9580,65cca6d465ef9ea3ed03680d63a09613,0,0,998,2834,998,2834
2554c1f7c8bb9428e508282f36bd9580,ec2b3e92ce84c23095937708759c60e8,1822,0,2800,2760,978,2760
2554c1f7c8bb9428e508282f36bd9580,0361f3c376ca72f2c6e56635452a2f0a,0,628,835,2686,835,2058
7a921c83d4c156b4667b59f7b86fc424,2fc2a88abaff5372c2cfa7ad65f6dda7,0,353,1378,2796,1378,2443
ea90a353de2dc5361b7841b2627d455f,2c306291f9e1e5e34e1c391cdb828280,1504,512,2800,3007,1296,2495
ea90a353de2dc5361b7841b2627d455f,f64044166ba386f5b0114bafd5fb9fd9,1133,0,2800,2966,1667,2966
ea90a353de2dc5361b7841b2627d455f,85ff561f8d0216e55017ac3432801ca8,0,0,1648,3070,1648,3070
ea90a353de2dc5361b7841b2627d455f,5deb4d69d458e37b364008d2be388c9d,0,566,1474,3074,1474,2508
a8aae5034090f87196c0134e35c2c1cd,349c408f4a7d73bb7fe8f232b3205fc6,0,499,1182,2987,1182,2488
a8aae5034090f87196c0134e35c2c1cd,afa9ddd1ba016a20a63dc23c13289705,1823,680,2800,3518,977,2838
a8aae5034090f87196c0134e35c2c1cd,9a137c7c383a9cacab45767731baf51f,1688,0,2800,3518,1112,3518
a8aae5034090f87196c0134e35c2c1cd,d569d81fea94e047abda97fe4aa38f6a,0,0,1225,3518,1225,3518
7a921c83d4c156b4667b59f7b86fc424,e29e88ff23c449387f9eb1efbc70af45,1517,400,2800,2849,1283,2449
733ddce3324fc373447de506341392ae,5a9d3eaa1e5925fbe8be56d6479733b7,0,0,1091,2867,1091,2867
733ddce3324fc373447de506341392ae,2c57ca33256d3d97b905ef932f8ba268,1887,666,2800,2646,913,1980
733ddce3324fc373447de506341392ae,772b9020d30819192252cc989172239d,1771,0,2800,3312,1029,3312
ac4b30ce8688e24f90dab2364b9d4911,aea4ab1ac1914e39919b74de4d0d330b,1181,64,2012,2812,831,2748
733ddce3324fc373447de506341392ae,9bbba12639ed031ddc7609d03c021a6d,0,843,979,2841,979,1998
ac4b30ce8688e24f90dab2364b9d4911,8d1b963cc8a5d8688e289343ec36448b,1114,0,2012,2812,898,2812
ac4b30ce8688e24f90dab2364b9d4911,35fa784de83e5bce663bf66bc1e8b9f2,0,0,958,2812,958,2812
ac4b30ce8688e24f90dab2364b9d4911,17b95f09393dd1f6f7cad0259c0dc236,0,0,923,2362,923,2362
a8ecc3915aa10239185a2213a961cef4,e0a613736eaff1b71c9286fd1d7fd342,0,0,847,2812,847,2812
a8ecc3915aa10239185a2213a961cef4,11b97e52860f5f0f5654a1014ecba871,1243,0,2012,2812,769,2812
a8ecc3915aa10239185a2213a961cef4,80186e2f708365af0ab6e5603c573082,1269,0,2012,2402,743,2402
7a921c83d4c156b4667b59f7b86fc424,76b2544a1445792488c60fcbdb2a4963,1480,0,2800,2850,1320,2850
a8ecc3915aa10239185a2213a961cef4,29be8a85fe2ce8f732e2f24d4b6bdccf,0,0,867,2812,867,2812
6b1818c48d12b25aa72fcf1d22aed05a,f0bb1aadb9d8ee9b3197629d26eb85b1,1919,411,2800,2307,881,1896
7d62d74422a284f22062355f3c772c8f,b2ab82f144713753dbaa3194ecd600f5,0,250,1408,3021,1408,2771
7d62d74422a284f22062355f3c772c8f,8584b17633932ce96e08d27bcab1158e,1456,0,2800,3034,1344,3034
6b1818c48d12b25aa72fcf1d22aed05a,0426e31fea8079ce30b796c80321a17c,0,0,832,2299,832,2299
7d62d74422a284f22062355f3c772c8f,5f2c1d79b7cfd6ebd14c2bef72c6e5f5,1431,138,2800,2764,1369,2626
b16121bd272e395037eeb12135b4a75b,1a7e7030036d2d11eb6e9bde8bd45ee4,1118,0,2012,2333,894,2333
6b1818c48d12b25aa72fcf1d22aed05a,b9c4bf0c91536c18899b44bb1de94057,1845,0,2800,2478,955,2478
6b1818c48d12b25aa72fcf1d22aed05a,cbc70879a8dee060ae3c802b32726ef2,0,780,754,2583,754,1803
7d62d74422a284f22062355f3c772c8f,682eeeba19ef8927a48fba6440ded264,0,0,1407,2907,1407,2907
b16121bd272e395037eeb12135b4a75b,ace4953964e61c037c0816f5c5ebbabf,1055,0,2012,2678,957,2678
b16121bd272e395037eeb12135b4a75b,48ba94a4fc4c95acdc11f1d05d6e70aa,0,0,854,2365,854,2365
1ca11fcbf4354e8fe8b7a229b34724cd,47403218a548868bbe6e8c30dc9758ea,1906,718,2800,2762,894,2044
1ca11fcbf4354e8fe8b7a229b34724cd,f840043e1091cdf4d18ca0b9ee5eeecc,0,692,906,2800,906,2108
1ca11fcbf4354e8fe8b7a229b34724cd,02cb48f8d183982d36ce3d126ba132bc,0,0,962,2577,962,2577
1ca11fcbf4354e8fe8b7a229b34724cd,d97d4e9946d390b20b8c0866cede74ce,1852,0,2800,3518,948,3518
792610d6c4044d3a4e2cfdbc5b494768,d028ffee146b31e84cb8cce392beafe7,755,0,2012,2751,1257,2751
04e48ccb2c1da42c6e51ec0e03d12863,8b888a1a6c6610e3b3104e2b95c32f71,1693,656,2800,2674,1107,2018
b16121bd272e395037eeb12135b4a75b,f14363549f7c81137b4c2196bacf9f8c,0,0,938,2727,938,2727
04e48ccb2c1da42c6e51ec0e03d12863,b120607b6983607003b8c3a642008e2f,0,0,1203,2577,1203,2577
04e48ccb2c1da42c6e51ec0e03d12863,cfb39f0de6fec39ed7dc3f0cffe8c818,0,586,1031,2659,1031,2073
792610d6c4044d3a4e2cfdbc5b494768,403b5c5ea146399cfe22aed90841969b,0,325,1034,2504,1034,2179
04e48ccb2c1da42c6e51ec0e03d12863,4a9be0df7284c6ed521a600263f74edd,1621,0,2800,2626,1179,2626
bba470c7ae302b5e4bfd2ed1a4515661,25b07f288fa98bb223088f7a323add2e,0,512,957,3073,957,2561
792610d6c4044d3a4e2cfdbc5b494768,e7193389a60710962cfd9020676582d4,0,0,1204,2812,1204,2812
bba470c7ae302b5e4bfd2ed1a4515661,9ff0722967d7c0d42b6a5e29814abcaa,0,0,982,3421,982,3421
792610d6c4044d3a4e2cfdbc5b494768,5cb3de6d9a5c63eeb83d660420c9044c,880,297,2012,2510,1132,2213
bba470c7ae302b5e4bfd2ed1a4515661,43361e8af5bd4f6a17194ad97b57c4f9,1952,599,2800,3261,848,2662
dbf024994f68f1cfeb3acebbf7063aa7,fd264c225bab45228895c5e77d39a9a5,1961,0,2800,2562,839,2562
dbf024994f68f1cfeb3acebbf7063aa7,e46d9adb01e5aa480f24c9d6e6eede65,0,0,775,2680,775,2680
857e401e6221df483022f74fd2dc7cad,12074aed98bac9351ac88cd5ae155011,0,683,739,2666,739,1983
dbf024994f68f1cfeb3acebbf7063aa7,4403fd4c435bb31f8d159384e36044e3,0,494,748,2496,748,2002
dbf024994f68f1cfeb3acebbf7063aa7,b5d107ac54787bbdc16e4fc1287547d4,1979,771,2800,2636,821,1865
857e401e6221df483022f74fd2dc7cad,dceaccfcacff90228556013fbd86506a,0,0,708,3369,708,3369
857e401e6221df483022f74fd2dc7cad,04e1ad74cad4789d66b680dc5a87e85a,1975,0,2800,2458,825,2458
1270431ce216c9fe061aa0403e2af11f,9c47718202b54d56463cf9faf310e5ec,0,0,966,3518,966,3518
1270431ce216c9fe061aa0403e2af11f,e79490fe2a0b430e62388ff0ebf3ce29,1844,434,2800,3502,956,3068
1270431ce216c9fe061aa0403e2af11f,6fba3374757958108bb12037d1b4a4a0,0,490,933,3372,933,2882
bba470c7ae302b5e4bfd2ed1a4515661,27f066be252acf8b8be0e058e30b3a1a,1996,0,2800,3273,804,3273
1270431ce216c9fe061aa0403e2af11f,dcf96d1abfd35d485129c300dd8cca1a,1845,0,2800,3011,955,3011
dd17f6482a460095a51338138db1093d,4da348d77941093f126b43c5f605f65d,1797,0,2800,3518,1003,3518
dd17f6482a460095a51338138db1093d,2660f39bb6ee0d231b112a6cf565d347,0,394,991,2571,991,2177
dd17f6482a460095a51338138db1093d,5bd460aeb7b756b23bb46f5b5b01f13a,1803,813,2800,2909,997,2096
dd17f6482a460095a51338138db1093d,41492db94158d36f182c603c506828ec,0,0,1028,3197,1028,3197
4f826a33f4af7181211dae033ea1c23e,b9017ac205be9b4a232097ac4b2f789b,0,0,870,2844,870,2844
4f826a33f4af7181211dae033ea1c23e,db887c827a3d9e963e5c611197d76f4b,1946,0,2800,2540,854,2540
a93d1068e2c7fb3af0eec54f7a0ff825,6b6a64d0c4c2e0aba5e5130d23a90e92,1350,0,2012,2442,662,2442
a93d1068e2c7fb3af0eec54f7a0ff825,a0e8b6ff3fd675b1fe3ccae2ed19ec83,0,314,655,2812,655,2498
a93d1068e2c7fb3af0eec54f7a0ff825,b3dd6fd32421cfa4e0f5cb3927662ee1,1361,0,2012,2022,651,2022
a93d1068e2c7fb3af0eec54f7a0ff825,59d4efb3234d4e40b68bee3126263120,0,0,633,2534,633,2534
857e401e6221df483022f74fd2dc7cad,a58ac698b9bc39b4156a6a8f3dcc1499,1988,748,2800,3203,812,2455
bee9d36fbdd1279746f06a9aa1262317,6e04882c8bf75eb22b55ac02e8242cd0,1178,0,2012,2812,834,2812
4f826a33f4af7181211dae033ea1c23e,c3bc4d121c876cee2ca6eb6b27e5df3a,1840,339,2800,3518,960,3179
bee9d36fbdd1279746f06a9aa1262317,6d39a2b164cb22765c1b993c8b05d038,0,0,887,2146,887,2146
bee9d36fbdd1279746f06a9aa1262317,5df6dcae8bbec1c608eece889b6dd63c,0,376,776,2403,776,2027
bee9d36fbdd1279746f06a9aa1262317,4d438425eb4dfed838c96a27853ee229,1292,0,2012,2263,720,2263
66908708e58c4f995abc4b68ad0303c8,c2a1a927c9d418f056ab8c39b8222c64,0,566,1015,2572,1015,2006
66908708e58c4f995abc4b68ad0303c8,9ccdfa2b6e85b8c32480cfdc3f3715b1,0,0,948,2510,948,2510
66908708e58c4f995abc4b68ad0303c8,e78af84e33048e4d7d17b34576b5bcdd,1771,486,2800,2409,1029,1923
ed5dea55ecf33c190878bf1a5b3e96d7,9b5a48cda932576fef31523b44e94643,1936,455,2800,3484,864,3029
4f826a33f4af7181211dae033ea1c23e,a7bff79632e5ed5d4c46d3f7f06119a2,0,381,892,2660,892,2279
66908708e58c4f995abc4b68ad0303c8,641091fa2bb60aab547c19349092c484,1795,0,2800,2524,1005,2524
ed5dea55ecf33c190878bf1a5b3e96d7,6c0c15b8cb8baa8f584a1d91ec1ecae5,0,270,861,2710,861,2440
660e8b983cd358a5e11dbc287e8ded50,dbcf050cbd317d323cc809cc0decd8ae,1888,0,2800,2338,912,2338
ed5dea55ecf33c190878bf1a5b3e96d7,c59fa6614a338fd9478867016958fa9a,1880,0,2800,3518,920,3518
ed5dea55ecf33c190878bf1a5b3e96d7,8d2014099621d3836f9bc2c9db829946,0,0,876,3518,876,3518
660e8b983cd358a5e11dbc287e8ded50,4b6084afd895325a9600fd49158b7654,0,391,982,2677,982,2286
660e8b983cd358a5e11dbc287e8ded50,867bf161840c5bd16dc15ff525bc3cd4,0,0,979,2373,979,2373
660e8b983cd358a5e11dbc287e8ded50,9edc4d367a08888e0bcb78d9f9d71a9e,2003,864,2800,2742,797,1878
63e614d2e36e68188ae42f9ab53cd5a6,9ce75b6fe8d29420e99fd891d7741a7b,1580,475,2800,2760,1220,2285
63e614d2e36e68188ae42f9ab53cd5a6,d09e49d4b6b884d0636c004be5ca449c,0,0,1258,2930,1258,2930
63e614d2e36e68188ae42f9ab53cd5a6,4dbd4a03040de59402802b119735266e,0,480,1283,2801,1283,2321
63e614d2e36e68188ae42f9ab53cd5a6,03c961ba5dc0f32e87ace26cb9884af3,1505,0,2800,2858,1295,2858
9f4c6372340260218be4fe6f44ae096d,9009356d36f174a5de074445b459204f,1763,0,2800,3518,1037,3518
9f4c6372340260218be4fe6f44ae096d,ce860835705db24dc2908eb060e4348d,0,0,999,2382,999,2382
9f4c6372340260218be4fe6f44ae096d,c9b07770e163a112851bb8a10bf69548,1827,546,2800,3518,973,2972
7e6403be5452b4fff44c3993aab88707,70a930926637623caaaae09672907743,1957,414,2800,2442,843,2028
03c2551cc64d8cfa94509695d475b894,04a5ce35a1b0549342e36aba8d1c759d,1830,522,2800,2800,970,2278
7e6403be5452b4fff44c3993aab88707,bcd4f8ae5e07d0bdda74eaf649898a4c,0,683,869,2710,869,2027
03c2551cc64d8cfa94509695d475b894,dbed4d99a4a71a90863f67c34ee25063,1756,0,2800,2300,1044,2300
03c2551cc64d8cfa94509695d475b894,4e7c9ebd1a318627e42b1381103e2cc8,0,217,1025,2460,1025,2243
9f4c6372340260218be4fe6f44ae096d,291e63148263ae29cb3c34e9aebc055a,0,731,1053,3250,1053,2519
03c2551cc64d8cfa94509695d475b894,a5351be399c93f9b735b696668538b76,0,0,1081,2371,1081,2371
0fc1c717e341236455554530e64124e3,9f5fa78866f78f172de2418ecfc07b9c,1936,302,2800,2381,864,2079
0fc1c717e341236455554530e64124e3,ef5cffd7e7d13ae40b1b86c7900885fc,0,0,916,2827,916,2827
0fc1c717e341236455554530e64124e3,97f2e5a70776b664cb394bc1e982dcba,0,577,824,2623,824,2046
2cd1a22e2f3ee30d8e371376d5330545,2bf437971526de036e58427ec8eb2324,0,814,763,2784,763,1970
cd574c78251753f3f55c853068acdb4e,5487fa6874ce5b9a6e1b0d83bd65641a,1984,564,2800,2466,816,1902
2cd1a22e2f3ee30d8e371376d5330545,ff0d1f33bd49a2b7985a6ac9d3d9c7f0,2014,0,2800,2860,786,2860
2cd1a22e2f3ee30d8e371376d5330545,952d8b9eecf3a1c1573fd0a43aa18ec8,1967,713,2800,2694,833,1981
2cd1a22e2f3ee30d8e371376d5330545,dd7945dc5a4d66a92ae47f851276a917,0,0,757,2415,757,2415
0fc1c717e341236455554530e64124e3,26b97f0b7e0c45b51a4a26a0390168e0,1941,0,2800,3518,859,3518
cd574c78251753f3f55c853068acdb4e,f56685c64d6650721c882ef8c45eb838,1975,0,2800,3139,825,3139
cd574c78251753f3f55c853068acdb4e,8b14352847b2d604cc34c4e42c6638a1,0,0,778,2182,778,2182
ca1e0106f56436be3292ae42eb62a205,6b47704a106c08bf7a8cfb6e218c07e7,0,738,929,3518,929,2780
cd574c78251753f3f55c853068acdb4e,2d84d04a07ef137d95cd54d08e39cd8a,0,737,770,2596,770,1859
ca1e0106f56436be3292ae42eb62a205,2171e6158f0677b2f192d116dc7972cc,1947,0,2800,2491,853,2491
ca1e0106f56436be3292ae42eb62a205,3a3ad6cbb8a1df05ed3a48868d02a6f5,0,0,831,2444,831,2444
04a50862ccc40fc7028d1bffc7fde109,77e6f68d0c9a5312c765f75cd02f7ce2,0,617,1026,2818,1026,2201
ca1e0106f56436be3292ae42eb62a205,86bb1da780afc51b7717c099d01a9b33,1924,717,2800,3518,876,2801
04a50862ccc40fc7028d1bffc7fde109,654920bcc9e6752232599246654b7b24,1740,0,2800,2648,1060,2648
04a50862ccc40fc7028d1bffc7fde109,6d63d841c20081e2d3c29baff3e712bd,1837,4,2800,2885,963,2881
9c54e17c5914fed62aa4afa333f825cb,1030c58ae7bb616f7ce000adc32b6f2c,1477,0,2800,2657,1323,2657
04a50862ccc40fc7028d1bffc7fde109,94e4be402221d8bfe222623803246de6,0,0,1023,2648,1023,2648
7e6403be5452b4fff44c3993aab88707,0132d7c1753efb8316f18cd5e6df8e20,1810,0,2800,3372,990,3372
7e6403be5452b4fff44c3993aab88707,0c19be554e27e2fdc2fe05ad954e825c,0,0,947,2673,947,2673
b7fbd7cb0e6fe432dbb83113a707ec50,4a2b84602ddcada7ac031765301086a2,732,292,2012,2539,1280,2247
9c54e17c5914fed62aa4afa333f825cb,50aa8cd349e460556552ce3a0a497b19,1490,595,2800,2730,1310,2135
47a0c7f04338fa888c200ab19fa538a2,974b94f3943742ed94412c8c1f3bb32e,0,880,765,2863,765,1983
9c54e17c5914fed62aa4afa333f825cb,78e466e70204622cacd76209f0fe7c75,0,507,1284,2713,1284,2206
9c54e17c5914fed62aa4afa333f825cb,65ad7a5b250b673a1670a56d784f0505,0,0,1334,2653,1334,2653
47a0c7f04338fa888c200ab19fa538a2,730c652937196e913aed2592a0e2e83b,0,0,1235,3071,1235,3071
47a0c7f04338fa888c200ab19fa538a2,8faaf235c43eea31c00cafa4fce7874a,2037,429,2800,2544,763,2115
b7fbd7cb0e6fe432dbb83113a707ec50,00c3882e04f75b05ad2b2e14b66b3a4f,0,0,1237,2650,1237,2650
47a0c7f04338fa888c200ab19fa538a2,1a8b0b4ac47b1b1d78dbaa06eba334c0,1765,0,2800,2844,1035,2844
6dc05c2778f84d4f4f502a38eb494a3b,4f9e9dad38ad636863b8de740c6e04f2,761,183,2012,2275,1251,2092
6dc05c2778f84d4f4f502a38eb494a3b,a7a261747585a70b91edad0dc5b42443,0,203,1241,2528,1241,2325
6dc05c2778f84d4f4f502a38eb494a3b,8509b19cfb926737ea18b3bfc53f40b7,717,0,2012,2448,1295,2448
6dc05c2778f84d4f4f502a38eb494a3b,9a5b2ce2c99ba0cdd60ed428357e8061,0,0,1262,2582,1262,2582
498ebc73c8c1cf2695dfa133a7bf2ceb,e274f262d8292539e4d7bb53fcbeac46,0,0,916,2460,916,2460
b7fbd7cb0e6fe432dbb83113a707ec50,29ec7ddc119129c47c2baca230bb95ed,0,256,1204,2584,1204,2328
498ebc73c8c1cf2695dfa133a7bf2ceb,b3560a730b5cc2645210cd02ceb7435c,1771,0,2686,2505,915,2505
498ebc73c8c1cf2695dfa133a7bf2ceb,55e9a73c83e7f97291be1ced938c3796,0,891,957,2921,957,2030
498ebc73c8c1cf2695dfa133a7bf2ceb,c7e653a7e3dffadd492a150c5dcbdd86,1618,152,2654,2570,1036,2418
b7b166a08ec0e14e56b549bcf21d597d,f2bc0e0bc1dfac6403f4aae810e4015e,1797,0,2800,3518,1003,3518
ca8a3e5d2b5f457d045b41b8d18e7909,bebe4b02eac6b1506e0b0c471e41f097,0,95,1132,2812,1132,2717
b7b166a08ec0e14e56b549bcf21d597d,746acfacd1fb534727ca4033ca00bb9d,0,0,901,3040,901,3040
ca8a3e5d2b5f457d045b41b8d18e7909,769ab18e1dfde28b957d3189c94c4421,962,0,2012,2812,1050,2812
b7fbd7cb0e6fe432dbb83113a707ec50,59269891cba1a2b25b8d65ba5db18544,824,0,2012,2812,1188,2812
ca8a3e5d2b5f457d045b41b8d18e7909,544ebe595b53a9a6d39bcd26902d0d34,914,0,2012,2571,1098,2571
ca8a3e5d2b5f457d045b41b8d18e7909,80fa1d7e4cda5dd8e2de30e18c55d0ad,0,0,1130,2812,1130,2812
b7b166a08ec0e14e56b549bcf21d597d,870c92e1cf41f1260c2453ef93f7a73b,1955,520,2800,2703,845,2183
480efbd9f8cb6b69c2006fca12002848,a6cf8bfb37c39b4927fc616507f33b74,0,0,971,2711,971,2711
480efbd9f8cb6b69c2006fca12002848,1cb9ea151037021da1ff64b026666147,1913,427,2800,3518,887,3091
480efbd9f8cb6b69c2006fca12002848,9ef4e47a9df2336a59303a603c874e55,0,701,860,3518,860,2817
480efbd9f8cb6b69c2006fca12002848,7e8eb7c0d50baefb5f4446f01285f1d3,1851,0,2800,2719,949,2719
317986c9303c4a6b9e6d015d67baf4bf,86acd387d6dcbe2257fb009ecd8b1ada,0,0,1176,2927,1176,2927
317986c9303c4a6b9e6d015d67baf4bf,cb3d86e4c6fd635b19e3301678ea7b35,1705,317,2800,3518,1095,3201
317986c9303c4a6b9e6d015d67baf4bf,bd6fb11df9e0ab89d8a9b176a271a8e4,0,0,1250,3073,1250,3073
317986c9303c4a6b9e6d015d67baf4bf,467007b4368c744c17226216a5b58f4e,1624,0,2800,3378,1176,3378
ff14000d34084da830eaecaa27560d18,e397e4a63d7fc4e1768911244020ff11,1194,0,2012,2280,818,2280
ff14000d34084da830eaecaa27560d18,8ddd76b73fa093f2aa049819f0afde54,0,0,905,2812,905,2812
ff14000d34084da830eaecaa27560d18,9cc59ec2fa6e1eb7470c9dd994ace8ba,1207,0,2012,2812,805,2812
bef6a564e01d6c681c0cfcfa691bf79d,d03eee057fb9516f49c2c9b93ee553b6,0,539,864,3518,864,2979
bef6a564e01d6c681c0cfcfa691bf79d,3c323771e3b6573bada50874f3f042e6,0,0,873,3398,873,3398
b7b166a08ec0e14e56b549bcf21d597d,2fe8199ebb8491274c6e0bf0c0c3f2b1,0,688,787,2697,787,2009
ff14000d34084da830eaecaa27560d18,8d6e8f7916d2e1192bcfcacd31bf1ccc,0,114,915,2812,915,2698
50f8b3202cdcf829f0d110fc0b2217e8,37b7aedaf335fcc1b4945d9e68c571f1,0,0,976,3170,976,3170
bef6a564e01d6c681c0cfcfa691bf79d,a9297aa871909428f16760d48f87d235,1838,0,2800,3203,962,3203
50f8b3202cdcf829f0d110fc0b2217e8,cd3017537af430131e17da0a89373dd9,0,599,721,2818,721,2219
50f8b3202cdcf829f0d110fc0b2217e8,30bb2aa5872fbeaa8b68d8d4fc92b70e,2099,694,2800,2998,701,2304
50f8b3202cdcf829f0d110fc0b2217e8,c8d6274766a4cb5607b16b97b534ef8f,1838,0,2800,3518,962,3518
bef6a564e01d6c681c0cfcfa691bf79d,053463a152fc77e38a81ca0928a54aaf,1934,0,2800,2522,866,2522
ad720a91db0f442e034cdf02ae32d12b,e0111a69b23276f96475ba809b8d1b8c,0,0,1072,2277,1072,2277
ad720a91db0f442e034cdf02ae32d12b,fb9c9b269758da330946ab8c3b6ff4f7,1928,531,2800,2374,872,1843
ad720a91db0f442e034cdf02ae32d12b,a16fe86e3c64f78a17fbce0c8274556e,0,598,1088,2489,1088,1891
ad720a91db0f442e034cdf02ae32d12b,b87562b71f150729b70a3dd17a8544a5,1847,0,2800,2271,953,2271
abcfe29c06bed0b1270a19d2813b9a10,9d0ae6dfbe36815918d3c44ab13a6d1d,1775,0,2800,3518,1025,3518
abcfe29c06bed0b1270a19d2813b9a10,775404014f754a2a28ffe8348fc406d2,1799,451,2800,2585,1001,2134
abcfe29c06bed0b1270a19d2813b9a10,ae4055546b9d8de7c390e9a3fb5ecc69,0,0,1018,3518,1018,3518
abcfe29c06bed0b1270a19d2813b9a10,17b3a249701b56996ab36e053d9eaf1c,0,643,935,2835,935,2192
5cc14c0235877aff70d821e39e3cf9d4,0704d9932ffc86684123b837724b1025,0,0,918,3052,918,3052
5cc14c0235877aff70d821e39e3cf9d4,91a1d8da06dfaf176f77fb417faf8785,0,667,860,2607,860,1940
5cc14c0235877aff70d821e39e3cf9d4,93a8e99151fdb2f6485202d3e796a9e9,1906,620,2800,2333,894,1713
5cc14c0235877aff70d821e39e3cf9d4,815dcfb169bdd2a8c3f225c34bfc7ea2,1865,0,2800,2871,935,2871
85e4a367984944a39645fc9279811add,c8f3cd45dc7822877d4fd3394e111537,1882,0,2800,2531,918,2531
85e4a367984944a39645fc9279811add,c0ce8c7618f9538cc0b9218105b1f265,0,865,1047,3518,1047,2653
85e4a367984944a39645fc9279811add,f6ef7ce78251af54277f5d9df5b4879c,0,0,1013,2820,1013,2820
b431c66b65e43df8614f1a7e2162655a,f9c19899b3b68d5f1dfb97a5a7a02dc1,1825,501,2800,2705,975,2204
b431c66b65e43df8614f1a7e2162655a,a275b8214a38c3f211740d6dad24c360,0,321,1001,2609,1001,2288
85e4a367984944a39645fc9279811add,481edfc1c0c136355aff0a9c75d19099,1920,418,2800,3518,880,3100
33d6a9c91507dcd7031fc3f11e7c7000,582a9b5ac7683955ef7ba46d02ad489c,0,0,1117,2788,1117,2788
33d6a9c91507dcd7031fc3f11e7c7000,10b6ebd3d2496609698ac1bdbc18d1d3,1777,409,2800,2660,1023,2251
33d6a9c91507dcd7031fc3f11e7c7000,eba70d65cfe8909f48c995468409395c,1720,0,2800,3518,1080,3518
24f3311fc7e64a61e64e8e436ed3e598,3b97a288737be5c64ecf488cc6faf137,0,1068,641,2845,641,1777
b431c66b65e43df8614f1a7e2162655a,505c6b7759595ae916fcb860acd9de13,0,0,1030,2553,1030,2553
24f3311fc7e64a61e64e8e436ed3e598,54a911cfa2c8821f5cad5d8d93b29ab4,2212,1034,2800,2716,588,1682
33d6a9c91507dcd7031fc3f11e7c7000,afb281800018b720b057492dd6047125,0,260,1190,2685,1190,2425
db7cc9ccde13b4d76c3facea53bf7cce,fb9302ef2708b8c2bf3c2cdee9ed77e5,0,450,926,2509,926,2059
db7cc9ccde13b4d76c3facea53bf7cce,a4d49ba55975e3b7a2833ee221d81d36,990,368,2012,2517,1022,2149
db7cc9ccde13b4d76c3facea53bf7cce,8331933eb6b9cc764c3677087bc120e0,0,0,1090,2787,1090,2787
db7cc9ccde13b4d76c3facea53bf7cce,8740a243656336c83116c312444e2f18,1010,0,2012,2555,1002,2555
24f3311fc7e64a61e64e8e436ed3e598,42deb31727e64b9b42eab8b8b5e552a0,0,0,732,3518,732,3518
24f3311fc7e64a61e64e8e436ed3e598,e4d35a881282867c7e320ee9cb56f21a,2095,0,2800,3518,705,3518
b431c66b65e43df8614f1a7e2162655a,7c61efb7d4aa321f88fd83be7e2da67c,1780,0,2800,2661,1020,2661
a648b3dfdda9ebe276f16799021ff61c,6f2e628b4bee3db2d1e8795188b79fd0,0,0,807,2344,807,2344
d505c23203135c0bd01d470208807c64,05da4a6b185571791bbdc7206d1a5483,0,0,892,2343,892,2343
d505c23203135c0bd01d470208807c64,7709e098e829cf7851875d17c1bb3011,0,722,963,2631,963,1909
d505c23203135c0bd01d470208807c64,ee5318aa713f03f8eda0dd1770409757,1795,0,2800,2323,1005,2323
a648b3dfdda9ebe276f16799021ff61c,c7827d619f6ed6264f6385d3a85bb43f,0,793,722,2796,722,2003
d505c23203135c0bd01d470208807c64,a3fdc84452772ab5a2d23ecff215079c,1775,359,2800,2279,1025,1920
ec4a630e53f03ba960d7ba4c6680ecac,a0360303198e7a4b60566c2d2193e7b8,0,919,707,2923,707,2004
ec4a630e53f03ba960d7ba4c6680ecac,11efa634182a5ca7ad6ce12872f96c2b,1993,587,2800,2626,807,2039
b02d870a94116527e195a91d48699350,75515dce11b41be9edf66e98c130b700,0,0,853,2239,853,2239
b02d870a94116527e195a91d48699350,234db65af4f3bd406945436d1fb855cf,1128,0,2012,2368,884,2368
a648b3dfdda9ebe276f16799021ff61c,716ae3b035ace66afcd5fb5c290b8106,1117,0,2012,2444,895,2444
a648b3dfdda9ebe276f16799021ff61c,f3bddbda0313e6ea434f9b3b6f78e7d0,1260,458,2012,2402,752,1944
63daec7e094feedd1d827bf750a144e8,9194f0f382aac1f83b0ad3aab7991833,0,407,1245,2413,1245,2006
b02d870a94116527e195a91d48699350,2c70ec77e4cd7347b44a59a316248f27,0,0,893,2289,893,2289
63daec7e094feedd1d827bf750a144e8,9ce2ee0aa6a4667129c5e4a86eb66962,885,0,2012,2598,1127,2598
ec4a630e53f03ba960d7ba4c6680ecac,ae96712112446a8571a2528dedf277dc,1960,0,2800,2681,840,2681
b02d870a94116527e195a91d48699350,f464e25cea3daedeac65a88cf60db137,1117,0,2012,2245,895,2245
63daec7e094feedd1d827bf750a144e8,6a02b7f47c99d9dfa201856ea5938309,0,0,1327,2812,1327,2812
ec4a630e53f03ba960d7ba4c6680ecac,7d13a9b1bc20e17abe19fcee64e52070,0,0,828,3039,828,3039
63daec7e094feedd1d827bf750a144e8,eacd4d8acfd2d68b4a9b5c6c40bfa663,784,345,2012,2415,1228,2070
dfcb2a7b3a8a7111efdaa4e76d7e9bea,d3b2d321c5824737aa119b7377b8204c,0,0,1032,3518,1032,3518
dfcb2a7b3a8a7111efdaa4e76d7e9bea,230f8a9bfee98efa4fb3baa3e8c5d3ba,1874,563,2800,3518,926,2955
dfcb2a7b3a8a7111efdaa4e76d7e9bea,8d1a27b1d8a5ad2f507f0d90107a9a20,1833,0,2800,2767,967,2767
dfcb2a7b3a8a7111efdaa4e76d7e9bea,4e12483df4c95af968b1e4c353d47c61,0,565,1065,2815,1065,2250
b97d038694c1a91de191bae204dd1f2d,96e7d7b4b805fe70a30c24351d140ab2,0,0,1337,3518,1337,3518
698354ce9231d5371149e10be823d1ca,83f8c5116216b49d8f786fa8d2d022a7,1001,242,2012,2409,1011,2167
698354ce9231d5371149e10be823d1ca,0ccc80f1c74207a09084b46e17e0bc03,0,414,1024,2812,1024,2398
698354ce9231d5371149e10be823d1ca,98f06fd9d138c7bd6dd25e6225df21ab,956,0,2012,2812,1056,2812
b97d038694c1a91de191bae204dd1f2d,0cf9cd3d36a7bfb95e66c0ba482eb8c0,1692,415,2800,3518,1108,3103
698354ce9231d5371149e10be823d1ca,b9b47fe413fd008f3de9b95f07c98978,0,0,1085,2812,1085,2812
6dae8238f9d287a570dc4c5c941587d8,a1c1ea61e607c498c5d49a31e8878b7b,2039,681,2800,2514,761,1833
6dae8238f9d287a570dc4c5c941587d8,b579083dfedf1abe85e1cdb61e3662eb,1897,0,2800,3518,903,3518
6dae8238f9d287a570dc4c5c941587d8,5b9b72a19105b402dfdd5ffe20776a6d,0,0,763,3518,763,3518
6dae8238f9d287a570dc4c5c941587d8,db82aa98c5966d26c98e9f556eabd245,0,562,690,2323,690,1761
1ac647e03da8399738d8a1b7419256e2,9c8eb35089d75165edb252b2ac9d3a1c,1966,596,2800,2527,834,1931
b97d038694c1a91de191bae204dd1f2d,b119e0c84e1e3d4a66072329abd56857,1625,0,2800,3518,1175,3518
b97d038694c1a91de191bae204dd1f2d,7b97be48fec7454a29de4ab52c86b6f3,0,374,1239,2820,1239,2446
1ac647e03da8399738d8a1b7419256e2,0f208129a078643ee1ce0f01b1973cb7,0,826,859,2777,859,1951
1ac647e03da8399738d8a1b7419256e2,1d390e7d1f34e0146740cb8bcfc1bd39,2042,0,2800,2502,758,2502
1ac647e03da8399738d8a1b7419256e2,71880985e4a75bafad4143ef5cfc8ea3,0,0,799,2586,799,2586
8cc9e2bcb5229c6c018aa3afb40b1756,fcbd737968278ad592af1a66116cd765,1738,0,2800,2645,1062,2645
8cc9e2bcb5229c6c018aa3afb40b1756,a60e3428d01d3e5c7d461b4c825be6c4,1858,761,2800,2647,942,1886
8cc9e2bcb5229c6c018aa3afb40b1756,2540664935db1f5066a554ec9d3ecbe1,0,765,922,2792,922,2027
db97b00cc05ab07f856a50dcb374478d,d61618adaa137207672fbf81fe7b4b68,0,134,943,2609,943,2475
db97b00cc05ab07f856a50dcb374478d,85c7b0e7d5798e717437de405b9ebaa3,1948,559,2800,3518,852,2959
db97b00cc05ab07f856a50dcb374478d,3ddf4f140785f854018c2cdbda447d29,1788,0,2800,3212,1012,3212
b2979c0f7fa4edae4a174b0747e0ab37,2b7b2e4286e785db745b0b43b487f904,1231,0,2012,2812,781,2812
db97b00cc05ab07f856a50dcb374478d,948351dabe33cdf3c13ece569a313455,0,0,1019,3518,1019,3518
b2979c0f7fa4edae4a174b0747e0ab37,5a8bddeb3da3d0504e4ba9338b24ca0c,0,24,791,2812,791,2788
5b49b249c098ddd060693b2f054e6c7d,b9a41b3c3a5774c8a6ed77d3cb6be647,0,133,955,2293,955,2160
8cc9e2bcb5229c6c018aa3afb40b1756,b73e9bd407021305a036b7dc359dfd0d,0,0,997,2818,997,2818
b2979c0f7fa4edae4a174b0747e0ab37,c8d0f2ace6a0b244914bfeccaa0d50ff,0,0,869,2592,869,2592
5b49b249c098ddd060693b2f054e6c7d,d30dfb2e536953a9e1ecd3fbe04d6013,1777,353,2800,2437,1023,2084
5b49b249c098ddd060693b2f054e6c7d,47133770577b476a185aa416abbfaa54,0,0,922,2793,922,2793
5b49b249c098ddd060693b2f054e6c7d,b2cb4183498ca6ac34a7ffaa0f523cef,1746,0,2800,2717,1054,2717
80e75c0e071da389f79efb822428d9b2,f8ae9d7cbb377ab32b5473231cb0dd50,0,517,904,2631,904,2114
80e75c0e071da389f79efb822428d9b2,c2aee2d7beb68b76d4759d37d8695d21,0,0,843,2639,843,2639
80e75c0e071da389f79efb822428d9b2,da153ecdfcaa6675a29e7e8ff43c0758,1877,768,2800,3518,923,2750
556a4f260d4e3b576005ae93d01f6eb8,f502474200958c14accc60cd2d319ccf,0,643,936,3518,936,2875
556a4f260d4e3b576005ae93d01f6eb8,bd74c735224c3525b93b2aa8d3a582b2,1848,316,2800,3349,952,3033
556a4f260d4e3b576005ae93d01f6eb8,5f17911b04892cf28e5385251d53ea57,1816,0,2800,2572,984,2572
d3686c38314245a6976d8c7feecd8873,802ca5ad7a5e66eb1f12cef25accbc34,1899,389,2800,2366,901,1977
d3686c38314245a6976d8c7feecd8873,93d3c33b023cbd35b37f98707d228506,0,375,909,2506,909,2131
d3686c38314245a6976d8c7feecd8873,b84d620a8d7ee58283d7c645ff3d55c3,1853,0,2800,3518,947,3518
d3686c38314245a6976d8c7feecd8873,6b4d0905e98379c8f36a6daf017b6588,0,0,945,3518,945,3518
be400f94d9ee074e0716af37d3b2b2c1,a3958ff4d2905d247bbdccb3d4bf7cd8,0,863,1058,3091,1058,2228
556a4f260d4e3b576005ae93d01f6eb8,67190a4e7edcef162645acee9e14db4c,0,0,1027,2784,1027,2784
be400f94d9ee074e0716af37d3b2b2c1,cdc3d11f07f205f7b0b018ea0b60dce6,1773,0,2800,2881,1027,2881
be400f94d9ee074e0716af37d3b2b2c1,22eae158d7723c3b8af70edee2f13031,1847,289,2800,2609,953,2320
b2979c0f7fa4edae4a174b0747e0ab37,66a397f73dd5c7b4abf3e36b25a8bee8,1056,0,2012,2684,956,2684
be400f94d9ee074e0716af37d3b2b2c1,2c751ba574b55b81be5661c41accbc95,0,0,1134,3045,1134,3045
80e75c0e071da389f79efb822428d9b2,8c3bdb5e105d7f35351aeb6522b03c7a,1931,0,2800,2546,869,2546
3f56913d18083486174be687e94f0c8e,02058f8f02802166fc8ec3c0ef681bcb,0,0,885,2339,885,2339
3f56913d18083486174be687e94f0c8e,bc4ce45bfdcc83bdef2bc25aea168958,0,0,916,3475,916,3475
3f56913d18083486174be687e94f0c8e,2122483041a6893c20bb52d9c1fdaf7f,1759,0,2800,3356,1041,3356
3f56913d18083486174be687e94f0c8e,b3d14b86d9435988c6ef9e1388fea80b,1855,198,2800,2440,945,2242
4e60ffc38543d2c61d9af477fb57d124,9ac5d94e951ed1babf94ae9991948222,1022,194,2012,2446,990,2252
4e60ffc38543d2c61d9af477fb57d124,e70d0b0c621a55bebe4afa7169290a5c,0,0,970,2812,970,2812
4e60ffc38543d2c61d9af477fb57d124,d0b51b56a6d23c6492ddccff15be7b1d,0,477,892,2624,892,2147
4e60ffc38543d2c61d9af477fb57d124,043973edc26476a0d82629ec5a166913,982,0,2012,2812,1030,2812
37d2760ae8365ba5ec7a27c110369b22,6b76cae4344fd1d2393ea104b36156cd,1731,612,2800,2778,1069,2166
37d2760ae8365ba5ec7a27c110369b22,9af093b74c43864d6d34ab91efb8cc6f,0,0,893,2452,893,2452
37d2760ae8365ba5ec7a27c110369b22,e6ebe843228b3c813d9e0970844ea16f,0,687,1037,2720,1037,2033
37d2760ae8365ba5ec7a27c110369b22,90d91dca44536d2f2ad454366ae7f90a,1839,0,2800,2592,961,2592
e337a13683289a1c39535479d0f930f5,68f20f74834772788a9f9350b0492fb6,1539,521,2800,2569,1261,2048
e337a13683289a1c39535479d0f930f5,5f14b8c8139fe565876402b043db5c64,0,769,1217,2825,1217,2056
e337a13683289a1c39535479d0f930f5,711477c4914b858fbb9bd62b9def1b3a,1571,0,2800,2544,1229,2544
5ca4be6a5dead481f1d052f4854f22e9,3594af509ee293f3bec9986c294d87eb,0,0,1032,2583,1032,2583
e337a13683289a1c39535479d0f930f5,13a643a9218135c69ab358a7f5b48f5f,0,0,1212,2501,1212,2501
5ca4be6a5dead481f1d052f4854f22e9,342a4372bea53f605dc84734df352b0f,1949,0,2800,2634,851,2634
5ca4be6a5dead481f1d052f4854f22e9,733da1e997e86a2e6c79caf20e6a40ae,1969,379,2800,2407,831,2028
5ca4be6a5dead481f1d052f4854f22e9,60b16f2c3b147a0540ef06b5275a7c13,0,440,1052,2703,1052,2263
8e4070abc55ef891e275332eebc67404,2ccb0b8c1b3f6426b4d1e966f1c8cec8,0,587,1056,2827,1056,2240
5ae06adb1a2b2bcfeeef2ba52c234c96,c755f6115f5213f739bd79a36fe1c27f,0,653,1079,2753,1079,2100
5ae06adb1a2b2bcfeeef2ba52c234c96,fdfc4d7c56f7fc40cf4baceb4fdc1a30,0,0,1102,2586,1102,2586
5ae06adb1a2b2bcfeeef2ba52c234c96,64d3ca8daf4d72d55c35874d32ee368c,1872,724,2800,2662,928,1938
5ae06adb1a2b2bcfeeef2ba52c234c96,c816811ee4940001f625ee5920ab8512,1715,0,2800,2933,1085,2933
afc3e776986dac4a533d6a03615fd142,80e6557c670130166d5c9298735a5782,0,0,785,2783,785,2783
afc3e776986dac4a533d6a03615fd142,d7583423b11a3cab555b0e7a33926bbd,0,614,669,3298,669,2684
afc3e776986dac4a533d6a03615fd142,0524b7afd6d4d02101543e1ce3cef30a,1986,0,2800,3518,814,3518
9c6a55096bc36d9f19fdae13d0f33037,cbc77625ee4e1645ccad5c0df01719bb,0,0,982,2812,982,2812
9c6a55096bc36d9f19fdae13d0f33037,dd2869e00473ccbec6ed8d25e50eb1bb,1100,110,2012,2244,912,2134
9c6a55096bc36d9f19fdae13d0f33037,de6d3164c13219ea677128e9648631b3,0,121,948,2341,948,2220
9c6a55096bc36d9f19fdae13d0f33037,687c962a6040f378343aaa5cd40ae598,1104,0,2012,2664,908,2664
afc3e776986dac4a533d6a03615fd142,f6427c52033492823362a336d376ebd6,2054,546,2800,3518,746,2972
7222be56af29925b903a997a0d9a494c,432fbc6649cf3d14fa994e2b75ea05f5,0,0,1363,2495,1363,2495
7222be56af29925b903a997a0d9a494c,180c146145a11ad16abf5baacdda0a32,636,0,2012,2659,1376,2659
7222be56af29925b903a997a0d9a494c,60d2069b1a6b86efe1961c7796c3974e,665,19,2012,2385,1347,2366
7222be56af29925b903a997a0d9a494c,ea401a8f0e27e756e11cc98e246c885a,0,211,1301,2521,1301,2310
f02c80f78d535ed94925b02eeaac6b01,dfe8a118e2b3afce100c0411e7d6cc6a,0,415,980,2589,980,2174
f02c80f78d535ed94925b02eeaac6b01,616aa7be70341e480d83d4fc97aa825a,0,0,1016,3518,1016,3518
f02c80f78d535ed94925b02eeaac6b01,3fe12a07ddb0d68e75508db4e9321da7,1855,0,2800,2611,945,2611
8e4070abc55ef891e275332eebc67404,fe67aecae2825332c2e5a510e1329a65,1836,462,2800,2524,964,2062
8e4070abc55ef891e275332eebc67404,bc62e07039d73b83660f1723a9eac84b,1982,0,2800,2447,818,2447
a88ef37afed3d90e722db14c79af7718,ba02f73874ccdbb8b7020193616d0f95,0,0,1147,2422,1147,2422
a88ef37afed3d90e722db14c79af7718,88406c370efdba0c88fcfb1f51cd11b9,1650,660,2800,2742,1150,2082
70e75d6692bfc3273982c68dba519047,eadd778be1c14c91a38f0d4169d7e233,0,0,745,2240,745,2240
8e4070abc55ef891e275332eebc67404,b829cf4575a03979648b740a210150dd,0,0,929,3518,929,3518
f02c80f78d535ed94925b02eeaac6b01,aae68ea51d2e268cba11d3fb948d462f,1867,566,2800,3518,933,2952
a88ef37afed3d90e722db14c79af7718,6bdfed4897daba0ce63a7f4d3eaecc1b,0,621,1225,2669,1225,2048
70e75d6692bfc3273982c68dba519047,f1c98f71e16c8595661dff1696bbb5d6,1199,49,2012,2174,813,2125
a88ef37afed3d90e722db14c79af7718,2b473ab2a243c4bfc56fdc35d167e885,1691,0,2800,2532,1109,2532
70e75d6692bfc3273982c68dba519047,301c79f17ca4b8e7aca9302e39389a0e,1242,0,2012,2276,770,2276
70e75d6692bfc3273982c68dba519047,462f08197f28cee3e19e963b37a08719,0,219,742,2106,742,1887
b23fb697d22a860c7c590a8c1fe3f2e6,1ed7bf4fe82f6c34f0352a3e3ae3533e,1863,636,2800,2701,937,2065
3ea078d3f8d84a9aebc493b103b3916b,957b19c72b431bc291eb4e67d992c088,1962,539,2800,2564,838,2025
3ea078d3f8d84a9aebc493b103b3916b,cc718ce9583e38f28b588ba081630a81,0,435,886,2542,886,2107
b23fb697d22a860c7c590a8c1fe3f2e6,ca43a1b3de30e7e8d64e64d2a3da733c,1841,0,2800,3518,959,3518
3ea078d3f8d84a9aebc493b103b3916b,6de62369e86a3016aabb995ec3cdf122,1915,0,2800,2513,885,2513
3ea078d3f8d84a9aebc493b103b3916b,c1a8df1b017e88426a7785024be97bb3,0,0,930,2574,930,2574
af2d289eff32b71ec7043193dc84ce7c,d43448a2214b37e40ac3ac204e88aee8,1729,461,2800,2609,1071,2148
af2d289eff32b71ec7043193dc84ce7c,b4f861de9fbe51be243c0c7dd8ea9dec,0,557,913,2622,913,2065
b23fb697d22a860c7c590a8c1fe3f2e6,3b00289e7eceae1144cd4c476570f403,0,719,959,2896,959,2177
af2d289eff32b71ec7043193dc84ce7c,b5a71ed4f1470a60f8b216d524c07064,1733,0,2800,2726,1067,2726
af2d289eff32b71ec7043193dc84ce7c,fc2fde48933008a9a72e50592fe4b4f8,0,0,885,2570,885,2570
95ab3c36b6aa877e314afef88d427500,b7409592ce944cd41a9ac31de8a0ac11,1390,437,2800,3518,1410,3081
95ab3c36b6aa877e314afef88d427500,9237789147b231be1dc6660accd387ce,1583,0,2800,2828,1217,2828
95ab3c36b6aa877e314afef88d427500,0bdc934aeb28de677180754e195fa0b5,0,469,1287,3411,1287,2942
6f3b31a800f538b4c5669da82605d85e,cbf057f6b3a60f5f40e492d236e2e02c,1814,0,2800,3061,986,3061
6f3b31a800f538b4c5669da82605d85e,23de9e2918164970cac4d62508907334,1720,414,2800,2555,1080,2141
95ab3c36b6aa877e314afef88d427500,aa2f848a14f79f7d6e71016252dd97c4,0,0,1230,2638,1230,2638
b17d2729e8c7284da3ecd721b79f1512,f04f0a492f066f3662fbdefe852ae9f3,2218,507,2800,2241,582,1734
6f3b31a800f538b4c5669da82605d85e,081313f7a1a847b64ce01742cff3707f,0,0,939,3230,939,3230
b23fb697d22a860c7c590a8c1fe3f2e6,f508fc71420097e98f823c1b1f138a40,0,0,889,3518,889,3518
6f3b31a800f538b4c5669da82605d85e,d4a76532bd63b63ee131d83046daba11,0,395,1032,2533,1032,2138
b17d2729e8c7284da3ecd721b79f1512,cac83a7b4d02b9b2bdbaa3db53340261,2025,0,2800,3110,775,3110
c8c789568024e3411a6089c88db9f867,d10241e876d70ef816414927c9731d36,0,542,1052,2693,1052,2151
c8c789568024e3411a6089c88db9f867,2c0e1bf7488e8540a715d388e41c3c4a,0,0,1054,3375,1054,3375
b17d2729e8c7284da3ecd721b79f1512,e100d55dc65fa9322c7433808ba4e1a0,0,916,678,2748,678,1832
c8c789568024e3411a6089c88db9f867,e3bba03d8bafa8ac0a5fddfb0f4b0a91,1734,0,2800,2661,1066,2661
c857360c6eac720aab625da3da9fee95,daa4d60b04919906359260cb3073fd70,1893,163,2800,2315,907,2152
c857360c6eac720aab625da3da9fee95,cc8d929100ce8b7b946da8336953d847,0,0,871,3518,871,3518
c8c789568024e3411a6089c88db9f867,dc04c16ec2743d444d45b13ae7b9b486,1783,633,2800,2798,1017,2165
b17d2729e8c7284da3ecd721b79f1512,abb8c5a3744cc745231c640f5d352983,0,0,727,3518,727,3518
c857360c6eac720aab625da3da9fee95,a6e78177fdaad8f9fae8484ae8afe565,0,335,998,2784,998,2449
c857360c6eac720aab625da3da9fee95,c1eb2ebdf6335dc0741f425b868168a6,1935,0,2800,2878,865,2878
1afc997006fc635eed96894682408133,1f6e85f08f0d4626eedef5a6e3c9998f,2031,371,2800,2655,769,2284
1afc997006fc635eed96894682408133,356c79f84a6aefceeff3c362679a7054,1989,0,2800,3518,811,3518
1afc997006fc635eed96894682408133,eddbdba63a40a8996ad5e66e3ab59085,0,825,920,2843,920,2018
b729b9af87ea9b4e2ce1564ee1e17a2b,02f8e30e8d30859fb0b01491a7b2b84e,1738,221,2800,3518,1062,3297
1afc997006fc635eed96894682408133,da3d2565a0bf477c8bb6896d55fc564f,0,0,910,2692,910,2692
b729b9af87ea9b4e2ce1564ee1e17a2b,31be66a34a2b45816443dc43f1319eac,0,413,1082,3518,1082,3105
b729b9af87ea9b4e2ce1564ee1e17a2b,4c45096bbc60323ea33123d2ac8f5526,0,0,1160,2972,1160,2972
ab82c8479668288fb22dbdd33d6c71de,a8959d3f1df966a28d667cb237a5d764,0,485,652,2315,652,1830
ab82c8479668288fb22dbdd33d6c71de,f5c9d58a1a0a835a4c27237122152c24,1967,261,2606,2011,639,1750
ab82c8479668288fb22dbdd33d6c71de,278ccca3fe8cd7e02df303c25079320d,0,0,832,2446,832,2446
ab82c8479668288fb22dbdd33d6c71de,ccf2f4252503665914c553721201b51f,1726,0,2606,3262,880,3262
e4a16fb8ebd99e0dd3970c03ab3424c4,769e75fb282d85e1bff181f99b7d9698,1788,7,2800,2442,1012,2435
e4a16fb8ebd99e0dd3970c03ab3424c4,9c578a67f7ae56064293227c2f55ea63,0,0,944,3518,944,3518
e4a16fb8ebd99e0dd3970c03ab3424c4,e6fbd41518400137ea37ca725c59e746,0,145,976,2276,976,2131
e4a16fb8ebd99e0dd3970c03ab3424c4,e2c06df8b33c290067f8ff78e9caa197,1773,0,2800,2862,1027,2862
33783ca60c99fd3675c8023f49d9659d,6d44b31f8aab8d6c4a4945f24cb0e430,2046,686,2800,2884,754,2198
33783ca60c99fd3675c8023f49d9659d,a937789140402184e4c980b2f2687201,0,0,893,2446,893,2446
33783ca60c99fd3675c8023f49d9659d,32540cc8c3c9fb37f55c1270a9b03535,0,0,911,3518,911,3518
33783ca60c99fd3675c8023f49d9659d,94d93f7fea5d3b467eea83072201b74d,2000,0,2800,3518,800,3518
e3c5ecb88593f38394b2891ee1ce5047,ca6101828ffd51bd5f8d784e4be33b39,0,0,893,3518,893,3518
e3c5ecb88593f38394b2891ee1ce5047,7032ab72ad2311db3206bed3fbc49ff0,1949,757,2800,2946,851,2189
e3c5ecb88593f38394b2891ee1ce5047,151a26cef9e8d0ac5d9b8109cf0be243,1887,0,2800,3193,913,3193
b729b9af87ea9b4e2ce1564ee1e17a2b,019b979a1e5e4b6303cbf412e980fbee,1649,0,2800,2694,1151,2694
e3c5ecb88593f38394b2891ee1ce5047,378da07fd519fff9bdffd032ac9d7ac5,0,172,881,3039,881,2867
b7e4e3564d6a1e087343250e95f38ff4,23d3b6fb8f651b140ac2cfcc16c85a26,1812,0,2800,3486,988,3486
fff2339ea4b5d2f1792672ba7d52b318,e4199214f5b40bd40847f5c2aedc44ef,0,189,613,2106,613,1917
fff2339ea4b5d2f1792672ba7d52b318,f1b6aa1cc6246c2760b882243657212e,1322,514,2012,2812,690,2298
fff2339ea4b5d2f1792672ba7d52b318,e9b6ffe97a3b4b763cf94c9982254beb,1267,0,2012,2812,745,2812
fff2339ea4b5d2f1792672ba7d52b318,5144bf29398269fa2cf8c36b9c6db7f3,0,0,759,2662,759,2662
525c1355f5c6f7225c35f4d80b5e501b,d71dae0ea51907ba508b037732a03403,1970,0,2800,2394,830,2394
525c1355f5c6f7225c35f4d80b5e501b,9a3e287d769bebe4ee2f468569588603,1967,394,2800,2247,833,1853
525c1355f5c6f7225c35f4d80b5e501b,50ba5d4b60345b0cff6fc77c2d2bb4bd,0,708,866,2581,866,1873
525c1355f5c6f7225c35f4d80b5e501b,5515c08445f75876d73ab903f7c6d037,0,0,859,2417,859,2417
25f78309af28cfacd1bf36369d09702e,c4e019782c86cbb36fa952296d92a1f9,0,0,1142,2492,1142,2492
25f78309af28cfacd1bf36369d09702e,05b027272d8159658b5f9a51e22e734f,1617,0,2800,2722,1183,2722
25f78309af28cfacd1bf36369d09702e,051c9cdca609082df5257bde8b1ec127,1632,801,2800,2956,1168,2155
b7e4e3564d6a1e087343250e95f38ff4,4538493116307657e51b1475255296dd,1914,517,2800,3518,886,3001
b7e4e3564d6a1e087343250e95f38ff4,8ccbc18df717a107769beedde21a14a3,0,0,1138,3518,1138,3518
25f78309af28cfacd1bf36369d09702e,7a778a65e62035436a8d9b4708eba61a,0,652,1184,2780,1184,2128
58fd54b006420b33f6ac49db1ae7dbc4,53d9e64464d415c08fad98752541c649,2089,0,2800,2406,711,2406
58fd54b006420b33f6ac49db1ae7dbc4,983d99ab6a8e86f33a2555c9eca256f1,0,690,688,2539,688,1849
eb00456647df18bef39de8faa2fbbdb1,6d4b6ffcd0093b59556f16d3c4ab1bd9,0,231,1186,2812,1186,2581
b7e4e3564d6a1e087343250e95f38ff4,96cbdda19cf07be8e00db80d3c076e3c,0,237,992,2532,992,2295
58fd54b006420b33f6ac49db1ae7dbc4,fdfdfb7ba2dd17c3906e24384d0107e7,2093,568,2800,2371,707,1803
58fd54b006420b33f6ac49db1ae7dbc4,9f168d5ba2df8904be8e065b72a95497,0,0,780,2484,780,2484
eb00456647df18bef39de8faa2fbbdb1,14eb230a98a671d0b272972d0347665c,638,22,2012,2812,1374,2790
eb00456647df18bef39de8faa2fbbdb1,9b3328f84b7d9b1deda612921b480e35,574,0,2012,2812,1438,2812
eb00456647df18bef39de8faa2fbbdb1,13be6c55646212a038555d19e9f9c086,0,0,1184,2736,1184,2736
6076e9e1547280b14795aff5cb7813b8,1f67f318651f0c4e00151ab5fc004a5b,0,87,769,2457,769,2370
6076e9e1547280b14795aff5cb7813b8,c4d065226418ec3abc55f9d4ffc03cb7,1898,0,2800,3518,902,3518
6076e9e1547280b14795aff5cb7813b8,585a4fa7ded04200133ba0c339f8b0e9,2077,185,2800,2456,723,2271
6076e9e1547280b14795aff5cb7813b8,8d675fc17f620faa4cdd684e824e1e1f,0,0,950,3183,950,3183
010b32cff9ab0bdb25b7e11b6e58ed1b,c15ec52f628e6e423689e49ed09273f1,1888,415,2800,2462,912,2047
010b32cff9ab0bdb25b7e11b6e58ed1b,85c4a311b23757a019cbe030428e7aff,0,0,976,2562,976,2562
ad1d6ff3b7cc4ff4b4641ee38226eade,78f38515a4db305a867088a088d9ffd1,0,0,1324,2812,1324,2812
ad1d6ff3b7cc4ff4b4641ee38226eade,e01a2f654cc01f72ceed0a1e3f28f645,804,0,2012,2558,1208,2558
ad1d6ff3b7cc4ff4b4641ee38226eade,7b95606222fe75070fec2bbb6a758f1d,0,302,1208,2812,1208,2510
010b32cff9ab0bdb25b7e11b6e58ed1b,4d22767646fb299be3e81099bd81c66d,1782,0,2800,2770,1018,2770
ad1d6ff3b7cc4ff4b4641ee38226eade,b058c4de5a05b7554b337404953f5c34,737,0,2012,2812,1275,2812
010b32cff9ab0bdb25b7e11b6e58ed1b,49d7c3cce3b68934ecdd22f59285efff,0,489,950,2703,950,2214
b246600ed2faf4746f82af6ad170809b,5688edc656b0d0d37d4e1359a39777b8,2092,637,2800,2359,708,1722
b246600ed2faf4746f82af6ad170809b,c7b5587de9d4230687fe1fe040d63086,1921,0,2800,3518,879,3518
94f85cfacccc3c5541e4477df9700ab7,3c26e9d489fd63ec894d85b9954ab056,0,443,688,2475,688,2032
94f85cfacccc3c5541e4477df9700ab7,a5d984894981ac3bec148772b448efce,0,0,727,3518,727,3518
b246600ed2faf4746f82af6ad170809b,05bcf6d71727bd7f8b0dfbda2c1e6c07,0,465,701,2324,701,1859
f5c548e47e4ac764243e9b068b2d6e5e,6904df2bf7180487ad11bf6da7890b5b,1904,419,2800,2357,896,1938
b246600ed2faf4746f82af6ad170809b,ae52de83c9c1c50c5b2204ab8dbbeac1,0,0,759,3043,759,3043
94f85cfacccc3c5541e4477df9700ab7,eed86ee92d888fb867726bf946757882,2071,0,2800,3518,729,3518
94f85cfacccc3c5541e4477df9700ab7,47eefb109dcb9947089034bd520360db,2161,898,2800,2844,639,1946
a1cbc05841aeee7546a9960f93bdc709,54201817ef06b7fc720e5213f31b68ff,1933,460,2800,2675,867,2215
f5c548e47e4ac764243e9b068b2d6e5e,f89146ca31101ce2c9c7e01297d52d2d,0,0,1059,2636,1059,2636
f5c548e47e4ac764243e9b068b2d6e5e,1959ca267c7a8953a880b69c75168d13,1827,0,2800,3518,973,3518
a1cbc05841aeee7546a9960f93bdc709,1eae1ff7ea1f85193d5e2507ccf0a3d1,0,105,661,2777,661,2672
a1cbc05841aeee7546a9960f93bdc709,a1e2b4ba990227cc460a0accfe78bc6b,1976,0,2800,3518,824,3518
f5c548e47e4ac764243e9b068b2d6e5e,119157ef3eb3fab901858af464aedf00,0,457,953,2445,953,1988
a1cbc05841aeee7546a9960f93bdc709,2cb142084a8704cb1b0893ab82dd0b0d,0,0,851,2891,851,2891
73b571e57457ae97f42fe59835572fdd,8d619d55e699e77fef83d0263c2c9eec,0,655,1076,2873,1076,2218
bbe408b621d15ba6fc1de8ee82dbb920,85162c3dc19f665888b03b2598825bce,1880,0,2800,3518,920,3518
73b571e57457ae97f42fe59835572fdd,1de51784ba6b223d1da55c2a64d5d6b6,1576,0,2800,2657,1224,2657
73b571e57457ae97f42fe59835572fdd,0740aed320baec685967452eaed4f6c8,0,0,1222,2566,1222,2566
bbe408b621d15ba6fc1de8ee82dbb920,28aa8982a95217692e4d374fc02b0f38,0,722,906,2932,906,2210
c0ae7f046b98386155b014e5cdadf1c8,3302408989b2c9972b809b254f1f457b,0,0,1543,2696,1543,2696
73b571e57457ae97f42fe59835572fdd,bdd7fdb6b7805719269d3c5708a4d83a,1848,737,2800,2944,952,2207
c0ae7f046b98386155b014e5cdadf1c8,90d8774be5dc90752b46f93af879ca6f,647,50,2012,2646,1365,2596
c0ae7f046b98386155b014e5cdadf1c8,f36f8c20ee99eb5a7c2a136f5df12152,0,0,1580,2812,1580,2812
c0ae7f046b98386155b014e5cdadf1c8,6b435f3fce4e63da3bee52c96e438603,538,0,2012,2812,1474,2812
36fe47a45a89332e55cec5cb59ab98a8,4e9cd413483e6377a90ad0c75884ffa1,1910,395,2606,2168,696,1773
36fe47a45a89332e55cec5cb59ab98a8,169b1fe3b0a21d269af8971754e3fa7d,0,0,700,3580,700,3580
36fe47a45a89332e55cec5cb59ab98a8,8c38842475f10e1eb8905aa9b8410d2d,1834,0,2606,2797,772,2797
36fe47a45a89332e55cec5cb59ab98a8,7751be898d7381c533fffda9151f44f5,0,470,632,2251,632,1781
552a58b7e909d88b94546e8046beaa4d,62e631d277c97795af6f5d54d25bf8e8,0,453,788,2520,788,2067
70f98f73ca0714118b87a3258147101c,101906844b5a3d7fab9df630876d24fd,1090,0,2012,2812,922,2812
bbe408b621d15ba6fc1de8ee82dbb920,04203a7c5d5382b6227ff85b38882eda,1873,444,2800,2750,927,2306
64ddf23187e18ae15974f022f44c6a82,491505415b1ca40b04f478e68444486a,1934,479,2800,2418,866,1939
64ddf23187e18ae15974f022f44c6a82,e15b2569924aeaba3846fb34202966c6,0,0,1008,3271,1008,3271
70f98f73ca0714118b87a3258147101c,47e2701e76ba49f592b1ac1a1f82335d,0,0,1000,2812,1000,2812
70f98f73ca0714118b87a3258147101c,d25ea7dce5e60b1e054044acb722096c,1198,0,2012,2305,814,2305
70f98f73ca0714118b87a3258147101c,cb39083e0d8af702574ef208f57166c1,0,0,883,2454,883,2454
552a58b7e909d88b94546e8046beaa4d,8ddc0e733b0f2300128f80f9dad22213,0,0,1119,2812,1119,2812
64ddf23187e18ae15974f022f44c6a82,282a6f271a88ce67c264c4269865e0fb,0,455,985,2504,985,2049
bbe408b621d15ba6fc1de8ee82dbb920,26987d9adfeb6ab675fb1f1d4b06abc3,0,0,871,3518,871,3518
552a58b7e909d88b94546e8046beaa4d,b8090df1df14f18226dbb5f0fe40d898,1152,199,2012,2245,860,2046
552a58b7e909d88b94546e8046beaa4d,11c9de60a7b709b0c22f4a7a74bed4dc,859,0,2012,2812,1153,2812
64ddf23187e18ae15974f022f44c6a82,1ba8fea16a719a405128e3f09b86f452,1880,0,2800,3518,920,3518
6c28275b7fa87a6faf0af608635f5ba5,b4a4723b81f9435a6770f92be435af7c,0,518,745,3518,745,3000
6c28275b7fa87a6faf0af608635f5ba5,6f17865bed0078e9a738f614086a9182,1835,0,2800,3500,965,3500
6c28275b7fa87a6faf0af608635f5ba5,79de19221fac48fdecdd447b11c02b49,2095,337,2800,2496,705,2159
6c28275b7fa87a6faf0af608635f5ba5,4f9f1f99e6ed9e47baf4dd52e54260b1,0,0,959,3518,959,3518
5c0ead6d5bbf73cddea7ec178065219d,5197b6545f08464ee910bdb68481562a,1959,0,2800,3409,841,3409
5c0ead6d5bbf73cddea7ec178065219d,dd3ace5b98496fe7487cf2e0a0be9c36,1792,0,2800,3518,1008,3518
5c0ead6d5bbf73cddea7ec178065219d,d924e9f6422c24d39309a3e46f379219,0,0,825,3518,825,3518
5c0ead6d5bbf73cddea7ec178065219d,cc2c0f311aae0517742824587c0581b4,0,803,815,3518,815,2715
f8cad9332ce86c9904aba32ce1881926,52e3fd1930360070fb89c8e87bc5dc71,0,291,891,2781,891,2490
02c9621d5af7d0485e20c071f605678c,79e77d8970afba94e7f03fe465153890,0,241,787,2512,787,2271
87522e995f37756c13927f9581cc4484,5ca46e88cbed4b2a6219c5e4442383a6,1585,0,2800,2855,1215,2855
f8cad9332ce86c9904aba32ce1881926,7f74aa1c2d06705ac5319f756b46f913,1821,0,2734,2761,913,2761
87522e995f37756c13927f9581cc4484,83a13a1c15d6b45c2924a40f0c12f9b9,0,0,1141,2730,1141,2730
87522e995f37756c13927f9581cc4484,dba3c07ceca8e77bdc27b0200b38c7f3,1663,686,2800,3518,1137,2832
da75aa2a130cd86fb5577b22dc9fbdb2,1af739137f1bb8da527ff7efa41b1752,1898,411,2800,3171,902,2760
02c9621d5af7d0485e20c071f605678c,3a69cb46471f1417f099a177608cd5c1,1909,288,2800,2610,891,2322
02c9621d5af7d0485e20c071f605678c,40344cff30da62d2e72446944c156932,1918,0,2800,2696,882,2696
02c9621d5af7d0485e20c071f605678c,269f223876d08497d8fc03db3be7d6ac,0,0,830,2629,830,2629
da75aa2a130cd86fb5577b22dc9fbdb2,9cacc8b85a2518428a2e9969c9f1883f,0,0,948,3028,948,3028
da75aa2a130cd86fb5577b22dc9fbdb2,14b8ba9114037c172590b6a223cf4537,1855,0,2800,3399,945,3399
da75aa2a130cd86fb5577b22dc9fbdb2,828fde13b1534a4b9c462e2e2c6182c8,0,664,870,2815,870,2151
f8cad9332ce86c9904aba32ce1881926,d7b55ac04505efd30aa291ee0305b81d,1831,677,2750,3304,919,2627
5978e55309eaedb4e63ea02f4d60abf5,2f0de7cdbb503299d19df4c2349e5989,0,0,773,3518,773,3518
5978e55309eaedb4e63ea02f4d60abf5,efb7739a0bdb0ef8162c19b9bfdbbebf,2291,845,2800,2660,509,1815
f8cad9332ce86c9904aba32ce1881926,e14743c2ac22cbb991e0872d1fb36b1d,0,0,876,2867,876,2867
5978e55309eaedb4e63ea02f4d60abf5,f678e4ea15d2739ac2547b7bb7c24125,0,854,644,2855,644,2001
87522e995f37756c13927f9581cc4484,cc4bbfe5ee3cb7fefd128f90c9179ea8,0,517,1165,3518,1165,3001
5978e55309eaedb4e63ea02f4d60abf5,644c8ff99676c77fa1898a0733575b18,1952,0,2800,3073,848,3073
6616e9669e7878188d57b7948b3a48fc,1247f6cc4dc1ecfc1f57328b116ca5be,0,0,993,3518,993,3518
6616e9669e7878188d57b7948b3a48fc,d9032dfad290f2c54c58e04740213fac,1986,0,2800,3165,814,3165
6616e9669e7878188d57b7948b3a48fc,9cdfbb1ccfb938a48c2710015833c6c5,2049,0,2800,3491,751,3491
6616e9669e7878188d57b7948b3a48fc,f6117a3f68d208bb2aba2e08d80e7b1e,0,762,808,3518,808,2756
58a2640209d9244ab1eca8f0686effd4,4f34e023d548c20d7419c5f6eda7e367,1648,702,2800,2765,1152,2063
58a2640209d9244ab1eca8f0686effd4,fde1086cce41c66b9efc68270f537837,0,0,1054,2532,1054,2532
58a2640209d9244ab1eca8f0686effd4,9992a1941e974a38b391b2a5fa78e6c6,0,515,1159,2773,1159,2258
58a2640209d9244ab1eca8f0686effd4,e8068c297c62565fd80c26eb33131af6,1624,0,2800,3518,1176,3518
2c4096483a86e8a429496ccf5ce70353,d7ad108ab30379de17cdb0ef30b3ad55,1591,437,2706,2782,1115,2345
2c4096483a86e8a429496ccf5ce70353,f5f6ab96c6c42765f6f8787112128c03,0,0,1156,2715,1156,2715
2c4096483a86e8a429496ccf5ce70353,73476facf2ede7b3b5f62c522afbc5ca,0,216,1135,2601,1135,2385
16c3425e4c20fcfe1fa22a214c5f892b,1befc7f263311ba353edcd532d418c53,1967,0,2800,2287,833,2287
2c4096483a86e8a429496ccf5ce70353,e3c180fab48d8231bebb2d1d1a07bec4,1518,0,2718,3580,1200,3580
16c3425e4c20fcfe1fa22a214c5f892b,71e047f902d28db333329bab9f7ae676,0,626,912,2571,912,1945
16c3425e4c20fcfe1fa22a214c5f892b,220b9fed200909afb84f708b49702c3f,0,0,915,3338,915,3338
16c3425e4c20fcfe1fa22a214c5f892b,fdaa2b46e105091d8f43cf8fefa7d3c3,1912,492,2800,2356,888,1864
56cbf82c2e51f0f833d4f7bbda3fb102,bde131756cd75632472d7b4fb3c300bc,1827,411,2800,2597,973,2186
56cbf82c2e51f0f833d4f7bbda3fb102,6c1de174a013449ed3e1a80b2ca86114,1752,0,2800,2533,1048,2533
56cbf82c2e51f0f833d4f7bbda3fb102,4201cac2a78326d7d38e8c3780ea9465,0,0,1058,2591,1058,2591
e72d7c6dc3ea6ac6071b906b5ea2673d,0ed32350b2af24d6038cfd0fc9200572,2069,1182,2615,2908,546,1726
56cbf82c2e51f0f833d4f7bbda3fb102,53bb6b9f95eb03192d936dbe39ea2a01,0,271,1044,2555,1044,2284
e72d7c6dc3ea6ac6071b906b5ea2673d,5074d1f36e9d5991989a893508108f76,1869,0,2591,2541,722,2541
6860b48c199592749f9398039c10fa6f,087ef782f92532b9da197cebd48af9b7,1200,0,2012,2812,812,2812
e72d7c6dc3ea6ac6071b906b5ea2673d,716f015f44965b4c5d643c1335663674,0,812,454,2533,454,1721
e72d7c6dc3ea6ac6071b906b5ea2673d,de009d5acfbf4aca768ca2ef16803382,0,0,622,1859,622,1859
6860b48c199592749f9398039c10fa6f,1c7f82f46872800d1fb2d7b06ceacf11,0,417,678,2445,678,2028
6860b48c199592749f9398039c10fa6f,2bba2bc26e9175697024c0f3491d848c,1341,472,2012,2361,671,1889
6860b48c199592749f9398039c10fa6f,3cc037ce8b6837e72aa05a6131ae2f6a,0,0,751,2473,751,2473
ea822277894ccebf09e63435eb7547ce,f08dd89cb6d24ff9ff3838670bf99cd5,0,430,1018,2462,1018,2032
ea822277894ccebf09e63435eb7547ce,26c09d687694f1795f1b64c1285e68cf,1781,0,2800,2470,1019,2470
ea822277894ccebf09e63435eb7547ce,a23ffd58c6f3ce42f96146bcdedf2524,1834,332,2800,2220,966,1888
ea822277894ccebf09e63435eb7547ce,4b0747b30278a97d2b285de476a17818,0,0,1059,2422,1059,2422
61d92fb2a4f22a78ae7b2315c0046f3c,c823447c394bbf9c69ee4054c5651222,0,365,953,3518,953,3153
61d92fb2a4f22a78ae7b2315c0046f3c,3577795c450b7363bafb52f437dbf235,1904,202,2800,3518,896,3316
0bfb4e582c69fa4d06d011e637b44fe8,1bf6f2c0191b9bb14de79031cfdb7f71,0,61,984,2176,984,2115
0bfb4e582c69fa4d06d011e637b44fe8,810d2682b243d129465ce043403278e0,1075,0,2012,2564,937,2564
61d92fb2a4f22a78ae7b2315c0046f3c,2574c006389995188f90b00e79892be3,0,0,883,3518,883,3518
0bfb4e582c69fa4d06d011e637b44fe8,5cc4d08c6d8d91172761b30a2e63a8c0,0,0,977,2577,977,2577
0bfb4e582c69fa4d06d011e637b44fe8,11d58b8d2f895c5dd03b55dfb75b391c,1083,221,2012,2330,929,2109
61d92fb2a4f22a78ae7b2315c0046f3c,1b57b170cb84b6274d077cefa07554ab,1900,0,2800,3518,900,3518
bce8429c12a53da1b62d5c2c3b6c4908,142cd162dd2e26d41c93fa5d60f4d358,0,0,884,2717,884,2717
bce8429c12a53da1b62d5c2c3b6c4908,a3f63b974e4606bbc995c7e9902a0b21,1963,0,2800,3518,837,3518
de3995e0acf665c8908a3b490473597f,1179b1c6e41b5d4a3edeaea5276c0b74,0,0,1139,2812,1139,2812
de3995e0acf665c8908a3b490473597f,c4892ba801bba8091f06cb0c8c4c1a1a,860,0,2012,2795,1152,2795
de3995e0acf665c8908a3b490473597f,96b0f7deabc987f43c1f26803aa1f0ef,0,95,1192,2812,1192,2717
de3995e0acf665c8908a3b490473597f,157068c352bd4e4dbb5c46563f7c7e56,928,0,2012,2812,1084,2812
bce8429c12a53da1b62d5c2c3b6c4908,448f542a99d0805ddbd54a4f89ada3df,1990,773,2800,2841,810,2068
4bf018288a9f5624364b76e5ff069c77,6e5d8986a3eab78b28e933dbf3ef0abe,0,0,1328,2812,1328,2812
ff9533c9faaebcd584bc97b8b6b44b7b,fbd02b0592340b354a493bdb53d91840,1910,0,2800,2904,890,2904
4bf018288a9f5624364b76e5ff069c77,7fae1a59fc54473c658f6c9cd60ee332,837,0,2012,2594,1175,2594
ff9533c9faaebcd584bc97b8b6b44b7b,45a52edddee02d211a4b938194e56489,0,569,938,2542,938,1973
ff9533c9faaebcd584bc97b8b6b44b7b,ce364cf36fa301fda3df302fc84715de,1827,774,2800,2818,973,2044
4bf018288a9f5624364b76e5ff069c77,a9218d903b5674f513cab1ea13fc4196,0,0,1310,2599,1310,2599
4bf018288a9f5624364b76e5ff069c77,a9420d8120bd99d23111a1fa1be05f1d,760,0,2012,2812,1252,2812
ff9533c9faaebcd584bc97b8b6b44b7b,68840d8754dd19c876da45a1392477b0,0,0,833,3518,833,3518
bce8429c12a53da1b62d5c2c3b6c4908,564c4db40c07e2662ef4d0c051acccdf,0,404,838,2639,838,2235
383df7b694d888df407f23f86496722f,298dfc844377ce3332de1f1c534dd6e6,0,410,1007,2804,1007,2394
383df7b694d888df407f23f86496722f,ccf8d1b63c750db0365d1ce0052e1e50,1763,0,2800,3518,1037,3518
383df7b694d888df407f23f86496722f,e2ef86bc2e0afad062c0a3ce3cbeac07,1805,467,2800,3518,995,3051
2660a4ada3d6ea129718d4f1fd32e409,bdb3573395813c02b30d8df1795df50d,0,0,922,2442,922,2442
2660a4ada3d6ea129718d4f1fd32e409,afa0dc12acb047341564e1e8f25f1b0a,1893,487,2800,2664,907,2177
383df7b694d888df407f23f86496722f,7bbd282bc45cb75dc9f96791ec6690b7,0,0,1104,3518,1104,3518
2660a4ada3d6ea129718d4f1fd32e409,ba3684b33cf8f0e78418f83bcb67cff4,1898,0,2800,2461,902,2461
dae8dc017d7c77fad158e3c2424dff56,ee80e5293928f978ec1a4a5d56ec292f,0,0,1085,3431,1085,3431
2660a4ada3d6ea129718d4f1fd32e409,31229907f56860dc3e8b72208ab4cc4c,0,749,1010,2985,1010,2236
dae8dc017d7c77fad158e3c2424dff56,16f8ac47cb938307097fd0cc0a8e767b,1842,725,2800,2934,958,2209
ef6441c1f3a84c69c7d6a69e30a963cd,23a420d0457b9452d64665264629c16a,1751,0,2800,2367,1049,2367
dae8dc017d7c77fad158e3c2424dff56,b80aec227daf048bc723532de2fadecc,1687,0,2800,3518,1113,3518
ef6441c1f3a84c69c7d6a69e30a963cd,b8cf8b1c187a04804d6b54b710f191d3,0,0,1018,2395,1018,2395
ef6441c1f3a84c69c7d6a69e30a963cd,145df5c80a98329749a54afadbefe472,0,386,1060,2490,1060,2104
dae8dc017d7c77fad158e3c2424dff56,129fcf6c488d4ffeedbef16c62bf080a,0,557,1000,2845,1000,2288
9a6f70ccba8034a3d658f88677e4b553,0159bbb5f3513dbf9e83549b99fb6c89,1811,768,2800,3135,989,2367
9a6f70ccba8034a3d658f88677e4b553,2ee7f36fd6e157b40d4f0326f6fcc0d2,0,384,967,3512,967,3128
ef6441c1f3a84c69c7d6a69e30a963cd,016266451bdd465d54257df544b4368b,1775,462,2800,2422,1025,1960
b55f62c38a904a5ae962ea6349f83f82,56e0ac44e3fed34dc773fd6563c5becc,896,0,2012,2558,1116,2558
9a6f70ccba8034a3d658f88677e4b553,d53cd350527d981bf48477e803aca880,1674,0,2800,3518,1126,3518
9a6f70ccba8034a3d658f88677e4b553,be2e2073d9caf3b04b697846ecdcccb6,0,0,1067,3320,1067,3320
ee7524235122232251864bcacd15b7e9,eea5e93fef87bf2db75a83767fedcbf0,0,690,825,2922,825,2232
ee7524235122232251864bcacd15b7e9,f8d99a6b19dce69d28c5b5f4747dba43,1868,216,2800,2869,932,2653
b55f62c38a904a5ae962ea6349f83f82,02e3b82b19a1b1f8fe3061333ee7cb5c,0,85,1055,2345,1055,2260
ee7524235122232251864bcacd15b7e9,e9560abca5133bb922bb2f12ba61e2a9,1869,0,2800,3518,931,3518
ee7524235122232251864bcacd15b7e9,839b9ed9eb2a1c1f41ae00cb4d5dca75,0,0,966,3518,966,3518
d3e66db378644ad42f23a49f0418cdac,6127f3c0b8756e4eb0271ac49527a512,0,0,1031,2482,1031,2482
b55f62c38a904a5ae962ea6349f83f82,76de25fe9314038bdea8c139deb1c0dc,0,0,1096,2658,1096,2658
b55f62c38a904a5ae962ea6349f83f82,ae16b36e99e6874b3d8b6777d2280490,908,170,2012,2426,1104,2256
d3e66db378644ad42f23a49f0418cdac,6508e4999e609cba3b9c19035c7dd371,0,497,870,2813,870,2316
d3e66db378644ad42f23a49f0418cdac,d24b217b2ece11a30bf8efed3c9eacc2,1880,398,2800,2712,920,2314
d3e66db378644ad42f23a49f0418cdac,43fbf6014c36f0addb10e462727e87a7,1708,0,2800,3041,1092,3041
8ae3bd9370f7e505ea317de641c033dd,b75262b28b497558009bb1053b377953,0,502,970,2791,970,2289
8ae3bd9370f7e505ea317de641c033dd,560cf30343b43104d85ef141d1bad7d3,1886,561,2800,3518,914,2957
9535a28c4ced8513bfa77dc10c06bed9,d9339b768b05fee5d91d45f7961d160c,0,0,1138,3137,1138,3137
9535a28c4ced8513bfa77dc10c06bed9,f978a5d98ca2d0a5d7e48b136f87d34f,1799,0,2800,2701,1001,2701
44566f49534120cfd12543faab4f9d7c,68bf6a82d837e049c13fc2a2caea9a3b,0,0,1016,2812,1016,2812
8ae3bd9370f7e505ea317de641c033dd,404bd863af7e914dd2e7a7065a45f2ba,0,0,945,3518,945,3518
9535a28c4ced8513bfa77dc10c06bed9,f8e74cb2a790f6770fd79dcdc7e72f9b,1826,334,2800,3338,974,3004
44566f49534120cfd12543faab4f9d7c,9ba940becb24edd242cb1be1dff6f46b,0,34,999,2244,999,2210
44566f49534120cfd12543faab4f9d7c,302d245664663f9fd113fb82dc20afd0,1000,268,2012,2812,1012,2544
44566f49534120cfd12543faab4f9d7c,34cc98df38386e70ba7f1313fc67deee,1108,0,2012,2812,904,2812
0aa64022a50d326324a69b1c4247a53f,e2ccd2c8d74b9489c2d75dc99a8ee832,2078,248,2800,2293,722,2045
8ae3bd9370f7e505ea317de641c033dd,17045ce39190559770a897823eec5601,1877,0,2800,2677,923,2677
9535a28c4ced8513bfa77dc10c06bed9,415d782ae1f3952edb88013f8882bfa8,0,466,1021,3469,1021,3003
0aa64022a50d326324a69b1c4247a53f,fa8d4b3e323bc324d23570deb3601820,1845,0,2800,2671,955,2671
0aa64022a50d326324a69b1c4247a53f,8b2cd631ab35c1e3f29d4167b7887847,0,669,693,2781,693,2112
0aa64022a50d326324a69b1c4247a53f,e19242bf804031fecdfda87191652bad,0,0,957,2898,957,2898
3f679ba1126a2d5dd4e42fd80e392ae4,144b07791587e15269bc3c8721f9265f,0,633,1088,2852,1088,2219
3f679ba1126a2d5dd4e42fd80e392ae4,82f51e2630e492a9237791417ee70ac8,1769,0,2675,2429,906,2429
3f679ba1126a2d5dd4e42fd80e392ae4,1b926a4a3449511351a9ceef714665fc,1592,0,2736,2938,1144,2938
d1c6c8f46f3a2112c7fb8e1882c6acd1,e99dc85dd56023399c229da07ebeb7fe,0,672,779,2522,779,1850
d1c6c8f46f3a2112c7fb8e1882c6acd1,7d6ab2fc48927a3d44a97248c0cb20ff,0,0,771,3518,771,3518
fbefbcd21f14a73ce70ed5017e5619ee,558bf5ae7f235df3f21160d58f88187e,443,0,2012,2812,1569,2812
d1c6c8f46f3a2112c7fb8e1882c6acd1,f07f9cdff31cb3d06f8eb8057439def4,2041,959,2800,2729,759,1770
d1c6c8f46f3a2112c7fb8e1882c6acd1,5f6f14dba23fb9021b4f553a1ae1d085,1950,0,2800,3518,850,3518
fbefbcd21f14a73ce70ed5017e5619ee,e4168c0dbad9dbf28033e8c4c61a0742,0,81,1515,2812,1515,2731
fbefbcd21f14a73ce70ed5017e5619ee,6a062a8e614d8da66f7196c8577a9667,457,0,2012,2812,1555,2812
fbefbcd21f14a73ce70ed5017e5619ee,f00ec44efdb53376f14b4084385f75eb,0,0,1403,2812,1403,2812
3f679ba1126a2d5dd4e42fd80e392ae4,fc56e18f9ad8382b0d8d8a9fd645868e,0,0,1057,2993,1057,2993
05d0befa4304b1c447a87706ab0e5b9f,0ce26887a7db7d837d8858c5c5fde24d,1891,0,2800,3518,909,3518
05d0befa4304b1c447a87706ab0e5b9f,01cbfe1bdf3bf2853275ae308f52ca77,0,246,910,3518,910,3272
05d0befa4304b1c447a87706ab0e5b9f,8dfb57c4b9adbd7ff6d4dc1b84f236d2,0,0,973,3518,973,3518
780e34427348910d034d5385c199c9d2,f2fe300bec1f6097a92e2b44b3ecdbfb,0,0,932,2420,932,2420
ff153ee8e35dd8169515a6043bb5cd9b,4868cd16534a7e0d34158fbf8837622f,0,719,801,2632,801,1913
780e34427348910d034d5385c199c9d2,e04e0684f92d4b16e364d74573e4be82,1824,177,2800,2298,976,2121
780e34427348910d034d5385c199c9d2,70f705b28b1bd968f5659ffda694a92d,1851,0,2800,3518,949,3518
05d0befa4304b1c447a87706ab0e5b9f,c6bf8f8501319d2c1b9706f975ee7da6,1974,476,2800,3518,826,3042
780e34427348910d034d5385c199c9d2,3cd3bb276f62ef1f152821d8599d6016,0,380,949,2419,949,2039
ff153ee8e35dd8169515a6043bb5cd9b,b8f684b2221a896cbf9cea967c439b58,1987,0,2800,3518,813,3518
163e112d5af21e69707b9214ee2ebda0,55960a56fd523fc2a845e27a015d62d4,0,645,396,2467,396,1822
163e112d5af21e69707b9214ee2ebda0,2e62eeadcca2218c0aba4f2921a27153,2109,0,2800,2397,691,2397
ff153ee8e35dd8169515a6043bb5cd9b,5f2f4bcc767ff5ff9b31f92a9067d3b3,2030,274,2800,3518,770,3244
163e112d5af21e69707b9214ee2ebda0,3314474605ef3a67c309ff763c851713,2396,670,2800,2422,404,1752
92b96a3f804c7f788fe8dd518196a445,d180bbf9e736eddd534ab6aba88e8974,2186,0,2800,3140,614,3140
ff153ee8e35dd8169515a6043bb5cd9b,1564734948c476ab717fe569ebb6384a,0,0,793,3518,793,3518
c3eb1848cb309fdf3830e6092ccd0734,4404a099eaaa5f45bb3b208509b28eac,1184,0,2012,2812,828,2812
163e112d5af21e69707b9214ee2ebda0,b7e5b09b4fbeeb5833912b02af831cbf,0,0,690,2488,690,2488
c3eb1848cb309fdf3830e6092ccd0734,ed0ba7a592f103e26f806ca12f913ab8,1231,212,2012,2063,781,1851
c3eb1848cb309fdf3830e6092ccd0734,6162ef5caf02c20437d4b223c8a7ffa6,0,308,847,2247,847,1939
bbd0b4f6df86cd4d61b72fb6ee80e2fa,a445cd178aadd9ca9f63dd5feafa62ec,1055,0,2012,2089,957,2089
c3eb1848cb309fdf3830e6092ccd0734,4e239799cc7804eb2e906882e10a94eb,0,0,881,2812,881,2812
bbd0b4f6df86cd4d61b72fb6ee80e2fa,5039a44e7fc3771ec908a63849be2459,0,0,993,2812,993,2812
92b96a3f804c7f788fe8dd518196a445,479157a2abf35f12b0b8dadb761900ba,2159,896,2800,2725,641,1829
92b96a3f804c7f788fe8dd518196a445,0dd44453207db0854717965db17618d0,0,0,758,2559,758,2559
e6f6608eea2e70ccf28aaf3f2532b9fc,6ad98891412bc11f748a4890d927e479,1122,295,2012,2247,890,1952
e6f6608eea2e70ccf28aaf3f2532b9fc,ca0ea644ef15ad8d59da76cbb6d8cae8,1136,0,2012,2677,876,2677
e6f6608eea2e70ccf28aaf3f2532b9fc,695e8eb2de78bb939a8ee4049a6b5710,0,155,976,2094,976,1939
745e333246607d314064ede5923415bf,33f0c4343a53668822c8cd3402469587,1073,0,2012,2204,939,2204
745e333246607d314064ede5923415bf,00577aeb54e50361885de5417c9a60e3,0,172,576,2052,576,1880
745e333246607d314064ede5923415bf,a89135f928598e41d2d26d165f19706d,1400,0,2012,2039,612,2039
745e333246607d314064ede5923415bf,a80efbb28b52bedae1192de118458eb2,0,0,771,2812,771,2812
e6f6608eea2e70ccf28aaf3f2532b9fc,52507b89ac73824bda9780f288197c9f,0,0,903,2443,903,2443
92b96a3f804c7f788fe8dd518196a445,474ad3bf22b8858ee6a3631f74434cc6,0,708,688,2573,688,1865
bbd0b4f6df86cd4d61b72fb6ee80e2fa,2e37145118eed6dff8a453fc2f4559ac,0,270,1068,2371,1068,2101
6103d1a20628c200b52bf2a949c8af0b,cc4eb997e687557e98e85521484f3be1,0,70,1234,3518,1234,3448
6103d1a20628c200b52bf2a949c8af0b,7196431c23860eed8a5cfff91c38049b,0,0,1216,3518,1216,3518
6103d1a20628c200b52bf2a949c8af0b,adf9fc4417f2cb41e79a823ff746056f,1586,107,2800,3518,1214,3411
bbd0b4f6df86cd4d61b72fb6ee80e2fa,4406242cd9bfdfbc5ac77aa7a446286d,1006,0,2012,2812,1006,2812
f31a04bcc1bf5bbd27ca571471092938,d1032d22ddf072a81a6a2918f7532a63,1812,656,2800,2893,988,2237
f31a04bcc1bf5bbd27ca571471092938,e193e3733b0d52e0f3bc54865664aa45,0,245,1052,2732,1052,2487
2d695a0c4e412141399510da3190cf1a,b57034132e9b2bf822c0e0cf8a1204cf,1020,0,2012,2812,992,2812
6103d1a20628c200b52bf2a949c8af0b,43ef2815d817f98d39808652a9bb4d99,1599,0,2800,3518,1201,3518
2d695a0c4e412141399510da3190cf1a,4373a0878252ad576fa26b611b08d626,1328,237,2012,2407,684,2170
2d695a0c4e412141399510da3190cf1a,ab22924bdf72195c43510a6927ab60c2,0,310,741,2440,741,2130
2d695a0c4e412141399510da3190cf1a,45826addab50fdfa048a018ff01bf252,0,0,964,2387,964,2387
f31a04bcc1bf5bbd27ca571471092938,8da00983a3797a577b311987eda031f4,0,0,978,2784,978,2784
f31a04bcc1bf5bbd27ca571471092938,5acfb35d102cac49be331c056cd598a4,1858,0,2800,2750,942,2750
76e244156371789a3b60dd9a1f8fe36c,2dd78131c9c75ec3151c2d9535829037,0,803,678,2556,678,1753
76e244156371789a3b60dd9a1f8fe36c,22459b53185f0e317b55bd5a28d3510e,1986,0,2800,2370,814,2370
76e244156371789a3b60dd9a1f8fe36c,dbc64ffe99610ecf9a812209f70fc244,0,0,777,2150,777,2150
76e244156371789a3b60dd9a1f8fe36c,202384cb0c22fdcda24664a824657b32,2012,592,2800,2464,788,1872
a2c0558b884f451ac4dfcd28cbece4f2,b78fc0a71ee7e7e6707cc1ce47588af0,0,0,963,2185,963,2185
a2c0558b884f451ac4dfcd28cbece4f2,7886547783ebc3d2e05ae9d2a9ebead2,1860,537,2800,2687,940,2150
a2c0558b884f451ac4dfcd28cbece4f2,88370b21e24079c93a327adfe65caf75,1810,0,2800,3518,990,3518
a2c0558b884f451ac4dfcd28cbece4f2,a8d21797e2257eace9cd88c95d533fb2,0,701,905,2791,905,2090
0bed255fabe191d668a99067f2ecf1d2,017c384a1e881f0eacff46adf2940d05,2088,496,2800,2310,712,1814
0bed255fabe191d668a99067f2ecf1d2,8f24c817f2cdac4796448bb049c18393,2108,0,2800,2614,692,2614
0bed255fabe191d668a99067f2ecf1d2,eb4f94448ee568c2aa5757506f01e448,0,532,699,2443,699,1911
0bed255fabe191d668a99067f2ecf1d2,6420e13378fad3cf8b51274753395fd5,0,0,716,2380,716,2380
66235fe8968ef266cf15b08cfaa4a40e,2f273193ea826c1478ea48b2eb17e383,1896,128,2800,2540,904,2412
66235fe8968ef266cf15b08cfaa4a40e,4672c439719dbb46a78d19912f0473ac,0,601,955,2796,955,2195
66235fe8968ef266cf15b08cfaa4a40e,73780adfc36a5b11cd29afb387e01d3f,0,0,903,2808,903,2808
77c3a4ce830f1384403ab7f9dc37259d,cd1a00cb016e2427fe37495bbec51d0b,0,0,807,3173,807,3173
66235fe8968ef266cf15b08cfaa4a40e,22ddf5aaa418fa036165491a5d7bc11b,1817,0,2800,3518,983,3518
77c3a4ce830f1384403ab7f9dc37259d,8e4b1c52823e87ebc9e3ecf15b56aeb3,0,864,809,2842,809,1978
77c3a4ce830f1384403ab7f9dc37259d,89138f98b197c11a9373ef1fb9c61975,1994,0,2800,2340,806,2340
77c3a4ce830f1384403ab7f9dc37259d,da0691f2f369aa25961d0e1268bae06d,1996,657,2800,2568,804,1911
6a1eda8d1d98e2a6298b66fb883d5731,37eea743544918446b40129c2546406f,0,891,831,2769,831,1878
6a1eda8d1d98e2a6298b66fb883d5731,11d4687d97fce04501a9bda07a40efb7,0,0,877,2589,877,2589
6a1eda8d1d98e2a6298b66fb883d5731,a0b21d5c268994d59d90e8039350a4a5,1827,0,2750,2555,923,2555
6a1eda8d1d98e2a6298b66fb883d5731,c7c14140f6048d1378860159eb3cc878,1765,343,2670,3580,905,3237
017ff0405a2e9f02831ddb521b3c1a36,54ba7453b15e6f8741559e4da4995c5d,1780,636,2800,3518,1020,2882
16f7149896373073ddc45336ff27284b,72749693c660e49eed85d112afb1ed80,940,380,2012,2360,1072,1980
017ff0405a2e9f02831ddb521b3c1a36,8bfa19ee1c0269107ebdc7b31c7bfc98,1827,0,2800,3518,973,3518
017ff0405a2e9f02831ddb521b3c1a36,e18732b78c14fdb07ce24c85977c0291,0,0,923,3398,923,3398
017ff0405a2e9f02831ddb521b3c1a36,73bbf7f4b61b802f1c27af731bf7dc64,0,630,998,3518,998,2888
16f7149896373073ddc45336ff27284b,1fcd037f2f6d511c816e34a03bf5cd56,0,0,999,2361,999,2361
16f7149896373073ddc45336ff27284b,588ddeee6cc0b7595c4c07a5507a29ed,1102,0,2012,2456,910,2456
16f7149896373073ddc45336ff27284b,fa075f540215841098da44814f0cf941,0,391,1108,2416,1108,2025
af8b3bfb2836d1f1dbb5ff5f46cd4035,a90b77fc59189a25d0e32d6f5d47465d,0,0,893,3518,893,3518
af8b3bfb2836d1f1dbb5ff5f46cd4035,6531d17b439b4b3b02cb9b407c618ff3,0,385,765,2401,765,2016
af8b3bfb2836d1f1dbb5ff5f46cd4035,488057f3d98e9af6ec2bd1e3e27a7f5c,1789,0,2800,3518,1011,3518
af8b3bfb2836d1f1dbb5ff5f46cd4035,178836db4f08a4b81a774748d7c3b0b1,2004,615,2800,3518,796,2903
eb19aa48508d29026b8025d216f71c34,18320749e06f41a124742bfea7709929,0,298,1033,2745,1033,2447
abd44a216e0b5648fce2cea088e43447,b7128ab3498777bbb868bcae6a3aa392,1111,0,2012,2505,901,2505
abd44a216e0b5648fce2cea088e43447,99d4bf54f3a88da2ddfd641af480801c,0,0,997,2812,997,2812
eb19aa48508d29026b8025d216f71c34,50af2100f0e7db564f108b04a277bc3e,1809,543,2800,2888,991,2345
eb19aa48508d29026b8025d216f71c34,0b385b121845b3b6525657711c6084c2,0,0,913,3518,913,3518
abd44a216e0b5648fce2cea088e43447,941f85714896ef723b5f3eae69be1888,1087,0,2012,2812,925,2812
abd44a216e0b5648fce2cea088e43447,bc45ce924fc7b9c16c386de80e45895a,0,319,879,2812,879,2493
eb19aa48508d29026b8025d216f71c34,d8d7209c5d39186530ef4a7f14b8630d,1819,0,2800,3518,981,3518
7157471087afc1105543a9963a87dd4b,367b60a1db3e07762fd7e6ef1fca39db,0,0,839,2354,839,2354
7157471087afc1105543a9963a87dd4b,18425e9af131306dc8151257f3920cb7,0,470,793,2391,793,1921
7157471087afc1105543a9963a87dd4b,4f36cc8bcf56ca0aaacc49690905fa8e,2033,571,2800,2406,767,1835
7157471087afc1105543a9963a87dd4b,503c6d34991caf034969caceff8bf24e,2056,0,2800,2451,744,2451
cd5fb2175d83941f613b0858413b7f3a,7f3cfcb459bc9ff1f8bae5678fb9d358,1539,346,2800,3518,1261,3172
cd5fb2175d83941f613b0858413b7f3a,611a6731395976f147b4a22bb84dbf0b,0,331,1304,2919,1304,2588
cd5fb2175d83941f613b0858413b7f3a,e694c7993174a2d834d8d3464970c038,0,0,1170,2807,1170,2807
cd5fb2175d83941f613b0858413b7f3a,b3d4d13ac681c5127477f131e35e7469,1592,0,2800,2665,1208,2665
521cdc91ea7ac30645c7f867a2fb4db9,bbc7cc1943429f7bc4a1e262c9ce202e,0,399,975,2692,975,2293
521cdc91ea7ac30645c7f867a2fb4db9,4fd360cdf4a099b639cfcd49fb91e1fb,0,0,1096,3518,1096,3518
26982a5641a203900a1b87883728e46f,be499dcd159fa4fe24a75176704459ec,1747,566,2800,2843,1053,2277
26982a5641a203900a1b87883728e46f,ad04fed9f392bcf8e0ba1c79ebf6d9d6,0,0,1028,3518,1028,3518
26982a5641a203900a1b87883728e46f,e7ffb556450999e49bc23606d6e3b765,0,425,1087,2611,1087,2186
d1d363d810043d9538c9154d593029ef,ec01703edf1e8722e1af63c05c22d511,1814,299,2800,2560,986,2261
26982a5641a203900a1b87883728e46f,da92306840f921473b6441735d308078,1949,0,2800,3518,851,3518
d1d363d810043d9538c9154d593029ef,804c6944494d31217361623e639e74f8,1741,0,2800,3518,1059,3518
521cdc91ea7ac30645c7f867a2fb4db9,36059f3dd726e765273ef46e3c7704e3,1622,0,2800,3518,1178,3518
521cdc91ea7ac30645c7f867a2fb4db9,547690e184354724dcebd21ae36b2973,1716,425,2800,2835,1084,2410
d1d363d810043d9538c9154d593029ef,c630e12deca389a831a8f01199cd543f,0,0,1051,2481,1051,2481
8bb619996ae7000fd636c9aa8e1753fd,63277530076dd22568ba2690c861f821,2095,0,2800,2675,705,2675
d1d363d810043d9538c9154d593029ef,487e2ca8ef4653848278a442e6fe98f1,0,331,1050,2606,1050,2275
8bb619996ae7000fd636c9aa8e1753fd,b82051f330915d0cc9b931c48441955c,0,0,731,3314,731,3314
c14eedb0f8cbb157d335e35844360567,87f4d302403d14c77d17a9127e2a972f,1894,478,2800,2720,906,2242
c14eedb0f8cbb157d335e35844360567,7ac7cad604cfebfa020d065f545037d4,0,590,764,2656,764,2066
8bb619996ae7000fd636c9aa8e1753fd,e60b57de79da7f170ae9850471bf6588,2061,611,2800,2509,739,1898
8bb619996ae7000fd636c9aa8e1753fd,df63f55417b075950e87469581120cd6,0,648,779,2602,779,1954
c14eedb0f8cbb157d335e35844360567,d78648752dbf4173119530bb6866129a,1827,0,2800,3518,973,3518
c14eedb0f8cbb157d335e35844360567,aeac1f7ba555dd75e6d37ada31e3acfa,0,0,850,2759,850,2759
9446c522f4de625a93310975acbda1ac,81157d3836ddff9de4815bfb40b1cd27,1919,658,2800,2661,881,2003
9446c522f4de625a93310975acbda1ac,c3a543b7ab056837c5fbcbe2f9b55fa3,0,0,920,2542,920,2542
9446c522f4de625a93310975acbda1ac,102e825699010b00acbfc181910ba0d8,0,759,893,2793,893,2034
0baef459a10e51c65302ddb63012c147,73385f2f28d1f721fe7a7d6226537882,0,384,843,2486,843,2102
0baef459a10e51c65302ddb63012c147,525f7b2c64cffabddd42b9162b4eb15e,0,0,868,3518,868,3518
9446c522f4de625a93310975acbda1ac,9583f7135b52aa01dd7bd7e43b1ed06c,1864,0,2800,2648,936,2648
0baef459a10e51c65302ddb63012c147,7eb213019e972514b4ce6ccb53df509a,1941,0,2800,3518,859,3518
0baef459a10e51c65302ddb63012c147,c53418f3bc12b3173db174c86ca11355,2030,227,2800,2426,770,2199
ed40278eaede3cc5e9d11b8127c4e267,c11582c24ac550d1e64eebbd4de4aba7,1807,695,2800,3058,993,2363
ed40278eaede3cc5e9d11b8127c4e267,54c8182e7e9bd93dae9b976f9a3cefd1,0,526,765,2692,765,2166
ed40278eaede3cc5e9d11b8127c4e267,73aec5457206aa888a294a6f6159301d,0,0,936,2571,936,2571
ed40278eaede3cc5e9d11b8127c4e267,dd4cf9bd2358762caeeaead91af970a8,1584,0,2800,3518,1216,3518
d391bc5cf42c8b28f629e8856fa2e6b0,958b0ca1cb5d9633ef2d94448ce06261,1854,0,2800,2716,946,2716
d391bc5cf42c8b28f629e8856fa2e6b0,5bb56a22550e0dd7a6131c279e6025cc,0,0,987,3387,987,3387
d391bc5cf42c8b28f629e8856fa2e6b0,fcfa4881b2f75a3013dcd4ec733144b7,0,512,941,3518,941,3006
d391bc5cf42c8b28f629e8856fa2e6b0,9f978c10e9a293509115def1d9c2b11f,1863,428,2800,3518,937,3090
6a5be58eb9249c5534d8b8ee1b048573,ac1b3bdb5b4395c7b6df7cf1f957f8ea,0,0,928,3518,928,3518
6a5be58eb9249c5534d8b8ee1b048573,66c01b2bf848c0e53b5041d2bdd585cb,0,346,898,3518,898,3172
3222c189973f0434d54e9e424f7513cd,12576391d40824b72ba7fbc6c5c918af,0,785,758,2458,758,1673
3222c189973f0434d54e9e424f7513cd,7afe0fc384714e54c699be7ae2daf0e5,2118,696,2800,2345,682,1649
6a5be58eb9249c5534d8b8ee1b048573,5e6fc7fe5646c9aee5a370b4880fc8c7,1750,810,2800,3518,1050,2708
6a5be58eb9249c5534d8b8ee1b048573,c37daa48933e6cded0e755b7b889a1c2,1790,0,2800,3518,1010,3518
3222c189973f0434d54e9e424f7513cd,47d336c026292190ac8f3e07138e1a6f,0,0,696,2259,696,2259
3222c189973f0434d54e9e424f7513cd,dc2189e745e9d34c92d79178e6589c58,2126,0,2800,2327,674,2327
b719ac3962da832e55f14d4a7c24c0c4,e289dc4b4f223629ee0298124b65e0b0,0,726,880,3015,880,2289
71ed3d30ec2c8c5c6b21a5cfabda43db,be86bbb8e05d1049538b23d0ec258288,0,0,754,2689,754,2689
71ed3d30ec2c8c5c6b21a5cfabda43db,59dd441d775b7ea433270f44b6122607,2304,617,2800,2185,496,1568
b719ac3962da832e55f14d4a7c24c0c4,1ce44f48561f73f36f7ba555d4d9f095,0,0,1007,3223,1007,3223
b719ac3962da832e55f14d4a7c24c0c4,b8e1944ccf243ec9becbfcf85da28e72,1538,0,2790,3580,1252,3580
0e7bc6e14502ef9917bea3439a55049c,8c39f57371929993a704affc292472b5,1897,0,2800,2327,903,2327
71ed3d30ec2c8c5c6b21a5cfabda43db,371fe7bc4a1de529c129f8d445e725f8,1950,0,2800,3518,850,3518
0e7bc6e14502ef9917bea3439a55049c,e2fe13fab49a4677e05bdecd5a3a8788,0,0,836,2637,836,2637
0e7bc6e14502ef9917bea3439a55049c,a3594919eaa79395c5c1842c864b49dc,2052,583,2800,2590,748,2007
0e7bc6e14502ef9917bea3439a55049c,b37cf96775c1e82077288afc184b3833,0,408,780,2456,780,2048
b0533cbcd1d68a68117e628a3b5d589f,27c69dcb35b72dceeeed093215a1afcb,1982,0,2800,2645,818,2645
b0533cbcd1d68a68117e628a3b5d589f,ff17b9cdc36a60cd557b65de28e93cd4,1975,0,2800,3518,825,3518
71ed3d30ec2c8c5c6b21a5cfabda43db,747d88354de3d636f303bbc7932f2955,0,772,540,2334,540,1562
e4e57331551c21e7613d2ba8ed06cafd,07ddf17177377d02bf2108bae82e5e76,0,490,1012,2982,1012,2492
e4e57331551c21e7613d2ba8ed06cafd,376e7bdf7b05adc64a46e451e7dfa9ee,1822,0,2800,3010,978,3010
e4e57331551c21e7613d2ba8ed06cafd,ad7bd0f422d1efc35b52da47479f60cc,0,0,1010,3518,1010,3518
b0533cbcd1d68a68117e628a3b5d589f,a24f96248b043c569fa13082aabff694,0,0,834,3306,834,3306
b719ac3962da832e55f14d4a7c24c0c4,00da333277be08ef80e4011879e8baca,1898,478,2790,2786,892,2308
3ea283809be57b2c6258f8df2e511291,25658dfd38ab5b51de8d1122c8224bca,1654,0,2800,3518,1146,3518
3ea283809be57b2c6258f8df2e511291,bf1008824db6e3cf1b5bb0b280062db0,0,702,1042,2732,1042,2030
ed516aec2d4cbbec27fe135e199fca04,1978381bad1e40083fa78c350f3dff64,0,0,896,2812,896,2812
ed516aec2d4cbbec27fe135e199fca04,43be24ae11c15a4f9da5f41ecb888f65,0,735,1008,2812,1008,2077
b0533cbcd1d68a68117e628a3b5d589f,8315e48784965a3aba579c8392b8b820,0,60,750,2229,750,2169
3ea283809be57b2c6258f8df2e511291,5e484a49b51dd965d403a418b0e897f0,1756,368,2800,2530,1044,2162
ed516aec2d4cbbec27fe135e199fca04,de9aa89511ff7802f2a761d9062c1357,988,419,2012,2812,1024,2393
3ea283809be57b2c6258f8df2e511291,731cd2416a436c0b9e59609c80315581,0,0,1069,3518,1069,3518
ed516aec2d4cbbec27fe135e199fca04,8c1e46d61a8523467d6235fc542c3c58,1031,0,2012,2292,981,2292
a3a14a71081f75171b8bf85b89c53122,62bdba76d714617e8f41c2568cca0c73,0,217,957,3373,957,3156
e4e57331551c21e7613d2ba8ed06cafd,e8bceb8d66eee1397459db24898c14f0,1917,372,2800,2684,883,2312
42663c96a87d1976f18916158fd72c91,4c34ac4fdc39f08d189a885d578150b9,1812,593,2800,2709,988,2116
42663c96a87d1976f18916158fd72c91,98afe26ef8e658b545252cad6e048386,1824,0,2800,2368,976,2368
42663c96a87d1976f18916158fd72c91,6af2c28a2d4a5f2bf4b3105370a90494,0,535,911,2657,911,2122
a3a14a71081f75171b8bf85b89c53122,43fc50aad54d9d99e6ed84a72d412bff,1835,0,2800,3518,965,3518
a3a14a71081f75171b8bf85b89c53122,91406520610914a6f08aada14c983d30,0,0,1021,3518,1021,3518
42663c96a87d1976f18916158fd72c91,2403f4901809fb8468325025ca52b3d4,0,0,866,2585,866,2585
077d8b5c85c0c3c50d8f279a486fdafd,ee7db725563f05d45c7899c9c65bbb5b,0,876,537,2477,537,1601
ea479ae4e79f684e6159ac0f885a6797,ca52eea62b096141f8ab713d16e1efb3,1959,109,2800,2338,841,2229
a3a14a71081f75171b8bf85b89c53122,02ed54928234f2074d58681859bdaa40,1878,14,2800,2999,922,2985
ea479ae4e79f684e6159ac0f885a6797,48e68d294c6a1de5596cf7f0d9a9ff3b,1921,0,2800,2489,879,2489
2ed37b11f338cc6bcb10904ac38daac3,41aa67d2cffa113841ccff3f3147a54a,0,0,784,2511,784,2511
2ed37b11f338cc6bcb10904ac38daac3,c410cda05929c97c15d252c0b3d2f046,0,645,783,2574,783,1929
7ed8f747a85dd64c0edf9765fa72f8f1,52c31dc4368f1b2a1e3a515f49eb5c85,1964,414,2800,2750,836,2336
7ed8f747a85dd64c0edf9765fa72f8f1,f8469d0bfabc4e25ff90ecc197c04537,0,663,836,2949,836,2286
ea479ae4e79f684e6159ac0f885a6797,34b776894c1b2b26b27614ef2b275939,0,0,919,2715,919,2715
4b31fd58a3f25c683ffd9eb96c43245a,841db0dbf8d431b9cff62901b5cc2edc,0,1100,881,3580,881,2480
2ed37b11f338cc6bcb10904ac38daac3,4bdadec599f8799ded0cece115afbfa0,2007,0,2800,2736,793,2736
4b31fd58a3f25c683ffd9eb96c43245a,3047456544795c193f2f5a12db464ced,1587,0,2686,2816,1099,2816
4b31fd58a3f25c683ffd9eb96c43245a,695df8c9911560d417ce15849bc24ccd,0,0,979,2749,979,2749
077d8b5c85c0c3c50d8f279a486fdafd,de6cee1f1b3f661b054ebe933c63010a,2124,0,2800,2522,676,2522
4b31fd58a3f25c683ffd9eb96c43245a,cb3992b10ef27de6c2b735d792c58be0,1827,565,2622,2529,795,1964
7ed8f747a85dd64c0edf9765fa72f8f1,ed2400bcc639fb6d36b1cc05f348b2a7,1953,0,2800,3518,847,3518
ea479ae4e79f684e6159ac0f885a6797,ae2fa0e7fcea907cc160a67c5a8e302d,0,682,888,2921,888,2239
077d8b5c85c0c3c50d8f279a486fdafd,7d5146b7fbf4e4e07b074e28f84163c2,2086,1031,2800,2679,714,1648
ef9cbe0b14d7ced29e1ab93f88223cf4,187095ffee70b0bfd73d0215f465e66e,0,351,880,3518,880,3167
ef9cbe0b14d7ced29e1ab93f88223cf4,1018348ac3be03d407fbe1cb764fc42f,1900,0,2800,3374,900,3374
2ed37b11f338cc6bcb10904ac38daac3,341a72c151701051eb8a70b97522b69d,2001,719,2800,2432,799,1713
474520735bfef80ccfe361066dcbe89e,ba48cd3204828dd4158139d7782c7f67,0,0,998,3072,998,3072
077d8b5c85c0c3c50d8f279a486fdafd,07088ff4829d34a873e399f2e43c18a6,0,0,677,2350,677,2350
474520735bfef80ccfe361066dcbe89e,46468bd10f46e83fedb99849f7ad0372,2132,336,2800,2558,668,2222
ef9cbe0b14d7ced29e1ab93f88223cf4,2e3f598007a729ffa6ee8167049d63de,0,0,912,3518,912,3518
43dc9c17330e19fd98915243e5fac91a,c9de2629797c9de5367305e165b23977,1948,347,2800,2388,852,2041
7ed8f747a85dd64c0edf9765fa72f8f1,85b190d53fa745af317f85957ec26f40,0,0,900,3518,900,3518
474520735bfef80ccfe361066dcbe89e,7f06a623d23f77728968d8ef682fa423,0,349,952,2817,952,2468
6ac743abe5c8bc85d311a5a2f80a5a1d,d426c8037c219973daea11160e6cdf49,0,0,1187,2812,1187,2812
ef9cbe0b14d7ced29e1ab93f88223cf4,14fd4484c62365171c816aa2769939ac,2049,277,2800,3417,751,3140
43dc9c17330e19fd98915243e5fac91a,a9457baeb89d82d69e7e4150ef25056d,0,434,908,2560,908,2126
6ac743abe5c8bc85d311a5a2f80a5a1d,ee792a8897836d6ca30c7c371a4ddb52,0,0,889,2592,889,2592
474520735bfef80ccfe361066dcbe89e,007e731724c46378037cdb8652d63c7b,1834,0,2800,3518,966,3518
6ac743abe5c8bc85d311a5a2f80a5a1d,17d20f35eb0dfa8b45cd63597313d8db,0,277,917,2351,917,2074
43dc9c17330e19fd98915243e5fac91a,60039396132c05c8fccb6ad4c4a2a8b7,1969,0,2800,2397,831,2397
392698c36bac0299fcd183157df822e7,bff02f4b11406e31889c37635efe864e,1057,0,2012,2322,955,2322
6ac743abe5c8bc85d311a5a2f80a5a1d,d9f9a2b325a0fd2b079c62fed6abc879,1251,440,2012,2360,761,1920
392698c36bac0299fcd183157df822e7,34986ca24963b5cab085fead71c8543c,1002,0,2012,2455,1010,2455
43dc9c17330e19fd98915243e5fac91a,a58131d25f2e5ea9a87e303408d55edb,0,0,890,2333,890,2333
f8e83f35706e1527aab55e1010e5f853,f6e15f0647ba18385c828538b01043d4,0,996,767,2805,767,1809
392698c36bac0299fcd183157df822e7,d161cabcac6597f212e57158fbee9aae,0,160,992,2812,992,2652
392698c36bac0299fcd183157df822e7,3204547a30686acd1f321c04dc68161b,0,0,1036,2365,1036,2365
f8e83f35706e1527aab55e1010e5f853,53f2cab884ba73ac8389c4d24bb3f35c,2056,657,2800,2340,744,1683
e40aebc14aeaf612f3ccd3e0ba11558f,8e185a90d2789b7c34a1c8950e405607,0,313,1018,2977,1018,2664
1b9b2c52f47287bb4269363328ac0c35,3364f3e2938e39f22e2c22dc1b0d1e10,0,129,964,2812,964,2683
e40aebc14aeaf612f3ccd3e0ba11558f,3f266025f2d3a0309525d85984d16eb9,1478,0,2800,3518,1322,3518
e40aebc14aeaf612f3ccd3e0ba11558f,efe8612c89eff169c88eb2ef99835b5a,1582,62,2800,3161,1218,3099
1b9b2c52f47287bb4269363328ac0c35,2a8ea4a20975068a0bc2d180b5b502de,945,129,2012,2812,1067,2683
e40aebc14aeaf612f3ccd3e0ba11558f,f9d459bf64102aa76eed4d4b59be69bd,0,0,1185,3518,1185,3518
1b9b2c52f47287bb4269363328ac0c35,513b20e828c8607d0570a8677ba815c4,834,0,2012,2812,1178,2812
f8e83f35706e1527aab55e1010e5f853,3b44047ecd0081b20e0b9779b150dd2a,1983,0,2800,2532,817,2532
1b9b2c52f47287bb4269363328ac0c35,45742302479a9dab682abf7f1d903987,0,0,952,2748,952,2748
eab8642c508d0c4e0674cf9277992c7d,bb26fdaa3f2520072ec70d25c76991a8,0,0,1044,2520,1044,2520
eab8642c508d0c4e0674cf9277992c7d,c019fcc3d9c231e86156b39ceff19427,1745,0,2800,2581,1055,2581
eab8642c508d0c4e0674cf9277992c7d,782a771614166242bca7d04c8c1947a9,1770,327,2800,2458,1030,2131
eab8642c508d0c4e0674cf9277992c7d,1ff7de93dd86a5a94210b5ef7ba2caec,0,521,1063,3518,1063,2997
f8e83f35706e1527aab55e1010e5f853,71ff085abe2c3b29f55eb2b786c1ea4e,0,0,1030,2614,1030,2614
b8ac81febd4c77b5e0d87eeed3634dd1,68097c212a48e2812a8f717baeba1c57,0,0,1048,3518,1048,3518
b8ac81febd4c77b5e0d87eeed3634dd1,ff9e6555a7b4aca6052064717fb221af,0,404,1001,2708,1001,2304
b8ac81febd4c77b5e0d87eeed3634dd1,9541ad88742f18acdee4923330538115,1862,0,2800,2717,938,2717
1ea094f60212b1f634590da8b8fbe932,cb2452df67994712b06cd856d607f7cc,0,546,861,2589,861,2043
1ea094f60212b1f634590da8b8fbe932,412358755c1688030fa4f3f8b212ca3a,2113,317,2800,2453,687,2136
1ea094f60212b1f634590da8b8fbe932,ece2d8c703c4c03cab5170d53d88a6a7,0,0,874,2943,874,2943
1ea094f60212b1f634590da8b8fbe932,88f8fefd7a246e5ca056f59530710d3e,1986,0,2800,3200,814,3200
bbf1dbfa5c8293b95f5f0caa0b583cf2,76887fe669e8f1b0f344f5618301ff24,0,0,869,3518,869,3518
bbf1dbfa5c8293b95f5f0caa0b583cf2,2ad3bc5a0566bccfc3633f6207f00097,0,920,591,2808,591,1888
4167fbebbba653ff721cc2eb4c9b59ef,8fe4119e24fd4028460085d3d0621847,1542,367,2800,2534,1258,2167
b8ac81febd4c77b5e0d87eeed3634dd1,e904ba1bfac15352334040f610a562f7,1961,671,2800,2680,839,2009
4167fbebbba653ff721cc2eb4c9b59ef,c527ae6b9b8d5d6ab00272bf86fb84c7,1605,0,2800,3518,1195,3518
4167fbebbba653ff721cc2eb4c9b59ef,e5ed12fb8f320957aee78db4b40e1045,0,0,1117,3518,1117,3518
2098dd6314883eeb2192270dd3d3f530,71a855e6de5407bf637d038553336147,1871,535,2800,2584,929,2049
4167fbebbba653ff721cc2eb4c9b59ef,03c75f88f0465e00d47bfe02fea342dd,0,217,1115,2397,1115,2180
2098dd6314883eeb2192270dd3d3f530,3bc7e72f901d8bc5fee1d557cf4a44f0,0,918,960,2922,960,2004
82f2c3ae3aeb9a83fd401f0c2e4ef68e,ee8648209b9690d4ed0349e30cfebfe2,1309,516,2012,2812,703,2296
2098dd6314883eeb2192270dd3d3f530,87fcbc76093232aad3ae6e16725b0937,0,0,1000,2739,1000,2739
2098dd6314883eeb2192270dd3d3f530,b17ae24508b2824349b471ea7b7ac3f1,1802,0,2800,2757,998,2757
ce75790ef541a2a291464f9ace6f3c41,b78267e910ddcf068a7ca60d838621e8,0,532,774,2486,774,1954
ce75790ef541a2a291464f9ace6f3c41,05e2ede529acd0bcfaa3e565bfe36b1d,0,0,843,3518,843,3518
ce75790ef541a2a291464f9ace6f3c41,89335456051c3ca9caf19b8c8a5b1871,1977,0,2800,3087,823,3087
a037412b1dee9c2fd692857041047456,184816dd830c423e998bb9bfa8801734,932,0,2012,2425,1080,2425
82f2c3ae3aeb9a83fd401f0c2e4ef68e,225f1e3b1aa1c243f6477229cfe2e81d,0,0,765,2812,765,2812
ce75790ef541a2a291464f9ace6f3c41,967a47202323638601b73c027ec7e798,2028,753,2800,3518,772,2765
a037412b1dee9c2fd692857041047456,c7d07440c62bcedeb25992b9f8600503,1076,118,2012,2087,936,1969
a037412b1dee9c2fd692857041047456,2151ff999577abd9bd4bd69e29255520,0,0,851,2533,851,2533
82f2c3ae3aeb9a83fd401f0c2e4ef68e,a903aa7baef0873d3e6d09f3d33f6068,0,857,720,2710,720,1853
a037412b1dee9c2fd692857041047456,f69eccba5909582fdac55f75182ab682,0,349,720,2255,720,1906
82f2c3ae3aeb9a83fd401f0c2e4ef68e,38773e66f42909c020cfb0c05a0d0bc3,1195,0,2012,2812,817,2812
e2b0aa5a26c475ee4550f8300be40b12,6e2e4b6ea7217ef88e4c09ad8aef1e61,1696,396,2800,2695,1104,2299
bbf1dbfa5c8293b95f5f0caa0b583cf2,86e851ce26d82d9c01ab6ff7be6a3b20,2206,656,2800,2770,594,2114
e2b0aa5a26c475ee4550f8300be40b12,80032fd83ed8b01b6543b692d0a63f2a,0,265,953,2951,953,2686
bbf1dbfa5c8293b95f5f0caa0b583cf2,90446dbb3677e8935033f876bbcdd0fe,1868,0,2800,3518,932,3518
c412fec5d3c4b59b434152c762762107,83ee640cb751fdf39b9d36989ea8f518,0,0,1413,3178,1413,3178
e2b0aa5a26c475ee4550f8300be40b12,29e53c69ff4f4fc44eb15e4d70ed1c52,0,0,1066,3518,1066,3518
e2b0aa5a26c475ee4550f8300be40b12,d0d3f8e54a58811f456d770f51294e0e,1617,0,2800,3518,1183,3518
c412fec5d3c4b59b434152c762762107,db4a6f104736167215b07129df7b091a,1197,363,2800,3275,1603,2912
a2de7a8acd2f855a1d69f61a25af3c1f,704882d17394a17ea4f6cea7c8997122,0,303,959,2653,959,2350
a2de7a8acd2f855a1d69f61a25af3c1f,f5b35348b3543d79b807bbf8da473b54,1803,688,2800,3518,997,2830
c412fec5d3c4b59b434152c762762107,4a7cfaab36c56bc04ed412b405883627,0,158,1469,2449,1469,2291
c412fec5d3c4b59b434152c762762107,893dbbf75bbe8e9b7ceb4dd35e0241b2,1103,0,2800,3518,1697,3518
218f8bdc23eef893488e9587d82e8631,ab9bf2fb087debaf2c1ccf19a070d0da,0,0,1057,2623,1057,2623
a2de7a8acd2f855a1d69f61a25af3c1f,3e8d4b6b0df6faf2675ce51e16d5c444,1610,0,2800,2894,1190,2894
a2de7a8acd2f855a1d69f61a25af3c1f,7c2a102d9fff80f5fb9c51b8cc485885,0,0,1128,3518,1128,3518
218f8bdc23eef893488e9587d82e8631,69d17b49c8258039f5de4c38f4eaf634,0,0,1170,2440,1170,2440
218f8bdc23eef893488e9587d82e8631,f56ae1546fa40fc15b337f7323ba5559,971,0,2012,2616,1041,2616
218f8bdc23eef893488e9587d82e8631,3e1e071ec9ac759edca8274eea78e50e,741,0,2012,2767,1271,2767
1860e56f068c2e2ccb2017de6e6f8eb8,a09e8001e6b29128dcae4cc0d1b02cca,0,908,911,2830,911,1922
1860e56f068c2e2ccb2017de6e6f8eb8,5ece74cda0f90e892eef16f2012a933b,2069,607,2800,2441,731,1834
e4e0063b6ce312996a4f35f35a1195e2,bce050ce2f031496190f403a78b21bd0,0,535,596,2397,596,1862
1860e56f068c2e2ccb2017de6e6f8eb8,63857e01d707240c042dd951cffb43de,0,0,917,3062,917,3062
1860e56f068c2e2ccb2017de6e6f8eb8,8c88a2195de94f2ce1beab98828e3a71,2107,0,2800,2574,693,2574
e4e0063b6ce312996a4f35f35a1195e2,2d0af4af160ffcce600dcc01e1db0e13,0,0,684,3241,684,3241
e4e0063b6ce312996a4f35f35a1195e2,8eef8260fcc0583d966fee0cf36ce71a,2047,0,2800,3462,753,3462
e4e0063b6ce312996a4f35f35a1195e2,a111fe1108de50a43da41d7a89b49cf3,2143,615,2800,2483,657,1868
242d0a67f7fb4e69f1eba5756ec13343,9f8fa66818b8c06d4b7383da74f45f3a,0,177,654,2266,654,2089
242d0a67f7fb4e69f1eba5756ec13343,239d6b408a1e5b7c4697c523386ac6fc,0,0,726,2812,726,2812
242d0a67f7fb4e69f1eba5756ec13343,aa86855d6e4284e2fd2e64be8d0d183c,1382,189,2012,2244,630,2055
a1cee8cac027b6c3078a564ad2673332,db5401cfccfde80597da8f3793dea41f,1767,0,2800,3437,1033,3437
a1cee8cac027b6c3078a564ad2673332,5b8c9d10bacebe4f190b30545728676f,1736,0,2800,2504,1064,2504
a1cee8cac027b6c3078a564ad2673332,91c595ab22a73f5a0ae616cdf9e0d1c2,0,248,1074,3518,1074,3270
242d0a67f7fb4e69f1eba5756ec13343,82df355e237f458992d0072656f75e82,1251,0,2012,2812,761,2812
a1cee8cac027b6c3078a564ad2673332,3d89638d839e41c1b51939a11fc3af42,0,0,1030,2622,1030,2622
a11525695b4f2f1fdaeba1e03fb17e8d,30bdcf396446854d0fdd5382e9ef8420,0,0,1108,2740,1108,2740
a11525695b4f2f1fdaeba1e03fb17e8d,7a1b3e09d17382dc02f1794b0a00042f,1808,300,2800,2757,992,2457
a11525695b4f2f1fdaeba1e03fb17e8d,db9f8b7fdc2e1f6b50fabda98d5c8b3e,0,571,1012,2913,1012,2342
a11525695b4f2f1fdaeba1e03fb17e8d,7413936c808e48cbd4478d77c836ab76,1680,0,2800,3518,1120,3518
7d34d687186b316a149d38b7b5bd48d6,5e0d5ba69eb5248b8e2528047507f994,0,391,975,2531,975,2140
8a37c40249fb5e920587c5ed48bf5fa3,c8286ed01b71f3a0f2727ba51fb6013b,1696,0,2800,3002,1104,3002
0d9e6d72623f41d8de75540901619c42,fa118add91eb89462ac71ce361d0760f,1035,571,2012,2526,977,1955
8a37c40249fb5e920587c5ed48bf5fa3,aac2a350079dba9b8ab390fa4efefad7,0,0,1009,2787,1009,2787
0d9e6d72623f41d8de75540901619c42,e9298920582af78f2ee9e4fe775ae009,0,0,946,2224,946,2224
0d9e6d72623f41d8de75540901619c42,daf1823403de4284ed175b6549bf983d,0,100,896,2095,896,1995
0d9e6d72623f41d8de75540901619c42,8dcead453c0dacac6ad55da9cdd7df8b,1141,0,2012,2473,871,2473
8a37c40249fb5e920587c5ed48bf5fa3,36f90b955db60e359bb70395cb6a3a34,0,556,989,3476,989,2920
7d34d687186b316a149d38b7b5bd48d6,d9f3351f757e413125133618075da92e,1702,0,2800,2481,1098,2481
12bbd55c83825227414aa0fc5336e4ab,9a5a5bb858fa984e31f7aed167c05aab,0,469,645,2474,645,2005
12bbd55c83825227414aa0fc5336e4ab,001e349625800ed8699e698102ed282a,1570,404,2012,2104,442,1700
8a37c40249fb5e920587c5ed48bf5fa3,7724af5317be98314d502fc7d4497fa1,1752,778,2800,2859,1048,2081
12bbd55c83825227414aa0fc5336e4ab,7976d05bbe015b19f64f871a1bf7933e,0,0,699,2397,699,2397
12bbd55c83825227414aa0fc5336e4ab,f7ccb62e5d8b8ef66f69520f00f65732,1225,0,2012,2279,787,2279
7d34d687186b316a149d38b7b5bd48d6,6adaa844b34382eb27abe830386f4ddb,0,0,987,2416,987,2416
cca141f804a8ab8b584d63102bc7f3f7,5d3a5830205d9799001ae3ab56cbf087,1987,402,2800,2448,813,2046
cca141f804a8ab8b584d63102bc7f3f7,dedba554dfb143f35b41210d8cfa1537,1993,0,2800,3341,807,3341
cca141f804a8ab8b584d63102bc7f3f7,2ccefd9e7701acf52c92275e844f7578,0,0,762,3518,762,3518
1eaf36582da7537d2084a20d25de46be,fc0313e7ff1231f1a7cf1e4abca0ee0a,2208,312,2800,2395,592,2083
cca141f804a8ab8b584d63102bc7f3f7,aad38467d1f04cedf300c9c8305a3536,0,534,803,3518,803,2984
1eaf36582da7537d2084a20d25de46be,1b05be4125d9e1e08f579908a8de0f1a,2061,0,2800,3518,739,3518
7d34d687186b316a149d38b7b5bd48d6,b70d458ee21dbb5cc259831e8e00e435,1820,702,2800,2822,980,2120
1eaf36582da7537d2084a20d25de46be,711cb389977c86dd6534ceec53e3b447,0,0,733,3114,733,3114
1eaf36582da7537d2084a20d25de46be,38092d621070d5b57f26aee25c427e08,0,879,629,2831,629,1952
ae9a3ca076fb6c8d1671e609a2d91ecd,c72c085104e502265d4c8cffd2c3b000,0,273,1175,2726,1175,2453
ae9a3ca076fb6c8d1671e609a2d91ecd,282748f9b32dc2b1ebf466a2e65306db,1821,697,2800,3518,979,2821
708ebc4a71af11c9715737ecbdc8865d,b351b6320a1350f01542c77dfca6f6da,0,719,704,2560,704,1841
708ebc4a71af11c9715737ecbdc8865d,0d106cb0105a55df01499191ceb0334c,2160,522,2800,2357,640,1835
ae9a3ca076fb6c8d1671e609a2d91ecd,dcaa6539430f2711f640b2f2c286c8f5,0,0,1145,3518,1145,3518
708ebc4a71af11c9715737ecbdc8865d,f3cbb9ee900f585400d1fb117a0d612b,2024,0,2800,3518,776,3518
ae9a3ca076fb6c8d1671e609a2d91ecd,c7cc80f1bcfb86b99b0186b693d7d5de,1813,0,2800,2746,987,2746
708ebc4a71af11c9715737ecbdc8865d,da19804a99b45ebafac184cc6ca99bdf,0,0,773,3351,773,3351
b3c8969cd2accfa4dbb2aece1f7158ab,3c22491bcf1d0b004715c28d80981cdd,0,334,992,2717,992,2383
b3c8969cd2accfa4dbb2aece1f7158ab,4689616c3d0b46fcba7a771107730791,1654,352,2702,2557,1048,2205
abecb7d2a17cfc0dff1ea6afe1b1833e,0935d3182f0d26d80c71a06166b8878d,0,299,983,2337,983,2038
b3c8969cd2accfa4dbb2aece1f7158ab,45c1239cc36b0e672f0072707fd05c6f,0,0,1130,2683,1130,2683
abecb7d2a17cfc0dff1ea6afe1b1833e,0556a632ea75ca3c643f89bd399b91ec,0,0,1040,2448,1040,2448
e41244bbd7c8581b8d3d4d517f52cedd,fc8cdfd7f49f0959aa2895e7cee24b05,1939,495,2800,3518,861,3023
611b1a6fdfc6a9dc4ca9c4aa106f90be,1d9a76c6c247c4a3d7de092d0604ce5b,1011,0,2012,2567,1001,2567
b3c8969cd2accfa4dbb2aece1f7158ab,d443b9725e331b8b27589aa725597801,1529,0,2686,2776,1157,2776
abecb7d2a17cfc0dff1ea6afe1b1833e,0665fc1fd57e61efb3ea78bcedbad3a1,1757,0,2800,2475,1043,2475
e41244bbd7c8581b8d3d4d517f52cedd,a39a1bfaaae97af246697b8fa38e3569,1886,0,2800,3518,914,3518
abecb7d2a17cfc0dff1ea6afe1b1833e,ca670a062760ff52e908c080ffb40437,1892,564,2800,2594,908,2030
b87f1bceef20aa604d571f6d68b70554,2b4475d1ac5b53b3ccbeb579e2f7dc7b,1901,0,2798,2728,897,2728
6bbf6d4c01bf26684c8ad029bca72f40,06b7d5cfe9b16079dc1c670efb7829ea,2089,0,2800,2368,711,2368
611b1a6fdfc6a9dc4ca9c4aa106f90be,532e4b580647fa8d8b5b95ea77f9a80b,1112,0,2012,2534,900,2534
611b1a6fdfc6a9dc4ca9c4aa106f90be,660f77cd65c22942798e6334b1c9b4c0,0,388,943,2715,943,2327
611b1a6fdfc6a9dc4ca9c4aa106f90be,f05caee39378d5810abbe526e70406aa,0,0,992,2812,992,2812
e41244bbd7c8581b8d3d4d517f52cedd,8847141c26910632da4473c476c650ad,0,711,926,2759,926,2048
0246c6050121c176d2e8fcf91f22f926,b5b4758224e6a66a587182fcdc5f1f1d,0,349,834,2884,834,2535
b87f1bceef20aa604d571f6d68b70554,7a172205768a4990147cf9dc1244eaf5,0,769,800,3580,800,2811
6bbf6d4c01bf26684c8ad029bca72f40,e49177a53d7362f375f5afeff0c519d6,0,631,661,2565,661,1934
e41244bbd7c8581b8d3d4d517f52cedd,df6c6606f3af1d4cfbc8867ac3a645b9,0,0,752,2669,752,2669
6bbf6d4c01bf26684c8ad029bca72f40,f482d548425befa3c286ae4af9c41711,0,0,727,2481,727,2481
b87f1bceef20aa604d571f6d68b70554,711e228ed2b706eabca95b10947016a8,0,0,1013,2845,1013,2845
b87f1bceef20aa604d571f6d68b70554,2bbec452db94d9de938c92d615c7e82d,2076,709,2812,2793,736,2084
01e354f1ba4b55cff9559b381925e344,07e41b0d9eff2d2f6a884a4ab7f5cdeb,839,0,2012,2670,1173,2670
b02e96f52f3da1494949a2bb1ac5d7a2,0fd92deb7b282a3db2312412ed9275c0,0,0,906,3403,906,3403
01e354f1ba4b55cff9559b381925e344,c825537c8376dde1893b51ece5899204,0,0,1169,2812,1169,2812
6bbf6d4c01bf26684c8ad029bca72f40,e7dc34b01a22613ed7b52a1217fb9f92,2048,566,2800,2581,752,2015
b02e96f52f3da1494949a2bb1ac5d7a2,0a2e78cbc951972b0c8cc0071aef67cc,0,0,777,2555,777,2555
0246c6050121c176d2e8fcf91f22f926,1dfccf26f76424a9eaf4ea6b7cb27f72,1699,0,2812,3580,1113,3580
0246c6050121c176d2e8fcf91f22f926,561f6d752441850e03afcc954b8def7f,2031,635,2812,3019,781,2384
01e354f1ba4b55cff9559b381925e344,4f004e37f1ede6a9c42265faf36894a5,845,318,2012,2812,1167,2494
fd37a07786639ebc6799ad64efc88d40,5dd32d9ce25c6a5199ced1bb923ee1be,0,433,1002,2741,1002,2308
fd37a07786639ebc6799ad64efc88d40,c9dd0f444f207cca22e2788cd2375c10,1854,635,2800,2913,946,2278
b02e96f52f3da1494949a2bb1ac5d7a2,c33d340c4a5de191906faa83c25c0b5a,1971,320,2800,2287,829,1967
b02e96f52f3da1494949a2bb1ac5d7a2,f59395bbd474a1ac81994b743b05d248,1928,0,2800,3107,872,3107
01e354f1ba4b55cff9559b381925e344,acaca3b2072a4792cb26fcf4d57cfcef,0,395,1155,2812,1155,2417
fd3658ecd1329cd16355f321d51574a2,66d278d472f1864bcfe2ed020ab4cc43,1662,522,2800,3518,1138,2996
fd3658ecd1329cd16355f321d51574a2,1f1c1d2f53011e99fd4ba54d3e0dad54,0,468,1143,2863,1143,2395
3f2fd002085f74617d4a3972707fa850,3c54a1f721c1540b10d0eb24d5b49f98,1592,0,2800,2549,1208,2549
fd37a07786639ebc6799ad64efc88d40,3c5c55de6c16848b0fd9473c442b2194,1756,0,2800,3518,1044,3518
fd37a07786639ebc6799ad64efc88d40,a6d7dd14effca524d51100d140c798de,0,0,1056,3518,1056,3518
0246c6050121c176d2e8fcf91f22f926,0dbc1663eceef924f0f339604af18364,0,0,1060,3580,1060,3580
3f2fd002085f74617d4a3972707fa850,297a07f8bc00a0da21b7054f8dde1d3a,0,0,1145,2684,1145,2684
3f2fd002085f74617d4a3972707fa850,f124281f37db1f59b7d26be3edbaa82a,1586,689,2800,2814,1214,2125
e51151e5011690acb3b7a7467ab9c27b,2bec8ca8062413082a24a3091e62ffab,0,561,654,2506,654,1945
3f2fd002085f74617d4a3972707fa850,7cd2e38b984f9996c60328cf30e55d2e,0,862,1072,2931,1072,2069
e51151e5011690acb3b7a7467ab9c27b,41c463013d3c0b7dc6c1d96513417204,2266,478,2800,2377,534,1899
e51151e5011690acb3b7a7467ab9c27b,3c1c65497aac41207471a1a7b70ae96b,2002,0,2800,2349,798,2349
e51151e5011690acb3b7a7467ab9c27b,2896576a23a857a7ca18857c481cf436,0,0,824,2394,824,2394
e1c1f6fb7ad1e14a0afbabbd8168e5c5,6c28875bd3b22d25d70ab3d0d8aec1e3,0,0,700,2298,700,2298
e1c1f6fb7ad1e14a0afbabbd8168e5c5,42351e1e684e3f8daa718ff9ed686034,1277,0,2012,2422,735,2422
e1c1f6fb7ad1e14a0afbabbd8168e5c5,6656f907596c9ff28b752984186ebc0f,0,247,761,2812,761,2565
e1c1f6fb7ad1e14a0afbabbd8168e5c5,64b836463ec10704b3d7c95b47da4bb2,1145,32,2012,2812,867,2780
17efc47ffc11ecf2d6a8f3bae61ffd08,b710342f39f78298256f0588e0b429cb,0,355,1118,3005,1118,2650
17efc47ffc11ecf2d6a8f3bae61ffd08,86092af00e93680db455030fbc2c6c8d,0,0,1193,2760,1193,2760
17efc47ffc11ecf2d6a8f3bae61ffd08,0f5457dbb9449aa73bb9cf62e1c10847,1392,0,2654,2994,1262,2994
17efc47ffc11ecf2d6a8f3bae61ffd08,3067b317b88697b45e336a9e1a481021,1559,356,2638,2692,1079,2336
fd3658ecd1329cd16355f321d51574a2,4b998a8e7a7923ecfc6aa1c0421817b9,1692,0,2800,2656,1108,2656
6f9a7e206e52623c945f1039cd069cee,4e18bc58696aa628e02c43be53b73cda,0,878,972,2826,972,1948
6f9a7e206e52623c945f1039cd069cee,551162489fd5e6b59336fc1eee7b7021,0,0,792,2680,792,2680
fd3658ecd1329cd16355f321d51574a2,59262cafb535b3328d7c80c37ddd4bad,0,0,1167,2510,1167,2510
6f9a7e206e52623c945f1039cd069cee,fad1035fa251f5f7fc318dea403aa7dc,1974,0,2812,2710,838,2710
4d6e3b59ded14d91640fe28bd13020fe,d2c3f0e23881a69814836214a3c7bc6f,1818,20,2800,2578,982,2558
6f9a7e206e52623c945f1039cd069cee,f448ee036cf84e001c689b24b05cf96c,1886,442,2812,2490,926,2048
acd1a4481d33076ca5396eb7731c90f2,44dc8a4691eea712908ede344123e1ad,0,0,836,2086,836,2086
4d6e3b59ded14d91640fe28bd13020fe,f981e7b527a3d6aeebd749b2aa8b4902,1629,0,2800,3216,1171,3216
4d6e3b59ded14d91640fe28bd13020fe,95a54dd2942920a27792e2cd260aa7ef,0,0,1072,2997,1072,2997
acd1a4481d33076ca5396eb7731c90f2,323bcc126054249916848358f284589a,1077,0,2012,1890,935,1890
4d6e3b59ded14d91640fe28bd13020fe,7e0ade1b7d16fc7869f16e6943ebc7fc,0,112,952,2692,952,2580
acd1a4481d33076ca5396eb7731c90f2,f56acfbe0e462815e168aa7c20a08d33,0,539,879,2382,879,1843
acd1a4481d33076ca5396eb7731c90f2,f014187ad3ab1c2af3c183f22f3e8f99,1091,546,2012,2285,921,1739
4f95a9363cb5b5d9c562db0f9bcdf68f,5bf82cc8b1822844ae18bbc988d912d8,1560,540,2800,2819,1240,2279
bf90ae111b0e4727bc583fe31114b1d6,611b1780b56340f0d3072c2a09967088,1048,0,2012,2218,964,2218
4f95a9363cb5b5d9c562db0f9bcdf68f,09080c6dfd6b25f663e9ac1864c740c8,0,607,1357,3495,1357,2888
bf90ae111b0e4727bc583fe31114b1d6,17de42eb1bf8e877778a1f4f81145506,0,106,775,2237,775,2131
4f95a9363cb5b5d9c562db0f9bcdf68f,dc334310e59c5c8a35639c7f4e9272db,1603,0,2800,2693,1197,2693
4f95a9363cb5b5d9c562db0f9bcdf68f,e35706c1a2a6a619f53ae357ba294906,0,0,1318,2826,1318,2826
bf90ae111b0e4727bc583fe31114b1d6,c198e90ae80f0038f051957d1cf8a857,0,0,915,2352,915,2352
bf90ae111b0e4727bc583fe31114b1d6,4b1c8bfe9aff5f11b8eca9e98f97aa23,1299,252,2012,2151,713,1899
cf399797f9211774fdb1470bf4ba5600,d91825b15e444b4cab3a50b8927a7b6a,953,0,2012,2812,1059,2812
cf399797f9211774fdb1470bf4ba5600,1c4e0d2ea8fc8a063cc28032dccccd2a,0,0,760,2600,760,2600
cf399797f9211774fdb1470bf4ba5600,67eba147095e0fb7cc0fb928c08a6fa0,1281,0,2012,2547,731,2547
cf399797f9211774fdb1470bf4ba5600,008efa0084e21397631642ec9bfbb544,0,0,1042,2812,1042,2812
bb979b3dfd52ec5c8c74c3d75872301d,b4536064124f56d035b5fa60973f9de9,0,482,947,2585,947,2103
bb979b3dfd52ec5c8c74c3d75872301d,07098f0b2eedd70c6883678a89c924b7,1696,693,2622,3580,926,2887
9531f606ede9f33cd7932032f0fcf230,db91cd04fabc279ec4bf33f43fff3cf9,0,669,1133,3044,1133,2375
bb979b3dfd52ec5c8c74c3d75872301d,583ff9fb7f6d96f97272e563512328ae,0,0,988,2618,988,2618
9531f606ede9f33cd7932032f0fcf230,367eddc9d6e8a034188763936de20e31,0,0,1081,3518,1081,3518
9531f606ede9f33cd7932032f0fcf230,b737dc9d85849b4a461666efca71bd92,1647,259,2800,2773,1153,2514
9531f606ede9f33cd7932032f0fcf230,4146114f414264a18164fad559b3f1c8,1705,0,2800,3518,1095,3518
69fbbf885172dda9ef433f931598cbeb,c690328f728cff28efee89a2fea4dabd,1858,0,2800,2922,942,2922
69fbbf885172dda9ef433f931598cbeb,7c96f1fb90db635d23144915fa1c3dda,0,0,908,2741,908,2741
69fbbf885172dda9ef433f931598cbeb,a7db737b6d47b9d63aa005075e2325b4,1830,690,2800,3518,970,2828
69fbbf885172dda9ef433f931598cbeb,78d313cceaf92de24e11c0481adcc045,0,365,1001,3518,1001,3153
67266921817ebbfa1b88dde91b588f5f,9cd1cb37f2b9f817073dd89fbf87a635,0,0,1161,3518,1161,3518
67266921817ebbfa1b88dde91b588f5f,e29de2634cf4e058a246d554bb775560,1707,473,2800,2799,1093,2326
67266921817ebbfa1b88dde91b588f5f,96e1befb0651c2b020f428a127b45d5c,0,112,1157,2445,1157,2333
bb979b3dfd52ec5c8c74c3d75872301d,4f51c400a2f860612eae13174f9d3441,1619,0,2750,3003,1131,3003
e5e96712557f88ea93a855ea8667adaa,4df899b1eded1dd13fbf873fcb2d1f7f,1956,0,2694,2418,738,2418
e5e96712557f88ea93a855ea8667adaa,01f47bf1d6aebdd5ccc75e9e6782a5a6,1971,392,2669,2451,698,2059
67266921817ebbfa1b88dde91b588f5f,24e7e6f091714da4e13f8e4f6b8dae4d,1773,0,2800,3374,1027,3374
e5e96712557f88ea93a855ea8667adaa,3bce88b73e56e92ff89cc8d83ec5a83b,0,0,818,2214,818,2214
979dd309921d1bfc35968ba5bc674099,4735cc0c51b13dccf3acbb7edb485868,0,558,826,2870,826,2312
e5e96712557f88ea93a855ea8667adaa,572c6306b6451adf935416505d784b0a,0,698,746,2540,746,1842
27d4dc70d6f73554e4ead70f01867167,9eac03525ce74859de0f3643d611ef78,1896,0,2800,3145,904,3145
58d61fcfbae03476f469be38ebd07ab1,eb20bf5e791e98e9c91060207ff6f1bc,1989,0,2800,2857,811,2857
979dd309921d1bfc35968ba5bc674099,b72b3bbf6884c2e24afa6bf63147aef5,0,0,875,3518,875,3518
979dd309921d1bfc35968ba5bc674099,a10341e20b9a7b0c786df0fdf4827a66,1993,0,2800,3518,807,3518
58d61fcfbae03476f469be38ebd07ab1,d547dbfa4d5005eb5623652acb10aa63,0,852,845,2858,845,2006
27d4dc70d6f73554e4ead70f01867167,5334c4b87f44a02fb6f13dd6b55cc1f6,0,984,857,3072,857,2088
58d61fcfbae03476f469be38ebd07ab1,5f29c17742b46745f505bc469d657147,0,0,794,3518,794,3518
3ff0fec4e27ba569ca6f30319113b1f3,1673d001e6bb1f58db5579a38cc74093,1717,0,2800,3518,1083,3518
27d4dc70d6f73554e4ead70f01867167,01958718afdf303581e758cdf34eaf8a,1907,527,2800,2685,893,2158
27d4dc70d6f73554e4ead70f01867167,d548a49794047fc6e62fa6be2e92ef3c,0,0,944,2994,944,2994
95ef99a6fa2678032cc976d18f178ba1,ee1dd68fdf867f731e43db0a89abe7c4,1907,0,2812,3072,905,3072
3ff0fec4e27ba569ca6f30319113b1f3,4235e4d01cdcdf183e75d0e14bc1c015,1702,715,2800,2817,1098,2102
3ff0fec4e27ba569ca6f30319113b1f3,07b0f44873a157eda249ee6268683d74,0,597,1088,2685,1088,2088
fed54c392990344cee7722d25a9bd08a,cf78e9aa9d0d010401d908af5644b36e,1967,325,2800,3518,833,3193
95ef99a6fa2678032cc976d18f178ba1,624228dfb522e6dba1f2fb5929873c18,0,0,1036,3163,1036,3163
58d61fcfbae03476f469be38ebd07ab1,a1ad7f8163d5494a358efc215fcce03c,2004,534,2800,2547,796,2013
fed54c392990344cee7722d25a9bd08a,aadcc2ee886ad017d7766bf015443f14,0,0,996,3383,996,3383
95ef99a6fa2678032cc976d18f178ba1,34ff33a2c3df00901e0b7a426b64dba7,2052,305,2812,2393,760,2088
979dd309921d1bfc35968ba5bc674099,6dbd46bd9915c078f39bcece563859c4,2064,204,2800,3473,736,3269
95ef99a6fa2678032cc976d18f178ba1,93e0835ae3ed35820142e7e903dbbc26,0,385,1026,2710,1026,2325
3ff0fec4e27ba569ca6f30319113b1f3,58e0ac5d4f7b15a79bf5d6d481e2de0e,0,0,1020,2553,1020,2553
fed54c392990344cee7722d25a9bd08a,292066555afe1d97c60e9589210de580,1843,0,2800,3518,957,3518
d197b45c74f62a7fba631ac9f369a58c,56201b37b8ca4a4ca9782f97e3a895c0,0,0,954,2618,954,2618
d197b45c74f62a7fba631ac9f369a58c,e027b07a568c6f8bd6d32a9ea3897974,0,500,854,2505,854,2005
8df529947232f48d534058e86dd98c98,349d5f3c8128a02b8581fb0fb7b38ab4,0,0,942,2628,942,2628
d197b45c74f62a7fba631ac9f369a58c,09d8718dfd262792de5bf098bbd3c056,1872,327,2800,2314,928,1987
d197b45c74f62a7fba631ac9f369a58c,fa5811d0782c92f6e006a19fd901fdae,1711,0,2800,3518,1089,3518
fed54c392990344cee7722d25a9bd08a,013b57bd8031379886c898ebdf3856fe,0,698,812,3014,812,2316
8df529947232f48d534058e86dd98c98,1e9460765884d649b51c3ac95f652386,1851,0,2800,2605,949,2605
590f1f9698732326d137bfa98d066d32,e94dd479d0e8ce8c83a4318a18b97f0b,1945,0,2800,2387,855,2387
590f1f9698732326d137bfa98d066d32,29fe04073c4ae7535528d00ac79d3fe1,1912,0,2800,2889,888,2889
8df529947232f48d534058e86dd98c98,57f5ac9c98c818e194c048dfa6833afa,2091,510,2800,2408,709,1898
590f1f9698732326d137bfa98d066d32,cf8c5e18886f19b580bd7f931ac4c012,0,658,666,2548,666,1890
590f1f9698732326d137bfa98d066d32,b06feda7f565e184b19b0d8d56a24a08,0,0,680,2833,680,2833
038fb81d23c1df8547f2068fe6673b52,6e5a994463d53ca2fa45a7adaf4a92a8,0,225,854,2317,854,2092
038fb81d23c1df8547f2068fe6673b52,a703faefc5f4cc80e8ac13240d45194c,0,0,816,2619,816,2619
e0aaab57bd93ccdab76a225c6d085a63,9b7c5d88556e9b87a316b65d4e00914a,0,0,1975,2812,1975,2812
e0aaab57bd93ccdab76a225c6d085a63,735dcd81af62af9fc2b3e0dff76f2980,0,0,2012,2812,2012,2812
e0aaab57bd93ccdab76a225c6d085a63,c71dab373a3cb6bc9792ff20978ba562,78,0,2012,2812,1934,2812
038fb81d23c1df8547f2068fe6673b52,9a74ee17c8fb304f19312ccf6e49191d,1987,0,2800,3518,813,3518
8df529947232f48d534058e86dd98c98,df2d20460c66f431e9356db1bd7854c6,0,557,894,2665,894,2108
038fb81d23c1df8547f2068fe6673b52,dd213d4bef92cb3612041c92e338badc,2029,331,2800,2392,771,2061
e0aaab57bd93ccdab76a225c6d085a63,852cb4c8b9deb9ac15db2c88fb1a146a,0,0,2012,2812,2012,2812
dad5af54694ea981e4381967278ff9cf,993b92c603dd2040fbfadbb4fc5d15d7,2047,684,2800,3518,753,2834
b70d9719717dd5371661958d9ee0bfc3,e4e693085b947b26f8806058aacb204f,1920,760,2800,2693,880,1933
dad5af54694ea981e4381967278ff9cf,9db9ccb664e35f71f382f1dfe02eb91b,1957,0,2800,3518,843,3518
b70d9719717dd5371661958d9ee0bfc3,ca03f548db944ceb68d576a6801fae4e,0,724,897,2722,897,1998
dad5af54694ea981e4381967278ff9cf,097a98cca59a71b1c364537aee4f945a,0,841,777,2895,777,2054
dc8eca8e41cb72804147da33e91917bb,06a407691cadae64cea5de8e8634a4ac,0,0,1362,2812,1362,2812
d2f0c8bf45b57a7b16e4e040ffc17384,eaba512fd17baba291fb6d97e53b9b8e,0,0,810,2812,810,2812
dc8eca8e41cb72804147da33e91917bb,c7480df2a3e11ca4154ac955d356a5a8,824,145,2012,2562,1188,2417
b70d9719717dd5371661958d9ee0bfc3,8c301ba29c9118de28e45f851508025b,1780,0,2800,3518,1020,3518
dc8eca8e41cb72804147da33e91917bb,785cd499aced691ab0fbf3a2c1d0645e,789,0,2012,2697,1223,2697
dc8eca8e41cb72804147da33e91917bb,264d5e05c5774d9770eaf74c0483bd50,0,258,1226,2812,1226,2554
d2f0c8bf45b57a7b16e4e040ffc17384,1f7a8b19fbf2b9bb3c493b6fa87230e6,0,36,789,2812,789,2776
dad5af54694ea981e4381967278ff9cf,09f616de957cb44f4b9561579bdb229b,0,0,859,3518,859,3518
d2f0c8bf45b57a7b16e4e040ffc17384,daec3f2c79d00c32cb88db61c3ec80b2,1186,33,2012,1947,826,1914
d2f0c8bf45b57a7b16e4e040ffc17384,a6a28de3728324fa488a0ac23932b1a6,1151,0,2012,2812,861,2812
97ea3f036c95aaa51633693ebc6262a5,f830bfba0ddbc745cfb620bf8835d826,0,0,891,2409,891,2409
97ea3f036c95aaa51633693ebc6262a5,029da28f2aedba3d23732af505574262,0,378,870,2725,870,2347
97ea3f036c95aaa51633693ebc6262a5,ac4447f0fc321b4ed0eae7512b83a05d,1972,231,2800,3518,828,3287
ece4ed1f124af0508f7dc44e2e2153af,50ba83f91afd660ac4facead3c3ef8c0,1773,845,2702,3038,929,2193
ece4ed1f124af0508f7dc44e2e2153af,fc42ebdddf2f748a75bd3d311eca8744,0,0,944,2750,944,2750
ece4ed1f124af0508f7dc44e2e2153af,931b88d7eb6c71a8c02bf20bab4011d8,0,736,964,3007,964,2271
2dd124e836e28022aa0d0b740921f0d4,ef51f06a88f26902432638f2594c17f2,0,0,768,3080,768,3080
2dd124e836e28022aa0d0b740921f0d4,3668e6c2cf8ecae8562d7121d11fcc4d,2025,0,2800,3435,775,3435
dd6333df02b3131120f721d732b3e1ee,9e8efd5d79c5e66abee2aeb0b2360e9c,0,650,728,2519,728,1869
97ea3f036c95aaa51633693ebc6262a5,00f50221d853cc5f799359c2afe939e7,1913,0,2800,3518,887,3518
ece4ed1f124af0508f7dc44e2e2153af,5aed675693b8d536f28e9ac2a11eccb6,1735,0,2670,2941,935,2941
2dd124e836e28022aa0d0b740921f0d4,25d8558911db11b9ace36c881071a0c8,2067,637,2800,2494,733,1857
2dd124e836e28022aa0d0b740921f0d4,110eb25bf1201f9b0b5998f2e450332e,0,537,698,2582,698,2045
dd6333df02b3131120f721d732b3e1ee,3cf853c27cc192bcea8ee89b27eb70f2,1971,441,2800,2376,829,1935
404449456f1a2e61e3d0882012846fe5,4105a4e3c292dd466945068a43483446,1913,0,2800,3001,887,3001
404449456f1a2e61e3d0882012846fe5,7e0202d5f05c2bf03faed0a6c9db5ce3,0,485,771,2559,771,2074
e43509ab06c7a23037cd9a01d6cf62dc,272ace031e073ae3eaa3b20349544aeb,0,0,811,2812,811,2812
b70d9719717dd5371661958d9ee0bfc3,0c207dd2a3bf4314ddc255f25c00cb99,0,0,1013,3518,1013,3518
9b8472b9f6da58c71fc501d003650185,36551bf0c78991f11dc95fcf7ae91701,0,414,662,2106,662,1692
cfd416bbaa05554d007e1b596be037fc,650a342926f058daf6bb8675d92187a2,0,407,820,2704,820,2297
9b8472b9f6da58c71fc501d003650185,41541d832479cc8de740634e2c239581,0,0,795,2390,795,2390
cfd416bbaa05554d007e1b596be037fc,f6a2e63bb557f8976a0bd893c77df44c,0,0,857,3468,857,3468
5c288acfd3f2cd75d94a842d6c652b3f,6d23fb51f35f6a7824a1afd3153f50e3,1327,0,2012,2703,685,2703
e43509ab06c7a23037cd9a01d6cf62dc,875b288df4c25227441b436b61f6bd61,1124,0,2012,2381,888,2381
e43509ab06c7a23037cd9a01d6cf62dc,83e938826f5fb0e59bf2c0fe9d9ffe2b,0,523,645,2396,645,1873
dd6333df02b3131120f721d732b3e1ee,54aaa4056ae423929bd0100ccfaa86f3,1792,0,2800,3197,1008,3197
dd6333df02b3131120f721d732b3e1ee,bad7f3502dbbe04dccafa396afe08f49,0,0,881,2832,881,2832
404449456f1a2e61e3d0882012846fe5,fa514277b6e678522e239416f7ab7e26,0,0,864,2749,864,2749
9b8472b9f6da58c71fc501d003650185,f905798c187a7edbcf8cb8c12bc35362,1326,0,2012,2695,686,2695
ee9bf31cd82be0b553803beb7f7bf687,e6fa18d9685f67e47e9abd1edf97d8fe,0,658,953,2518,953,1860
5c288acfd3f2cd75d94a842d6c652b3f,84ec33dfc8f8013fd94dbe9def8034b0,1297,406,2012,2331,715,1925
5c288acfd3f2cd75d94a842d6c652b3f,42d430d5e8c3b91526b3be3415b13338,0,0,722,2399,722,2399
404449456f1a2e61e3d0882012846fe5,70e4986c3d4bd4206b04818435dee4aa,1964,532,2800,2674,836,2142
cfd416bbaa05554d007e1b596be037fc,2a88e1f135f5c60fa4fa43b56f17e071,1909,0,2800,3258,891,3258
9b8472b9f6da58c71fc501d003650185,45fa67f4e335818a45eafb867ae7a44e,1264,249,2012,2190,748,1941
e43509ab06c7a23037cd9a01d6cf62dc,4b9ad8fa566aefeaa0c5741fa3b7df2b,1149,445,2012,2374,863,1929
5c288acfd3f2cd75d94a842d6c652b3f,778615323ad180655cfadf674f081057,0,351,746,2267,746,1916
348e6a713ff5671572c4d186f36470b1,208d92870e17fbdbab9a0a9e0440078c,0,0,1046,3518,1046,3518
cfd416bbaa05554d007e1b596be037fc,5972cbfe4c8c4e869993ee6290597550,1989,157,2800,2308,811,2151
ee9bf31cd82be0b553803beb7f7bf687,1e083bff1f7c4ac1df6719dffe6d7087,1930,0,2800,2404,870,2404
348e6a713ff5671572c4d186f36470b1,4864233ee4c22bb5bae40103c8578c17,0,525,952,2796,952,2271
ee9bf31cd82be0b553803beb7f7bf687,e71457fb3cf5896c1175c9709e547958,1856,641,2800,2379,944,1738
ee9bf31cd82be0b553803beb7f7bf687,5aa69142a25db806facbebc4c9f73187,0,0,840,2489,840,2489
348e6a713ff5671572c4d186f36470b1,ed8a3b8d609c1d8adff4bff72eb832d3,1885,622,2800,2880,915,2258
34e61525cdf4e3590afabd214164547a,5fdf0b41752d8b15dfd523053858da2e,1797,571,2800,2560,1003,1989
348e6a713ff5671572c4d186f36470b1,99be1257b663c95c91977892bb9e31cb,1892,0,2800,2764,908,2764
45e0c884d628068f044d23d46ddd28e6,cbc3e00540b31a99c1d5b75c1c964bc6,0,290,1183,2726,1183,2436
34e61525cdf4e3590afabd214164547a,7566b5ed3d6f28697ec46fcc488ad5a7,0,0,1042,2588,1042,2588
34e61525cdf4e3590afabd214164547a,9f871b81c65586dfb0f28f8c2431e4ad,0,611,1002,2569,1002,1958
45e0c884d628068f044d23d46ddd28e6,a5d0f325307ac37c00a1ddcfa1bd587a,1685,0,2800,2777,1115,2777
45e0c884d628068f044d23d46ddd28e6,dde1598c2908f5ffd0636b92e6153548,1697,0,2800,2970,1103,2970
4df0ceb4b0c5a4cd1b2373d75ad4b4a1,ed94073776ea3edf7807d0568a149177,0,398,1096,2476,1096,2078
34e61525cdf4e3590afabd214164547a,af72a8d27de519be26f82dc872eb4de0,1851,0,2800,2855,949,2855
45e0c884d628068f044d23d46ddd28e6,2c5857b3e20f9d0430e2c6e7da4d1b6d,0,0,1188,2994,1188,2994
4df0ceb4b0c5a4cd1b2373d75ad4b4a1,b164b7eeefde0292591000e606398a7b,0,0,1168,2601,1168,2601
4df0ceb4b0c5a4cd1b2373d75ad4b4a1,f40d23b8d76a9285677b959f1d319c56,1679,636,2800,2641,1121,2005
4df0ceb4b0c5a4cd1b2373d75ad4b4a1,f4839e0914b6ad727dac55d2fc2c1c00,1660,0,2800,2478,1140,2478
3688274c21146beb60227995cbf50b58,a9d64908722724437aeee51913d3e7f7,0,694,841,2697,841,2003
3688274c21146beb60227995cbf50b58,c40155d824971946e652609148969f79,1791,0,2800,2590,1009,2590
00568c6b2c47f99e0156c9bca84c3963,24c8e38d17b5d767df6670d1b2ce66f5,2179,61,2800,2271,621,2210
00568c6b2c47f99e0156c9bca84c3963,8fbe4dea1272837bade6b99711f25451,1404,0,2800,3320,1396,3320
3688274c21146beb60227995cbf50b58,f9d1e7a5e868e2299a6ee23a8ffe0540,0,0,987,3518,987,3518
3688274c21146beb60227995cbf50b58,756f18ca512ddb0357db63e79250c956,1991,204,2800,2197,809,1993
00568c6b2c47f99e0156c9bca84c3963,20ff52d0631b27a5387abcd5920b3e5d,0,0,1303,3237,1303,3237
8a4861278c9d04cb25fb44847ef30032,7eb0154b16073ad523b7bbbfeb3ca8e6,0,345,722,2214,722,1869
64c21dcd6a0c98520d99f8bde9b998cd,2f41e3ba43ee1857109ff83995d14d17,918,45,2012,2812,1094,2767
64c21dcd6a0c98520d99f8bde9b998cd,72f3df43b121f0e7772c2bea2fc9709f,960,0,2012,2770,1052,2770
00568c6b2c47f99e0156c9bca84c3963,8bbd63e7de0f6e7c5ab0b6f3db2abb26,0,135,660,2457,660,2322
64c21dcd6a0c98520d99f8bde9b998cd,4858f4e16e151582874f23785a30482d,0,24,1050,2812,1050,2788
8a4861278c9d04cb25fb44847ef30032,eabea0fb843e7ff523563f681a6bdc5b,1276,0,2012,2553,736,2553
64c21dcd6a0c98520d99f8bde9b998cd,6db5ef0969de3b6fa27431e5bbe12da5,0,0,940,2781,940,2781
8a4861278c9d04cb25fb44847ef30032,9af741b42e6c5eee7d60dca5fc1edf07,0,0,761,2653,761,2653
5d35937beb1264dec043e8e89c7fdd38,bfb11c75110cc28599a700d154a75c9b,1992,486,2800,3518,808,3032
5d35937beb1264dec043e8e89c7fdd38,6159e44600c5425e7ec11103ea1d1bdf,0,586,809,2653,809,2067
5d35937beb1264dec043e8e89c7fdd38,3b2a6fb7039b136e59956886ff55c535,0,0,977,3518,977,3518
5d35937beb1264dec043e8e89c7fdd38,056db1f07a4a40ca2652ac37987f482f,1848,0,2800,2606,952,2606
05783bf55ed93d5ec21d4e0e8546a5f0,33c879da2e98038ea6b777994ef96f69,0,286,1051,2762,1051,2476
05783bf55ed93d5ec21d4e0e8546a5f0,102e26a8693636e10081f39f2724420e,0,0,1020,2859,1020,2859
05783bf55ed93d5ec21d4e0e8546a5f0,fb293ffd23e7f36037c77a43e9ffdf08,1670,0,2800,2880,1130,2880
44a229141467a98d727eb1bdda0b1123,adf2b5ddeb8b44917636bf92e77c8cb7,0,346,1161,3518,1161,3172
05783bf55ed93d5ec21d4e0e8546a5f0,f9c2fd2f75598e0d7c311687693c31a7,1643,78,2800,2720,1157,2642
44a229141467a98d727eb1bdda0b1123,b1bbe6305ebefba12db230160d3222f7,1659,391,2800,2714,1141,2323
8a4861278c9d04cb25fb44847ef30032,c9d474f83d81da0f1eab26c7e1f1674d,1300,258,2012,2206,712,1948
44a229141467a98d727eb1bdda0b1123,3063104074c2aa4f5f2b31c7fd2a2040,0,0,1191,3449,1191,3449
44a229141467a98d727eb1bdda0b1123,d2d82aedaf2ccb935a7f74d43d605ca7,1660,0,2800,3049,1140,3049
a2061df3ad6cb3322c4e8bc76b6decef,fc99a9e7b150538e1d524ab5350be201,0,0,1351,2628,1351,2628
a2061df3ad6cb3322c4e8bc76b6decef,22aef0bc47af5c5e8c112e43aaeb5ae3,814,0,2012,2446,1198,2446
a2061df3ad6cb3322c4e8bc76b6decef,5fe1c5b7f41ef153de200f40615de46f,0,0,1243,2770,1243,2770
a2061df3ad6cb3322c4e8bc76b6decef,dfb2b2a0bc0af85c769a1f0237367465,843,0,2012,2812,1169,2812
ac9c7fe1cdf2463011d62ce80beb990d,c459c304568333117ac6d017ea757497,1867,339,2800,2327,933,1988
ac9c7fe1cdf2463011d62ce80beb990d,c16675975a3dd51a1c5f6233ef3481d8,1824,0,2800,3491,976,3491
ac9c7fe1cdf2463011d62ce80beb990d,6401cad8a51f7b50a30fc867fdd756dd,0,0,994,2634,994,2634
ac9c7fe1cdf2463011d62ce80beb990d,c58d1eb180e19b21cddf1d68875cccc7,0,559,926,2556,926,1997
7f89fbc5ccc449325916d430add2e332,c95d228dfa870dc49cf296b392ca5635,1999,617,2800,3516,801,2899
7f89fbc5ccc449325916d430add2e332,3b9c6653fbb3f91bccccabc64116b4b5,0,452,820,2465,820,2013
c02e533d22d59bfca2459cf709559142,29bee71f0d75323ef834deb41c5cf1b9,0,0,822,2820,822,2820
7f89fbc5ccc449325916d430add2e332,6c9b51e7ae3c346eef960c23d4e3e522,1938,0,2800,2615,862,2615
c02e533d22d59bfca2459cf709559142,132055782f129b6e0db28dfc4c73027b,1960,0,2800,3518,840,3518
c02e533d22d59bfca2459cf709559142,ee7070075bf4bf34fb93827ec3a8996a,2082,0,2800,2370,718,2370
0f1a7b0d4efecb388a4b98ae5e2d5c29,234ba4da7ace03bc686fe17b05bd1aef,0,467,1023,2812,1023,2345
c02e533d22d59bfca2459cf709559142,b3d3d0ef34744f55f977e5a8b5c4bbcd,0,588,743,2544,743,1956
0f1a7b0d4efecb388a4b98ae5e2d5c29,0f37159abdcef6a062e404df47e8f1ac,1161,474,2012,2634,851,2160
0f1a7b0d4efecb388a4b98ae5e2d5c29,467ec6ad950bb90b6f797d52ac3ab843,1014,0,2012,2699,998,2699
0f1a7b0d4efecb388a4b98ae5e2d5c29,a6a529cb2a0bbea957751b7b9d37e230,0,0,1023,2812,1023,2812
7f89fbc5ccc449325916d430add2e332,971ba071fd81a63f8e63e81de9cb2ca7,0,0,838,2534,838,2534
33ba87f3cb50eecd488780ded80c964b,ddcd9eebcb5da0f4593b3e6f2b30e40e,1906,474,2638,2634,732,2160
4c3a106b29ca08c4aaaff7cc82d60af9,f14c948b0ed2524155059de688bbbde2,1083,0,2012,2380,929,2380
33ba87f3cb50eecd488780ded80c964b,a031a28ffc9cf473429a7f8149a2ff21,0,374,955,2681,955,2307
33ba87f3cb50eecd488780ded80c964b,5301f069fb0686e8c84bc82fe2a9d314,0,0,1170,3458,1170,3458
4c3a106b29ca08c4aaaff7cc82d60af9,b6fe89c4699f71a003bd246f8a5bc1e5,0,0,772,2812,772,2812
2d2bb6d7e02db98049f2f598bb8c889c,56474fcca4e16fe650128f15a4dd0835,826,0,2012,2738,1186,2738
4c3a106b29ca08c4aaaff7cc82d60af9,be1f927427ab732011ae07cfdd85d952,1039,0,2012,2812,973,2812
4c3a106b29ca08c4aaaff7cc82d60af9,4ff2d6aa4dcc2f1ecd20de3233b93076,0,0,839,2078,839,2078
2d2bb6d7e02db98049f2f598bb8c889c,db027e3a4df4857b0e389aa3663c7bae,0,0,1280,2603,1280,2603
33ba87f3cb50eecd488780ded80c964b,1b10a9deeed1dbb8b4ce44b1bd12d646,1533,0,2654,3580,1121,3580
2d2bb6d7e02db98049f2f598bb8c889c,e07cf8ec5f1048ca51adfedb641aae47,0,0,1203,2094,1203,2094
2d2bb6d7e02db98049f2f598bb8c889c,afd0356d4d6d067e19788f47a73845db,815,0,2012,2757,1197,2757
b162ddc58f62f102ecce682da71d4bca,1880d731e8ab8cc4baac9d39efa35f77,0,675,810,2972,810,2297
b162ddc58f62f102ecce682da71d4bca,251bfdf3398fdc2955d05c4a4ba38901,1958,0,2800,3518,842,3518
a213069e2e4095ee10b88cce715ca0e1,f87524fca9c5f65a4031a5d05e721ba9,1998,0,2800,3476,802,3476
b162ddc58f62f102ecce682da71d4bca,84f613bba45fe570d7461fdaa1e42d13,0,0,890,3360,890,3360
a213069e2e4095ee10b88cce715ca0e1,d9450321bd1b437eca076fc11ad443c0,2041,317,2800,2479,759,2162
a213069e2e4095ee10b88cce715ca0e1,43e0f882d99bdbe8901210e909018dda,0,0,773,2797,773,2797
2d8d39b8b1de7d9701b4e2d024395fb5,cd8caf60d75b891d21fd9fd46fa2ddb4,0,317,1088,2847,1088,2530
a213069e2e4095ee10b88cce715ca0e1,623b926295545762a37cd1f315abc364,0,0,834,3148,834,3148
2d8d39b8b1de7d9701b4e2d024395fb5,b3a2bac74a2be40daf841e03ea4b7bb4,1678,124,2800,2724,1122,2600
2d8d39b8b1de7d9701b4e2d024395fb5,3327a7c521ffe34273acceeaf3921c76,1545,0,2800,2795,1255,2795
d101ecbe883dcfadae08720d3742ee34,ede7f778968a6ea5c92cf09b851c5df1,1035,0,2012,2251,977,2251
2d8d39b8b1de7d9701b4e2d024395fb5,bb267c2c486774c60b6266e414ea80f2,0,0,1195,2743,1195,2743
d101ecbe883dcfadae08720d3742ee34,008c66563c73b2f5b8e42915b2cd6af5,0,154,1018,2523,1018,2369
d101ecbe883dcfadae08720d3742ee34,2b5cec9cad04a6c5eaf1cd2ec2e7a6f2,0,0,1178,2812,1178,2812
d101ecbe883dcfadae08720d3742ee34,e3848475f00f1a313c769f34b528feae,961,0,2012,2812,1051,2812
b162ddc58f62f102ecce682da71d4bca,45caec368390f6db2d8535e6348b4867,2046,320,2800,2655,754,2335
51cd52d6df06c6c004965aa3fa7157a8,78dd42cea77571faa12dd9c11a5bd67d,2061,659,2800,2853,739,2194
51cd52d6df06c6c004965aa3fa7157a8,c5299116ddd74e679bbbfe59df7d9f91,2034,0,2800,3518,766,3518
51cd52d6df06c6c004965aa3fa7157a8,1369c052ee3d713c0b5258920d0bccd0,0,382,773,3316,773,2934
51cd52d6df06c6c004965aa3fa7157a8,e9a772495692cf0d9ca09e8f5eea3453,0,0,768,3248,768,3248
eadc3427b99fb402d431ecadf1e05147,48da127b03edc43219d18300c2afba1b,1849,154,2800,2571,951,2417
eadc3427b99fb402d431ecadf1e05147,4c773d12e5858af965554ed4c52e3588,1719,0,2800,3124,1081,3124
eadc3427b99fb402d431ecadf1e05147,52cf5cffd9c342dc338b94a1e2cf4e18,0,0,1105,2951,1105,2951
5c813ad7f9d8d779e7ca201ec01bab1e,04c1f8a8895d770a516f43d38bdf91d9,0,369,986,2588,986,2219
eadc3427b99fb402d431ecadf1e05147,1b4045fc52bcbf547b4f8874e851858e,0,321,1038,2869,1038,2548
5c813ad7f9d8d779e7ca201ec01bab1e,72255f6485b27854f605d467e2fe5bbd,1870,0,2800,2712,930,2712
5c813ad7f9d8d779e7ca201ec01bab1e,eb8a40e5d82959816dc384db74a7dec6,1778,407,2800,2429,1022,2022
043febde473009753d404fe89a41c395,3e97b77c1736218890e5c1f3d01fbc0a,1831,880,2800,2874,969,1994
043febde473009753d404fe89a41c395,524a56f4f27c93eac38afa9518ac4d60,0,561,969,2645,969,2084
5c813ad7f9d8d779e7ca201ec01bab1e,720a4e211149461d5dd7c577e43a1bea,0,0,968,2693,968,2693
43da538c512859f055deb67d02facf16,f4ba658d56e0d50cb0093fa1052e1972,983,0,2012,2812,1029,2812
043febde473009753d404fe89a41c395,ed1c6cee9208396f48175be35d639aba,0,0,866,2501,866,2501
43da538c512859f055deb67d02facf16,e395bd1eb8503ac606dcb7472f374c73,1070,0,2012,2156,942,2156
043febde473009753d404fe89a41c395,731528a65758e296a8ece3f75c177f25,1998,0,2800,2429,802,2429
43da538c512859f055deb67d02facf16,e6a850263f8c2f387b69eac13079e3ea,0,241,905,2812,905,2571
43da538c512859f055deb67d02facf16,05949394c11e70511c86aa3247673076,0,0,996,2812,996,2812
4f113acfcdc2c90fc2125dfc434cc03b,b232153fd8f50c064c15bfaaa8f0e646,1219,531,2012,2526,793,1995
4f113acfcdc2c90fc2125dfc434cc03b,6956e17a4f9cacfed4d6ffd62b07b7cb,1240,0,2012,2182,772,2182
4f113acfcdc2c90fc2125dfc434cc03b,ef0a8292abf3b743867c2c21914d11c1,0,0,688,2267,688,2267
8cec900cc1c65497a4a8b8a02ed0a38d,70767325c10729e871e51810e9555b26,0,0,1520,2812,1520,2812
8cec900cc1c65497a4a8b8a02ed0a38d,b6d1580ee04f269caeafbe56d9d8a4c9,728,60,2012,2568,1284,2508
8cec900cc1c65497a4a8b8a02ed0a38d,e6d199b1d117d6a64c3252df344a7334,0,154,1369,2812,1369,2658
00bed569a272c750cf03b561886a1489,301b80e57a43396e83531adc55d7a915,0,0,769,2734,769,2734
00bed569a272c750cf03b561886a1489,cf71975732419786732a6c0f9c106868,0,622,733,2624,733,2002
00bed569a272c750cf03b561886a1489,e1e3a1b05f653d079456944ac00a8167,2078,694,2800,2664,722,1970
9dbf7c0d4505be38a64dcb2cff21a500,5c9bf5e3e4c340c9da4c71564c57db66,0,148,1196,2796,1196,2648
00bed569a272c750cf03b561886a1489,e62a7565b193d358dbd6986e918e4a15,2070,0,2800,3432,730,3432
9dbf7c0d4505be38a64dcb2cff21a500,4c8432c99142aa08dc838ee39dde7a93,700,0,2012,2812,1312,2812
9dbf7c0d4505be38a64dcb2cff21a500,1fa2a3166ae95a7da5d886d3c2d374d7,678,0,2012,2812,1334,2812
9dbf7c0d4505be38a64dcb2cff21a500,de68c9d733230712d051558c2f5166ac,0,0,1172,2812,1172,2812
4f113acfcdc2c90fc2125dfc434cc03b,f93e2cedca57308487222d1ef194235d,0,488,780,2389,780,1901
ecc3f2a3346fa4f4a874fd358151609f,8b05ce64c9ada69669e5d480dec36639,1965,688,2800,3518,835,2830
ecc3f2a3346fa4f4a874fd358151609f,ba60a82b91fafb4ae8ecfc541ddae3ab,0,0,817,2523,817,2523
ecc3f2a3346fa4f4a874fd358151609f,0808f5d9438b72818a73918b318d515c,0,559,928,2713,928,2154
ecc3f2a3346fa4f4a874fd358151609f,f854953c09bd568cb2d072f21367ce76,1999,0,2800,2797,801,2797
6829f8b3a46afe4f357839fa1b95767c,8e5463df4f7e1a623f391226a3bb5506,0,0,1210,3518,1210,3518
6829f8b3a46afe4f357839fa1b95767c,0d58bd74afe3d7c27f81624924881193,1725,0,2800,3518,1075,3518
6829f8b3a46afe4f357839fa1b95767c,20986285d7ef3eab9f5061eb7745a569,0,747,975,2981,975,2234
8cec900cc1c65497a4a8b8a02ed0a38d,1859ede70578b39ecc33a4afcf4ca318,506,0,2012,2812,1506,2812
6829f8b3a46afe4f357839fa1b95767c,2dee81e2559866b337a967100159203a,1837,685,2800,2927,963,2242
4fac43eef89b663fe00d92f98a5e04ba,3ad63da0695a1cff4b5fbf94bb2df189,0,0,1117,2983,1117,2983
4fac43eef89b663fe00d92f98a5e04ba,9fb48f766e3a37f305fc44e0b96a08f6,1970,216,2800,2597,830,2381
4fac43eef89b663fe00d92f98a5e04ba,4810dad57b94dc5a9558301feee0e5c2,1940,0,2800,2924,860,2924
4fac43eef89b663fe00d92f98a5e04ba,6532e7cf003fb2df7f75be26bf731ef2,0,240,834,3314,834,3074
3a23b31ced7b7884c648fcfb3a9b9007,f949069462c2146a045b3e2bb74461c1,1912,494,2800,2883,888,2389
3a23b31ced7b7884c648fcfb3a9b9007,d40db74a9d11345aa2b8135da49f14fe,0,821,952,3518,952,2697
3a23b31ced7b7884c648fcfb3a9b9007,a5085fad039cb7ca3ad377bce54805cd,1830,0,2800,2678,970,2678
3a23b31ced7b7884c648fcfb3a9b9007,65070153fa82247ad9b66cc8517fc023,0,0,1016,2885,1016,2885
06284d1f365f395961c5e4f4ecc96ccb,1df5028b40895b309f57d7f99ab3ad86,0,1036,647,2763,647,1727
06284d1f365f395961c5e4f4ecc96ccb,a22aca664f7c5b0d803095ec1d490924,0,0,725,3518,725,3518
06284d1f365f395961c5e4f4ecc96ccb,7b825ab15790b20809c4118da64e408f,2124,735,2800,2472,676,1737
774d8e1da335ce79ba82aa0233d165a1,daa03fb7e59775543abbcbbf6b8516bb,1247,313,2012,2407,765,2094
4bb09822907f62cd3a65200c517a0f7c,2143dff41653aa1fff316093aff22407,0,374,1147,2633,1147,2259
774d8e1da335ce79ba82aa0233d165a1,6ef485356ff1cf869e55d0d84a3e1009,0,576,721,2607,721,2031
774d8e1da335ce79ba82aa0233d165a1,fc8c2522f6896d3f7b9dd6d52673ab44,1047,0,2012,2812,965,2812
4bb09822907f62cd3a65200c517a0f7c,a873eb0e90a1f1fedefe0ad7e794a426,0,0,1250,2812,1250,2812
774d8e1da335ce79ba82aa0233d165a1,17704cbe8466ffe1cecc591f8443a5a7,0,0,826,2812,826,2812
06284d1f365f395961c5e4f4ecc96ccb,26f98c25d1582810a7e747f9bfb23ef9,2084,0,2800,2960,716,2960
4bb09822907f62cd3a65200c517a0f7c,368e614f3f2e7b443138b3e972cb6138,814,95,2012,2447,1198,2352
4bb09822907f62cd3a65200c517a0f7c,6f9d15fefb779068e06895f4188a01ee,806,0,2012,2812,1206,2812
1ab36df5cdf01917554e59e448b5f7bb,54deee1539077c92e829a2c404d4ddc8,0,497,862,3518,862,3021
1ab36df5cdf01917554e59e448b5f7bb,bb75c51f3f3a4ea17afd16036f80c2b5,2009,0,2800,2360,791,2360
1ab36df5cdf01917554e59e448b5f7bb,60b303f25e253a576e5fafee9cf2840d,1836,495,2800,2624,964,2129
1ab36df5cdf01917554e59e448b5f7bb,d4c5966e42e88f5cb8faac77a0d1aac1,0,0,924,3518,924,3518
cceccf35004c6032e9755f843e374adc,b755ced71d50184fabdfad246baa97c7,0,389,1143,3518,1143,3129
cceccf35004c6032e9755f843e374adc,f8590c28a55b18923d51d76e667786b4,0,0,1173,3087,1173,3087
cceccf35004c6032e9755f843e374adc,10deef22b9a3691fb8a9431ef6aa60d4,1682,739,2800,3518,1118,2779
cceccf35004c6032e9755f843e374adc,79e215ac27b754e4399468aa72e0477c,1625,0,2800,3344,1175,3344
840a2797a18347d1917cfa2872be1460,a43ee63a12b208e10ccc92eaaf330ab9,0,638,858,2667,858,2029
840a2797a18347d1917cfa2872be1460,aef03916de63955e9491414ef63c7b9e,0,0,766,3518,766,3518
840a2797a18347d1917cfa2872be1460,fe1a8edbe67786efa9af50d7cca7ec1e,2016,700,2800,2643,784,1943
4bd6ad56e19c08d4f4ce852f5d906127,54a14832330d71b97bc502fe33b96675,0,0,1232,3074,1232,3074
4bd6ad56e19c08d4f4ce852f5d906127,91879907e840e7ec8afec5246de11d5d,0,0,1202,2931,1202,2931
840a2797a18347d1917cfa2872be1460,5616df46d2800ce75484fd5dca070382,2066,0,2800,2334,734,2334
4bd6ad56e19c08d4f4ce852f5d906127,ba9cf80dea491eb9f25ef7e8eead6051,1463,0,2800,3518,1337,3518
904e50c8a3eb19bfeef477a14a3af4d1,5df5232df57700374a23647a8338f06f,1566,0,2800,3518,1234,3518
904e50c8a3eb19bfeef477a14a3af4d1,ab2cd3a29b309db9c5564fc158100f97,1702,501,2800,2714,1098,2213
4bd6ad56e19c08d4f4ce852f5d906127,5c01100e2b0b545c4c6c9ea567c8083f,1587,0,2800,2765,1213,2765
b089760114058e5ac9321f169ef3ede1,237deb6f0a4e6a667630e8bae6d5a2c4,0,486,905,2711,905,2225
b089760114058e5ac9321f169ef3ede1,c0555bb7c39cfc91c5b842d6d042ae20,1800,0,2800,3358,1000,3358
b089760114058e5ac9321f169ef3ede1,ac77c099bc7d80d85498003b62f8999c,0,0,1032,3518,1032,3518
a1de91d5b2ca0187958a9bbc3e16564e,d3b8b69b1f25d24045bba172183bb9f6,1824,0,2800,2242,976,2242
a1de91d5b2ca0187958a9bbc3e16564e,a01155696def41662d51be79ce1dbaa5,1904,156,2800,2830,896,2674
b089760114058e5ac9321f169ef3ede1,c814fdec7bdacd20710b39b276e24080,1891,676,2800,2881,909,2205
4de06385bb360b735799cff7e82ee7b5,54d217110c9e44285f806477a883889a,2075,376,2800,2457,725,2081
a1de91d5b2ca0187958a9bbc3e16564e,5a2d11ac5a4ffc7c48ebbab446b892a5,0,593,922,2674,922,2081
4de06385bb360b735799cff7e82ee7b5,fa7f5a6ebc2c72ce88907bc034590c88,0,833,681,2628,681,1795
a1de91d5b2ca0187958a9bbc3e16564e,575b8b3274f3f9ecde172492f81bcc82,0,0,994,2150,994,2150
4de06385bb360b735799cff7e82ee7b5,6aea4fa818d0eaef04c7374c1b71ccf1,0,0,710,2480,710,2480
904e50c8a3eb19bfeef477a14a3af4d1,540c81d391a967461caba680ac1859ba,0,250,1109,2853,1109,2603
bc98719ce66ae28c0fef83a0b0868efd,99da98beea0a921fe7763079635a2a3e,1983,0,2800,2045,817,2045
4de06385bb360b735799cff7e82ee7b5,e04764eb681e99073cb0b025064e9d93,2010,0,2800,2315,790,2315
bc98719ce66ae28c0fef83a0b0868efd,01a337a58b554dfaf7da0b5c2b48d563,1983,568,2800,2366,817,1798
a82a226790cae18072e233108d9a44c0,e4bdc76e95fd845c04493fd3a4c20153,0,601,727,2833,727,2232
bc98719ce66ae28c0fef83a0b0868efd,e17ce48b90cc60b4e02e53bab787d972,0,0,914,2301,914,2301
a82a226790cae18072e233108d9a44c0,9946f0ce9c28732489a5e1bc62a5c39b,1994,376,2800,2891,806,2515
a82a226790cae18072e233108d9a44c0,4fb701c540a09700e5d9a7e1bcab5a17,1905,0,2800,3518,895,3518
a82a226790cae18072e233108d9a44c0,9a3bb329682a1cc1277e74d53ce160b8,0,0,865,3518,865,3518
94b8aa8d440fd53eeaba90c90fd7c5a8,7b9f21b3209f7462f0e2d0bea6f48b3a,977,0,2012,2285,1035,2285
94b8aa8d440fd53eeaba90c90fd7c5a8,940cdbed58cbb768ac6e4b3042bdfa5e,1061,0,2012,2290,951,2290
0649398d9f65ab43072c2a475964e872,fed20eeb0794018ef62a051d30a06765,0,593,927,3058,927,2465
bed0e28896d0590dbf0793c89be90286,69d6a9db5b7457b9bb3b52be5848322e,0,928,870,3035,870,2107
0649398d9f65ab43072c2a475964e872,1640441d5a278df98b6117cd7cd3d80c,0,0,1104,3580,1104,3580
94b8aa8d440fd53eeaba90c90fd7c5a8,94f923e59d18c6d39326ab4e7ffd5385,0,0,1029,2359,1029,2359
bed0e28896d0590dbf0793c89be90286,8c336c82d0e62fc6340718ddb5ec226e,1737,0,2800,2666,1063,2666
94b8aa8d440fd53eeaba90c90fd7c5a8,2ea60de7cfee26d3e15b44625600e02d,0,55,947,2290,947,2235
0649398d9f65ab43072c2a475964e872,10e0019ae8ce05748b47e9b02131de7f,1938,390,2812,2799,874,2409
0649398d9f65ab43072c2a475964e872,b50e0e1100d4f3fb389534cee03a2b03,1686,0,2812,3580,1126,3580
bed0e28896d0590dbf0793c89be90286,ef9b37ed1bcd2d0e4073cb9798a9f0af,0,0,951,2577,951,2577
bed0e28896d0590dbf0793c89be90286,1424ab0ce865ef26cba6f7aa2dd5d23c,1722,357,2800,2626,1078,2269
589ae6f0d944e41c9ef50e8bcf5686f7,d5edad56b415eaa6d6eaa10764952129,1973,668,2800,2668,827,2000
589ae6f0d944e41c9ef50e8bcf5686f7,8a167b64411bec02f5fecbaa93fcb45f,0,0,1104,3518,1104,3518
40fd171bb41c81180c7d1f1983d6c2fb,c7cd01b86896c2ec39d296a6123c497c,0,1116,796,3288,796,2172
589ae6f0d944e41c9ef50e8bcf5686f7,9452c424a55a536aff7da60156f4207c,0,487,979,2485,979,1998
589ae6f0d944e41c9ef50e8bcf5686f7,150cb5d7fd49a32058caaa51714e8cd0,1981,0,2800,2604,819,2604
40fd171bb41c81180c7d1f1983d6c2fb,282e3991652493cff28465ed8f29f03f,0,0,880,2824,880,2824
40fd171bb41c81180c7d1f1983d6c2fb,bf62934c9cb946d05b37ca6fa31c3651,2036,0,2800,3312,764,3312
904e50c8a3eb19bfeef477a14a3af4d1,4fb5f69c34ac6dc6853be5cc95ec6fa0,0,0,1142,2695,1142,2695
40fd171bb41c81180c7d1f1983d6c2fb,9ce14208660e0a576713f532e9867557,2065,834,2800,2940,735,2106
96694a8f2e1de3a616359a07bf1094e3,af959dd81a79ffb88ee3f0c169cac601,0,0,797,3518,797,3518
052c3d7c5c5cc8cf483f087f2c6d0bc6,295a8911c2eabf3c688275b0344b1798,0,0,777,2604,777,2604
052c3d7c5c5cc8cf483f087f2c6d0bc6,ac5fb700c1dea7813f4a05a340a1fd01,2107,689,2800,2419,693,1730
b7774f77b13e62a30efd5cb883101d0e,54f2d5001dbe1f9547106834d5018fb7,0,771,787,3518,787,2747
96694a8f2e1de3a616359a07bf1094e3,0fa704d1e03680a36f6a9286af49d164,2058,111,2800,2590,742,2479
bc98719ce66ae28c0fef83a0b0868efd,a016b3ba7b5bb24eac280f10696fc47f,0,667,880,2487,880,1820
052c3d7c5c5cc8cf483f087f2c6d0bc6,aa230965d3c9f022773ec003fb1e0b1a,2039,0,2800,2469,761,2469
99ecda2265c179a0526558616b9b0eed,858b37b39d6f16e0990da3c8257641d2,851,0,2012,2803,1161,2803
052c3d7c5c5cc8cf483f087f2c6d0bc6,a8614101e47063b1c3ca1e0dd1f67f15,0,778,703,2609,703,1831
99ecda2265c179a0526558616b9b0eed,e41b9c2385873aee0d38ad546811d921,0,0,1307,2812,1307,2812
b7774f77b13e62a30efd5cb883101d0e,44428ffe61e83972f0aea7aa0c924418,2117,803,2800,3518,683,2715
96694a8f2e1de3a616359a07bf1094e3,fbfbef9cdc66f2d45ee03b98fe688de1,1983,0,2800,2802,817,2802
99ecda2265c179a0526558616b9b0eed,49e72a2ec23062761b176067fc7e9b33,791,0,2012,2812,1221,2812
7ea6a774b610b746e7e4a97565586a19,89bb4568577b5b294c6840efaa39f9a0,0,0,1010,2334,1010,2334
b7774f77b13e62a30efd5cb883101d0e,49b27dfebe5e28bd15745432929d892d,0,0,929,3518,929,3518
7ea6a774b610b746e7e4a97565586a19,950fb3340343f8d078314a7b4a18c0a7,1104,213,2012,2512,908,2299
7ea6a774b610b746e7e4a97565586a19,84493ea4471ee488f7a49572f1545be8,957,0,2012,2812,1055,2812
7ea6a774b610b746e7e4a97565586a19,2d8ee939c544470b45655373125370b6,0,0,1081,2812,1081,2812
d243d541728e97838dfd65f61e35b7ec,b656b40b026b3880bcc6b6d4292daf99,0,350,1026,2504,1026,2154
b7774f77b13e62a30efd5cb883101d0e,aa7edc23dd8d186adaa340ad804c6b97,1913,0,2800,3518,887,3518
13b64b519f42ddfc1ca19be09d57eafe,7bdaf6a0ab507dbed7a400fa41b99823,0,0,893,2657,893,2657
96694a8f2e1de3a616359a07bf1094e3,b27c0c387a753342e65dac80b62d1ab5,0,501,764,2604,764,2103
99ecda2265c179a0526558616b9b0eed,9758dddd2e85ae3e6fddc059d74ca0cd,0,0,1073,2607,1073,2607
d243d541728e97838dfd65f61e35b7ec,d61290ce9b26e6cba73671077af162c5,1340,0,2800,3250,1460,3250
13b64b519f42ddfc1ca19be09d57eafe,f6a9ff6e506747d223ad26dc7003f959,1884,580,2800,2550,916,1970
d243d541728e97838dfd65f61e35b7ec,8082ccdf58669269bb6a0f5ae09e7c7a,0,0,1019,3258,1019,3258
afc8137fc9e22b95eeac28412a0bf392,1a6e450e527bb28af62fc598ce825b01,0,0,799,3510,799,3510
13b64b519f42ddfc1ca19be09d57eafe,35a27921d513a00f7a41052c023e519d,0,0,1021,2775,1021,2775
9bf9931f63250b35bb97d8baed771271,110196efc71e4d435a12f30e2596f9e9,1904,0,2800,2490,896,2490
afc8137fc9e22b95eeac28412a0bf392,a559cfaf0267ea942ced7c377e909f06,1988,0,2800,3518,812,3518
d243d541728e97838dfd65f61e35b7ec,894c5510c81887c239dbfdf85381d7f1,1784,288,2800,2434,1016,2146
13b64b519f42ddfc1ca19be09d57eafe,2f9b8dbd6797ad82b7a7c4e21f8b456e,1846,0,2800,3409,954,3409
afc8137fc9e22b95eeac28412a0bf392,f6ca7c3aa3d331a0934f29719bc8011e,0,686,782,2828,782,2142
c8a495687fe74f6aa477d0bfd2297b39,6adca78d11d4d9428994708232528c6f,906,84,2012,2812,1106,2728
9bf9931f63250b35bb97d8baed771271,984771255c60c37b2d854fb381e4f77d,0,0,957,2305,957,2305
ee8274cb63e7d48b7d06ecf2499ac107,5f7975b906bb03f846d92480765f98b9,0,0,1121,2678,1121,2678
c8a495687fe74f6aa477d0bfd2297b39,a9b834b525fb64f687e825181c8efb56,0,0,1203,2812,1203,2812
9bf9931f63250b35bb97d8baed771271,a1e7bcb3aa91c4e4f59ab8f5ca73a1da,0,584,1079,2576,1079,1992
c8a495687fe74f6aa477d0bfd2297b39,eb99fcd092210f5cfa3aa662c40e1f74,0,121,995,2812,995,2691
afc8137fc9e22b95eeac28412a0bf392,c55742972cb6e56bb698cb98f2757496,2055,760,2800,2758,745,1998
db2055ed07e728a1919b31c764e6936b,3c7d50966b05e9f46ef581beed3456f2,0,623,1101,2757,1101,2134
9bf9931f63250b35bb97d8baed771271,1fe5ce119e72a6a901f1687c4d30d11c,1740,597,2800,2552,1060,1955
2f098e597c8238c028b11c12672749a5,65660baa5fcb7946dd29d9a6e1a3dff2,1076,0,2012,2150,936,2150
ee8274cb63e7d48b7d06ecf2499ac107,2f798d9c28973f1e447fd784828e00fa,0,0,1092,2449,1092,2449
768b987505f27d96702cbf5c6320e87d,282b21e3189b995ede108815e740e644,0,533,782,2661,782,2128
ee8274cb63e7d48b7d06ecf2499ac107,a222b87dd7980fb7521288ad09454ff8,893,0,2012,2597,1119,2597
2f098e597c8238c028b11c12672749a5,a3aabd06a34a5157bbd3f6c422afc790,1114,0,2012,2274,898,2274
db2055ed07e728a1919b31c764e6936b,9b463de781761254b6743fbe772892d3,1767,345,2800,2475,1033,2130
2f098e597c8238c028b11c12672749a5,9aa0f22f1f87026f42f0210684aaf2d4,0,0,944,2590,944,2590
ee8274cb63e7d48b7d06ecf2499ac107,93fac95003fe6699646424334513ab0d,959,19,2012,2411,1053,2392
db2055ed07e728a1919b31c764e6936b,e0db87371dc0e667fe03029345b3d6b2,1723,0,2800,2469,1077,2469
768b987505f27d96702cbf5c6320e87d,85a60850d9746e9f739dd715b3b1b93e,0,0,965,3518,965,3518
768b987505f27d96702cbf5c6320e87d,ce4b676a746c699bdf57354809895a82,1881,0,2800,3518,919,3518
db2055ed07e728a1919b31c764e6936b,bf82d5a01772fa43aa1d78909598aba9,0,0,1011,2395,1011,2395
2f098e597c8238c028b11c12672749a5,166d87604d2ad20f5f32483258102177,0,20,898,2163,898,2143
c8a495687fe74f6aa477d0bfd2297b39,b51ce0e7f15ab537399c387560311f34,864,0,2012,2812,1148,2812
768b987505f27d96702cbf5c6320e87d,75900102a9b1649286fe526916e8ef0b,2061,511,2800,3518,739,3007
41ab6f089efb373901cf3b73e9002528,3b5c6eac548e15d0cf143c8d9e13efb1,0,601,756,2425,756,1824
41ab6f089efb373901cf3b73e9002528,47bca9ee32dc56cb40d9566c481e9588,2063,0,2800,3198,737,3198
41ab6f089efb373901cf3b73e9002528,1c48c120b17cc6f4ca448a373d62258a,0,0,680,2578,680,2578
41ab6f089efb373901cf3b73e9002528,2edb4c9de17ab51b39fd3475472aa22f,2035,601,2800,2408,765,1807
6e2cc4a304ec24fc0f8d469938a4a0ea,01fe2e2a6821e2809f73cec1dad3ebcc,0,254,987,2485,987,2231
6e2cc4a304ec24fc0f8d469938a4a0ea,e64c11b2a4377c7af35363f1335155b1,1863,635,2800,2661,937,2026
6e2cc4a304ec24fc0f8d469938a4a0ea,cb8c6a7bfeee7e32ffb8446f14d870c4,1785,0,2800,3113,1015,3113
6e2cc4a304ec24fc0f8d469938a4a0ea,4cb99726fe6fcdf8c790bdec201fe2f9,0,0,922,2693,922,2693
7f808bcd686ab371060def63a8a3ef72,c11405de6dc8ee61e5910ed4021a2c10,0,553,764,2612,764,2059
7f808bcd686ab371060def63a8a3ef72,35ed0a6e6a978f50676bf1d8ac3f5588,1949,0,2800,3284,851,3284
7f808bcd686ab371060def63a8a3ef72,9b452a8401620b256d7712c4f53a5898,0,0,850,3464,850,3464
4e74b9dc4c0e805103fd860c647d9033,7b6699cf6de8d4b17eeae64cfe0cf88e,1783,309,2800,3518,1017,3209
4e74b9dc4c0e805103fd860c647d9033,08eb0a7e44720acb4cbfc07005b78421,0,0,984,2728,984,2728
4e74b9dc4c0e805103fd860c647d9033,01429480e2f29ce823a77057e316a83d,0,0,992,3119,992,3119
bc805a3638fda3dea489b846d34896bd,a591de156ded7ca345f89f27116d7eb6,1877,444,2800,2677,923,2233
4e74b9dc4c0e805103fd860c647d9033,4ad973779cfeaaf200820ff3312f7533,1707,0,2800,3109,1093,3109
bc805a3638fda3dea489b846d34896bd,e57d4d90c0a68acdf0f9cc4b65604957,0,486,889,2720,889,2234
bc805a3638fda3dea489b846d34896bd,b2fe2d196da0463a68165daae5ee3536,0,0,973,3518,973,3518
4fe72aad970287a92a6fd9f0e71fadc0,7786b746f5f778aef710e5c94dc5bfb6,934,0,2012,2517,1078,2517
556b73cbdb9634e279a7ff4440ac1eb1,8967f245d2a447405b622536a8fefc20,0,0,984,3518,984,3518
556b73cbdb9634e279a7ff4440ac1eb1,255acf90bd070173914fab2e20e2424e,1832,19,2800,3152,968,3133
556b73cbdb9634e279a7ff4440ac1eb1,49dcd6f9cdc252faed2614b7c998e058,1711,0,2800,3518,1089,3518
4fe72aad970287a92a6fd9f0e71fadc0,64d5786d6bd7fe9a655fd86a9b311c79,0,718,1022,2812,1022,2094
4fe72aad970287a92a6fd9f0e71fadc0,f361e2cd13b7823b9e95bf358f34bd9a,0,0,1097,2600,1097,2600
4fe72aad970287a92a6fd9f0e71fadc0,3297bbe216f8d4bf62bd242b6f96d92e,938,268,2012,2339,1074,2071
556b73cbdb9634e279a7ff4440ac1eb1,2575eb3e42b58fbf18f55e5199c51758,0,420,1002,3028,1002,2608
7f808bcd686ab371060def63a8a3ef72,8d27063481a7a419666733593deec2fd,2219,596,2800,2556,581,1960
d75517e79a33fc99034815b668e2ebf2,b9edd63cd25636159fac467261a72807,0,796,920,2753,920,1957
d75517e79a33fc99034815b668e2ebf2,ba8d538448dcc7cb5c39cb0aba89459b,1783,0,2800,2763,1017,2763
d75517e79a33fc99034815b668e2ebf2,48f7d02b1472f341fdc5a3ba6c1c70d0,1902,471,2800,2450,898,1979
d75517e79a33fc99034815b668e2ebf2,156382148d19a86c5f30ac847608403a,0,0,962,3301,962,3301
fe43904ff8a633fecd298043a6fca649,678e95fb54fc5379631ece8e19b3ab0c,0,852,660,2888,660,2036
fe43904ff8a633fecd298043a6fca649,d1a74ecc088aef1fcf89cde3039aeb0c,2147,0,2766,2794,619,2794
fe43904ff8a633fecd298043a6fca649,091c9986aa84951782e2a76d18e1626e,0,0,860,2910,860,2910
33725df413a9bb502b3cad30f15a891f,32cf59e34b8deae10376c9816d507d00,1699,306,2800,2588,1101,2282
33725df413a9bb502b3cad30f15a891f,aaf4e15fbd9c78fb5ff8e223e01a10d5,0,572,1157,2965,1157,2393
bc805a3638fda3dea489b846d34896bd,8674e159541c984fbe6d36abb8e6439e,1815,0,2800,3518,985,3518
91c8a52355cb0345b488e7c0f5936b46,34e3b1afc20f9a257a1c018ccf91fb00,1936,847,2718,2745,782,1898
33725df413a9bb502b3cad30f15a891f,ff47efedb723d193ea9979f01115b759,1663,0,2800,3518,1137,3518
33725df413a9bb502b3cad30f15a891f,0ee6e5304cb68ec07a1122828fb2f0bf,0,0,1161,3518,1161,3518
91c8a52355cb0345b488e7c0f5936b46,68a12e062fcb1c4e3ed3cd68c318a832,0,746,784,2763,784,2017
91c8a52355cb0345b488e7c0f5936b46,c3515d241863e12a740095c2ec609a29,1879,0,2724,3580,845,3580
14cae76f3f05638cbedf9b1c6955958d,d9ec6dec926a686adc5928f770fc8b59,0,0,797,2561,797,2561
14cae76f3f05638cbedf9b1c6955958d,a178c396add3bed7c77689d9f8538bfe,1966,44,2800,2247,834,2203
91c8a52355cb0345b488e7c0f5936b46,289c01d2749c5a075e50f11129d97f2c,0,0,761,3580,761,3580
5fdaeb19d4e3dd7c257ec4c47f1a3be3,6792c5d443b1a0f2099f6e1a8c963553,0,802,864,2804,864,2002
14cae76f3f05638cbedf9b1c6955958d,74918520f3030207504cf520ab63c9a9,0,670,747,2768,747,2098
14cae76f3f05638cbedf9b1c6955958d,ab40b3c9e420e865fa5876bd1fdc803d,1904,0,2800,2566,896,2566
fe43904ff8a633fecd298043a6fca649,d453214d5011214293b57c9cc84f0cb5,2116,578,2706,2429,590,1851
5fdaeb19d4e3dd7c257ec4c47f1a3be3,9a7354b2d869acb423ac2aadf933f247,1964,616,2800,2599,836,1983
6a3fd519d2580282e9896aa474557481,472535aeda018065e14b22397837e36e,1605,442,2800,2708,1195,2266
32517d6bd246e5ec692c0b2935b2891a,c63c442ceb6362f6c207e7e218378a39,1940,0,2800,3518,860,3518
5fdaeb19d4e3dd7c257ec4c47f1a3be3,5de4021b4441035f3ee8be5706874ddf,1835,0,2800,2614,965,2614
6a3fd519d2580282e9896aa474557481,6d831436675e9241ea067289d6705494,1616,0,2800,2471,1184,2471
5fdaeb19d4e3dd7c257ec4c47f1a3be3,1bd66e797079ff13242e1fe2015381b0,0,0,853,2734,853,2734
32517d6bd246e5ec692c0b2935b2891a,ece36b57a8aa75a770f393c6bf852e14,1992,599,2800,3518,808,2919
32517d6bd246e5ec692c0b2935b2891a,a56e2653f0ec2dbaea1e48987fdef2aa,0,469,866,2657,866,2188
d27f297bbbc36de6d5b40e555352b1eb,c5bcf1c30b743df28c1ee714ae3b9a52,2022,0,2800,2800,778,2800
6a3fd519d2580282e9896aa474557481,0cdf3ae962fbdb55573bf169280800cd,0,758,1104,2918,1104,2160
d27f297bbbc36de6d5b40e555352b1eb,e8432c50e43f57e306ce165b25a35bc8,0,0,968,2339,968,2339
32517d6bd246e5ec692c0b2935b2891a,9a9af7848acbeed17c4e717b64746fab,0,0,903,3288,903,3288
6a3fd519d2580282e9896aa474557481,e1e77bc6665a203dec44984a7ccfb840,0,0,1052,3214,1052,3214
2cf772432b0374d3e821cf807112a923,1c7e2459f8baac0a11e53639b5c10798,0,156,890,2301,890,2145
2cf772432b0374d3e821cf807112a923,d80577242af821f26abee94b09f766cc,0,0,972,2812,972,2812
d27f297bbbc36de6d5b40e555352b1eb,53167194dfcd193a57e8a0443e747dac,0,669,945,3518,945,2849
d27f297bbbc36de6d5b40e555352b1eb,7e28d0c7681df5bcc62f4328870dc62d,1996,824,2800,3518,804,2694
2cf772432b0374d3e821cf807112a923,e6a14b53015c3bb7563089b588d00049,1012,0,2012,2812,1000,2812
2cf772432b0374d3e821cf807112a923,17f3231aed742d1fab0063a8af5310db,1129,176,2012,2344,883,2168
edf77542898e717cb2c613d62c1878e1,40992a31974507053cc02cb9cfc009e8,0,0,1027,3518,1027,3518
edf77542898e717cb2c613d62c1878e1,8012fd0231e8048aa79376dc2dd06e7d,0,587,991,2712,991,2125
fbb170e9392698ac804341345ec0070f,a1be9b12b27bd35138a3c407a15c14fc,1061,56,2012,2812,951,2756
fbb170e9392698ac804341345ec0070f,f9ba485f1ee92031dc9d1c6d9bdba02d,0,0,993,2072,993,2072
edf77542898e717cb2c613d62c1878e1,501c8fb0680d3e0840d9af6588cd9fd7,1833,0,2800,2715,967,2715
edf77542898e717cb2c613d62c1878e1,fd02be44b72dc7f5afebd3acdf26d041,1739,507,2800,2625,1061,2118
fbb170e9392698ac804341345ec0070f,6b8d3ec38a91e68df1c496b0eaf05f69,0,0,1023,2565,1023,2565
fbb170e9392698ac804341345ec0070f,53af1f015f5d43bdd11f595941eee4b4,1090,0,2012,2783,922,2783
16040245abe855c2dbdebc678fb199ab,e272af368c6b1e46a93a8f9e99ac7143,0,520,1202,2959,1202,2439
16040245abe855c2dbdebc678fb199ab,c9608af328584be97abd7f36d06aeb54,1547,0,2800,3418,1253,3418
16040245abe855c2dbdebc678fb199ab,b5b3c0e3fc91e759bd354a9601855ec3,0,0,1327,2755,1327,2755
72a0490317f3a1bec22b446cf3ab69fe,905bb2eaa722b1c0edf01f92d5c7db4e,0,582,985,3518,985,2936
16040245abe855c2dbdebc678fb199ab,b6b655ac869b3e16ceefd278ce6e239b,1603,367,2800,2653,1197,2286
72a0490317f3a1bec22b446cf3ab69fe,11f9a54dcd0e8f572ced49e663a1573e,0,0,1039,3449,1039,3449
72a0490317f3a1bec22b446cf3ab69fe,6dfb0a1e3fea9fc52e375164e9cf374f,1748,0,2800,3518,1052,3518
72a0490317f3a1bec22b446cf3ab69fe,1464111b5c5069c4b9d0dfef20c4122c,1756,350,2800,2636,1044,2286
d117eaead565dc14fde8bee9f15e53fa,b7490538b9a0e4ff4e78055273d3d288,0,0,928,3518,928,3518
d117eaead565dc14fde8bee9f15e53fa,f879552ab34c4d85ff49500cd5795bf3,0,370,958,2545,958,2175
d117eaead565dc14fde8bee9f15e53fa,3f968ffa6359cddefb5f75a3ef27ef61,1899,0,2800,2565,901,2565
d117eaead565dc14fde8bee9f15e53fa,764f383ceb195f2d6146e49c56724682,1861,514,2800,3518,939,3004
1b3aae9649d77038569eaae56543787c,be6938180193f2666a11b1deaa9134f3,0,879,926,2881,926,2002
1b3aae9649d77038569eaae56543787c,da4ec042a736c2a7b2bcd9e03c6042ad,0,0,990,3197,990,3197
1b3aae9649d77038569eaae56543787c,64d791e67005d9f771c96fde3456e52b,1804,0,2800,2625,996,2625
1b3aae9649d77038569eaae56543787c,12d1565d22fd25a3e0594c4635b90855,1862,701,2800,3464,938,2763
e92a62df5006e9928e862c6cd293dfc0,c84f7f00792ee59343135a0858042b7f,2000,407,2800,2604,800,2197
e92a62df5006e9928e862c6cd293dfc0,94f5554fc047f67900b70940342c8daa,0,0,826,3518,826,3518
e92a62df5006e9928e862c6cd293dfc0,941b68f8b8efaca561da90adea3d4760,2038,0,2800,2278,762,2278
e92a62df5006e9928e862c6cd293dfc0,fec6cf05ab412f3ead60e06752b1b4eb,0,555,769,2594,769,2039
e315902ce49832b4714312a985617af2,949f01bd6f057e07fe96ca9021dbab48,0,0,797,3338,797,3338
e315902ce49832b4714312a985617af2,a763d5dfd875b5575918bd8e97c651f6,0,546,746,2639,746,2093
e315902ce49832b4714312a985617af2,6a9cb6dc4792a351b8d05eba88710ca7,2028,784,2800,2805,772,2021
e315902ce49832b4714312a985617af2,ae1c6dcdddefda50e245835e43f0800e,2015,0,2800,3198,785,3198
0bfd4fcebaba4e9c4086edd05044a75f,997e15346547ff56b4209ac73e74556f,0,0,889,2890,889,2890
0bfd4fcebaba4e9c4086edd05044a75f,98444c262a8ac1728c1f7c4189c243a1,1847,926,2567,2731,720,1805
0bfd4fcebaba4e9c4086edd05044a75f,866d5d39ad32790d53a9a3e1f8da3d7a,1821,0,2603,2602,782,2602
82ac82e59412771379e3fb0883b8f62d,e143ac1e2dba167b5d6b7235e20c6501,1928,0,2800,3358,872,3358
9ea7b7c5cfc26e2fb66ec56eabf98354,d14fa334b7005d4d50e8a2de6a800ac9,0,900,852,2922,852,2022
0bfd4fcebaba4e9c4086edd05044a75f,480b6699cf40d11d14b4ce7ecdd0d6eb,0,775,828,2564,828,1789
9ea7b7c5cfc26e2fb66ec56eabf98354,85c69e710bd3e18d5423fd49e9b1f3b6,0,0,900,2811,900,2811
9ea7b7c5cfc26e2fb66ec56eabf98354,8e4d6e49c4fce6bfad6add40350b8fe3,1839,603,2800,2778,961,2175
82ac82e59412771379e3fb0883b8f62d,feb87395c87abb8dfe80fae6296a3d20,1972,466,2800,2566,828,2100
2b0dda17f8db5d9c4ab2f036235de4f8,8ef202ea2d448759b7ed4781161297bb,0,668,783,2677,783,2009
82ac82e59412771379e3fb0883b8f62d,fae8ad37fe9584d2f8e8009abc0ee8a6,0,464,814,2456,814,1992
2b0dda17f8db5d9c4ab2f036235de4f8,1e11b7a8518b919722a1b8194a3afd3e,1846,0,2800,2516,954,2516
9ea7b7c5cfc26e2fb66ec56eabf98354,e829a562060c7325212081c32c67d9c4,1763,0,2800,3518,1037,3518
82ac82e59412771379e3fb0883b8f62d,687e8b73cc3f145f652b6848e8ad69aa,0,0,923,2615,923,2615
2b0dda17f8db5d9c4ab2f036235de4f8,d0b4f9204b54a62196e2f0ab1063f2fd,0,0,883,2759,883,2759
3a5799bbd6a20afe274112964fba7f9b,621e21ec0a4170099655227345fb45e3,0,0,701,2654,701,2654
2b0dda17f8db5d9c4ab2f036235de4f8,ef1b69a30fbd15bd9118dcdfa2c13f65,1832,548,2800,2544,968,1996
3a5799bbd6a20afe274112964fba7f9b,47a4ff4ef52194fdaaf06ee2861b9db4,1978,0,2800,2306,822,2306
3a5799bbd6a20afe274112964fba7f9b,0fb1a3f6a3c85bef3554f6a23266ed58,1927,0,2800,2430,873,2430
c4c423f37f1258ae3e9e2ec957120f55,f7214dd9f65b0bec217ac26746de2734,0,699,802,2610,802,1911
c4c423f37f1258ae3e9e2ec957120f55,23ec7ce7ed69e25c2f5a62b2be4e2d55,0,0,753,2272,753,2272
c4c423f37f1258ae3e9e2ec957120f55,23eb042bd62bc3c8fd9990ec4dfb214c,1982,669,2800,2546,818,1877
3a5799bbd6a20afe274112964fba7f9b,651f60556f68f9d29bbb9d3a98e4efd6,0,0,781,2521,781,2521
dab7c98f0dd7c3cb95c9ab5b243d3dc1,c7f356931bd2f8b7f013957e4c151361,2117,0,2800,2296,683,2296
c4c423f37f1258ae3e9e2ec957120f55,8db6c784d0e3a4659bd26376ccdc0878,1994,0,2800,2617,806,2617
dab7c98f0dd7c3cb95c9ab5b243d3dc1,915962c926973b14b0ea0e9063b20202,2108,621,2800,2299,692,1678
dab7c98f0dd7c3cb95c9ab5b243d3dc1,2e71042ce87ae09a0500b3f81747ddb4,0,869,622,2372,622,1503
dab7c98f0dd7c3cb95c9ab5b243d3dc1,d1e6fb40205b2f5fd04bd6b735444e12,0,0,673,2273,673,2273
695d09e0fdad29a27dff29500d352008,9bfaf5daec30606b515d2c005f29f0dc,0,392,1173,3518,1173,3126
7b1cea18dd875468cff8b957e23a82ec,10978faf099cd07e2dd220f9b23abcf3,0,382,1048,2804,1048,2422
32000060fc195d9a086d0fdf4b6bdd2d,f072bbfd57fd9088d52f3d48f06cf79b,1741,0,2702,2502,961,2502
695d09e0fdad29a27dff29500d352008,84e552d2e538d3413048be2e2094a509,0,0,1267,3518,1267,3518
695d09e0fdad29a27dff29500d352008,0924b5266ec6057c8d9977fb32267987,1678,0,2800,2622,1122,2622
489592abd1abc2d559f4741031c64d68,6583e881455cd459e85cae11dc633e07,0,199,916,2812,916,2613
695d09e0fdad29a27dff29500d352008,904f3bd576821c96273ece83ac017f1f,1744,495,2800,3021,1056,2526
489592abd1abc2d559f4741031c64d68,2bd114bc41ed7ef293db1400c1549f61,1172,0,2012,2540,840,2540
32000060fc195d9a086d0fdf4b6bdd2d,ad47ba08a8de29db6f7d3ea6e6c5199c,1806,631,2654,2665,848,2034
489592abd1abc2d559f4741031c64d68,66bdad9b578985307fc9549da43d6d61,1180,0,2012,2812,832,2812
489592abd1abc2d559f4741031c64d68,0143401573fec5e1779341b6b212959c,0,0,942,2750,942,2750
30ad46b0520344cd84be15253b8abec6,d3aced0c7e8fe9c1bd498eeb72cb6048,1875,0,2800,2505,925,2505
7b1cea18dd875468cff8b957e23a82ec,08fa2b8a39cb0bb6650a87dcad78b22f,1731,0,2800,3518,1069,3518
30ad46b0520344cd84be15253b8abec6,82bc6973038fc472bd9f23de3b91a052,0,899,849,2692,849,1793
7b1cea18dd875468cff8b957e23a82ec,891e28e29869d732f25d8763a6823e07,1729,584,2800,3518,1071,2934
c1e89cdb4a0290fb5ee5f3a9b14a07a9,e27593cfc9b01bd32b48721802f71379,1836,425,2800,2518,964,2093
30ad46b0520344cd84be15253b8abec6,2112d57cea5ef14a02cbee2f578fd2d8,0,0,919,2720,919,2720
32000060fc195d9a086d0fdf4b6bdd2d,721106884504ea8ac8327064ad036e1c,0,478,910,3580,910,3102
30ad46b0520344cd84be15253b8abec6,7d828ecc31330cfaedd7c052712656a6,1869,992,2800,2813,931,1821
c1e89cdb4a0290fb5ee5f3a9b14a07a9,4fcd88f3e779aba2d0216b028698da34,0,731,1027,3518,1027,2787
c1e89cdb4a0290fb5ee5f3a9b14a07a9,1516006a8c3e3c91caa75d225eed4449,0,0,978,2829,978,2829
32000060fc195d9a086d0fdf4b6bdd2d,ac4b1d418f0d5dc539b62bba54aa5e04,0,0,933,2523,933,2523
ae37fb2d036346c76d320502069b50af,cec684d01744ec57f725faa9097a1fe4,0,0,755,3351,755,3351
ae37fb2d036346c76d320502069b50af,f342515a16989b39922af3a0adc79538,2081,641,2800,2607,719,1966
a88caf4cd2bcd55bcb552974467dbc3c,c5e1d240b6071d3e96fbec1558f48441,2047,0,2800,2735,753,2735
a88caf4cd2bcd55bcb552974467dbc3c,86e94b857c727616fa15ae80fef96240,2020,691,2800,2547,780,1856
7b1cea18dd875468cff8b957e23a82ec,abab1e44d4ed056f31c1530f841f9483,0,0,1099,3518,1099,3518
ae37fb2d036346c76d320502069b50af,43098ec7294e2f6d88b0e87f93d2e518,0,711,794,2765,794,2054
68107a7fd1e370b88e161f37cff1c2d7,a2a58d90b9810872a2dfc74b01a5c88a,0,1094,696,3115,696,2021
89492e570a0878fd24813c616f3d4bf2,c9b0b825df544c95962de2e1e46964d9,1863,389,2800,3458,937,3069
9078dacbc6e09797dd28aa4af60f38ce,319bc3235323b5d821c21afd7e99cc02,0,736,923,2914,923,2178
ae37fb2d036346c76d320502069b50af,fb55fada8ebb8524da733a6af5dedf00,2025,0,2800,3518,775,3518
68107a7fd1e370b88e161f37cff1c2d7,352f8e70555245091657f3810f50e10d,1792,0,2681,2854,889,2854
89492e570a0878fd24813c616f3d4bf2,db0e265a15c28c5612f29e77a58cb856,1879,0,2800,3075,921,3075
a88caf4cd2bcd55bcb552974467dbc3c,e9699c3458d9a95603a51f1bc13dcc04,0,0,797,2993,797,2993
a88caf4cd2bcd55bcb552974467dbc3c,598cf5267c821308cfc5bebc3a8c05f2,0,689,823,2606,823,1917
68107a7fd1e370b88e161f37cff1c2d7,c54e5b5be1a1c988e5283bea2d053d05,0,0,817,3580,817,3580
c1e89cdb4a0290fb5ee5f3a9b14a07a9,ac18c37560163506e67265f26ceb75f4,1679,0,2800,2946,1121,2946
68107a7fd1e370b88e161f37cff1c2d7,6ffc6c2d163e10db5e43dd845638f6e7,1788,838,2675,2899,887,2061
7f07498cddc674558db06129c60f7113,49d1e8a82b271d3d589dfad38f72f73d,0,399,833,2557,833,2158
9078dacbc6e09797dd28aa4af60f38ce,c554c4c9bc24a89b4b4b6792275c4e50,1626,0,2800,2775,1174,2775
971a6ddba2623ea2de7ab04d3a450587,e2b0f1cf130117d4ecbff9c294822d74,2135,0,2800,2608,665,2608
3b796179786ed74686399cd0b885a20a,b901af8312dac2c677ae41e88b459612,0,0,821,2472,821,2472
971a6ddba2623ea2de7ab04d3a450587,0c52379ab066e32a2d137629eb2e56d2,0,225,649,2547,649,2322
3b796179786ed74686399cd0b885a20a,fe89d114f61112d77506c5b36217ea8c,1972,0,2800,3518,828,3518
3b796179786ed74686399cd0b885a20a,5267ef6970fb23bdb50877da0a7291e2,1912,391,2800,3428,888,3037
3b796179786ed74686399cd0b885a20a,04473469883823161b240de119bcb30a,0,724,799,2681,799,1957
89492e570a0878fd24813c616f3d4bf2,a51cdfd6a62f218868f31565b5270f06,0,0,2514,2983,2514,2983
fa4dcd0f3ba24e86fc8dc25091f7ebd5,48b243704d16570155df12995a284b61,0,0,961,2710,961,2710
7f07498cddc674558db06129c60f7113,8dec8afdd2e51ec994fd1c168768097b,1834,0,2800,3518,966,3518
7f07498cddc674558db06129c60f7113,dee30355cc67413cbe4c12770a0d088f,0,0,863,3518,863,3518
89492e570a0878fd24813c616f3d4bf2,76ddc239893720ed1478ad39dbe02870,0,350,949,3169,949,2819
fa4dcd0f3ba24e86fc8dc25091f7ebd5,bd6af21b792a7efb367407e94678fa1f,1944,366,2800,3369,856,3003
7f07498cddc674558db06129c60f7113,c2b5b6ed2396856a86eaad0c45ddf8b8,2022,657,2800,2789,778,2132
fa4dcd0f3ba24e86fc8dc25091f7ebd5,633ede597d7e514fe672fbdfc8c269eb,1905,0,2800,3376,895,3376
d1a61e1d2cd40414fcaf602f15454175,0d9d146b24c8502f000fe4c79fa38f95,1727,0,2800,2620,1073,2620
fa4dcd0f3ba24e86fc8dc25091f7ebd5,a3d0e2394d7db36afab1b6e5e24da798,0,585,974,2898,974,2313
d1a61e1d2cd40414fcaf602f15454175,bc72e9c294d6d5c93f5065c0bf001fa2,0,0,1110,2722,1110,2722
8d488f7bfa2f1b08032abd2fea36b4f1,1a7e527b1c6cab713b2633257ec6b4cc,2059,565,2800,3518,741,2953
d1a61e1d2cd40414fcaf602f15454175,b56728a6ef781d5273d8f794cd3c5df2,1803,603,2800,2804,997,2201
d1a61e1d2cd40414fcaf602f15454175,cf5329eccfc0c5b00f2ecdadcda8c483,0,368,958,2851,958,2483
9078dacbc6e09797dd28aa4af60f38ce,0a7a7969fdb475487efc4fbf5690c1ff,1813,385,2800,2561,987,2176
971a6ddba2623ea2de7ab04d3a450587,b6f6c2624deae58140e5e679078aa52c,0,0,869,3518,869,3518
9078dacbc6e09797dd28aa4af60f38ce,94e85864685071617b2642940d0a0bc9,0,0,1080,3057,1080,3057
8dd986e8174fc84c2a984e66a416ff9f,982d001cfe856c3bd4eeb6e3a82f342a,0,0,1002,2629,1002,2629
ecb3bd6d2dff56d932f6a34956cd67bb,a54d38d0c75313b266bfc365d8cafd26,1764,0,2800,3518,1036,3518
ecb3bd6d2dff56d932f6a34956cd67bb,521ec4c38c97d22a6bdd86c6e99d18c0,0,0,868,2709,868,2709
971a6ddba2623ea2de7ab04d3a450587,97b468942d0b9a6a58bdcf75e531e4cd,1975,0,2800,3518,825,3518
ecb3bd6d2dff56d932f6a34956cd67bb,323693d3525f8ca6ef7b058d493b5eae,0,466,808,2456,808,1990
8dd986e8174fc84c2a984e66a416ff9f,36c08b1a89a0a9b5de5036b6b2b2e10d,0,526,869,2734,869,2208
8d488f7bfa2f1b08032abd2fea36b4f1,2bfafe903b3edfefb46d098b15651b9d,0,216,750,2446,750,2230
ecb3bd6d2dff56d932f6a34956cd67bb,515c077b02dc4c9e3891331dfdee7b7c,1932,0,2800,2434,868,2434
64a11835afeab324c3161f08e21e0f8e,97311378706e2bf3314692c6fec4fb28,2042,617,2800,2699,758,2082
d095e59b44d82dd103e8f5c94fe321b0,c904007294b9058aa5600a20060da0ee,1666,334,2800,2520,1134,2186
d095e59b44d82dd103e8f5c94fe321b0,188913d89f5d552f9fa17d8ecac4399d,0,403,1259,3518,1259,3115
d095e59b44d82dd103e8f5c94fe321b0,d5a62d9847f3719eaf1c888179eae083,1570,0,2800,2541,1230,2541
64a11835afeab324c3161f08e21e0f8e,b5be8bf327e235066f65081f6636664c,1947,0,2800,3264,853,3264
64a11835afeab324c3161f08e21e0f8e,574525dbf2ad1b260d8ea1eb863a8dca,0,0,822,3425,822,3425
d095e59b44d82dd103e8f5c94fe321b0,f57f5c44e92a4d092247106a00e12d3e,0,0,1283,2587,1283,2587
215b14f6ff626394a625de6158e928c0,b984d84d787c71d4d7486937f5b2a7fa,1782,0,2800,3518,1018,3518
8d488f7bfa2f1b08032abd2fea36b4f1,b2e60a5963b933484a9cb6fae6e7db7b,1900,0,2800,3518,900,3518
8dd986e8174fc84c2a984e66a416ff9f,6a8ea59036175422f3f8253b21b3230e,1728,0,2800,3518,1072,3518
215b14f6ff626394a625de6158e928c0,cb14b3265d736649686882aa860bcef0,0,623,820,2799,820,2176
64a11835afeab324c3161f08e21e0f8e,dc05c261d95bd2987fee6f2508ad561c,0,518,766,3518,766,3000
8dd986e8174fc84c2a984e66a416ff9f,6c89a90416411eecf56e5ea1fff2a1e2,1870,465,2800,3336,930,2871
215b14f6ff626394a625de6158e928c0,a1e6ff1084b1af114814a95a83f5e744,0,0,911,3237,911,3237
8d488f7bfa2f1b08032abd2fea36b4f1,7544cdb93b56593403252ce11ec63493,0,0,860,3518,860,3518
97e25f2f88f13545187827a890e8650a,9b67533a34a32b995c65b5be3edffd01,0,556,606,2543,606,1987
97e25f2f88f13545187827a890e8650a,c0e35dd0c25764ffa67038dc95c00b7c,2108,360,2800,2475,692,2115
215b14f6ff626394a625de6158e928c0,bd0278033b602f39b8b63b60ab02dd0e,1925,483,2800,2493,875,2010
97e25f2f88f13545187827a890e8650a,a97bf67d21acce23ed3dc9538aa6001e,2053,0,2800,3172,747,3172
6cd794c512516d64ccebd8b6977dd10e,8b41aae32a03a528ed8a14cd706d2bb2,0,41,1337,2812,1337,2771
6cd794c512516d64ccebd8b6977dd10e,b519f55b50ae2b49673a932918a20df8,659,0,2012,2634,1353,2634
6cd794c512516d64ccebd8b6977dd10e,0a2290abc9c03b9eb387ddbfff12092c,624,0,2012,2812,1388,2812
807e0448827a612ffe7f7e6af7cd1afd,3c377a012f0cd2c2f5f91a0f010983f3,0,0,920,2812,920,2812
97e25f2f88f13545187827a890e8650a,1903924bfb18e38e9b81c76adc603377,0,0,731,2915,731,2915
6cd794c512516d64ccebd8b6977dd10e,2dedcd0e816c03fe9191113363ee0ea4,0,0,1424,2735,1424,2735
807e0448827a612ffe7f7e6af7cd1afd,501c2cfe3539b9160b79ad24885abd41,1096,0,2012,2812,916,2812
807e0448827a612ffe7f7e6af7cd1afd,5dd1493ee6d1ec3deb5163a0dd612e6e,1217,79,2012,2214,795,2135
807e0448827a612ffe7f7e6af7cd1afd,5be52e9d4b3d8e367c5d35c20190680e,0,398,832,2494,832,2096
21e5ea343c39aae2934bd47b25700348,f275cc605b056a6af22a2dfde62f3c13,1199,657,2012,2770,813,2113
4ff54ff1105c5f62650c4692d67d2b97,063e3c9dbcf2f26a8a2bc026061e8b6c,1888,0,2800,2724,912,2724
4ff54ff1105c5f62650c4692d67d2b97,e70431691ffb5b4aab0f98c1de3792ae,0,279,898,2686,898,2407
21e5ea343c39aae2934bd47b25700348,ac746ac48cb07590e2f3729e81155cb1,0,778,588,2812,588,2034
4ff54ff1105c5f62650c4692d67d2b97,ce7a0a66fa752fc69aa430027237ef9e,0,0,853,2825,853,2825
4ff54ff1105c5f62650c4692d67d2b97,1e1e7be943c06f5f20c0b0d5b7adec8c,1915,551,2800,2723,885,2172
ce33779191cd4945794b2591ba87893f,3e7ba6c6bbb61a21051b450c0b681ee0,1376,584,2012,2485,636,1901
21e5ea343c39aae2934bd47b25700348,99e07029359bf7226b48fbc473c83868,1181,0,2012,2812,831,2812
ce33779191cd4945794b2591ba87893f,55d48a3f0f0ec9b459c69cb8e8a659c8,0,570,713,2548,713,1978
21e5ea343c39aae2934bd47b25700348,fdc773410dcc9fb940332b81ada7c092,0,0,915,2812,915,2812
ce33779191cd4945794b2591ba87893f,0d07aec4f7e9fd2d7c70e0cf003bf35a,0,0,808,2423,808,2423
ce33779191cd4945794b2591ba87893f,8f5db5bfbcd97663571ada6e822844b8,1117,0,2012,2453,895,2453
f1799dfb7dbf71142dd74c8af680b7be,bc1dd3ba9bb6b3a99008c54680ec99fc,0,734,1268,3044,1268,2310
f1799dfb7dbf71142dd74c8af680b7be,997893619864db76f4e5698ca80376fa,1706,369,2800,2579,1094,2210
f1799dfb7dbf71142dd74c8af680b7be,4e0dac2485fa0f182692862071469f3c,1645,0,2800,2708,1155,2708
f1799dfb7dbf71142dd74c8af680b7be,ff09adc6b0462da11236a9cc6be492d3,0,0,1196,2793,1196,2793
2555e89be4f574003509f290bf1927bb,5e554c6bc377de8867cf59734d6ff96d,2036,621,2800,3518,764,2897
2555e89be4f574003509f290bf1927bb,95735c8e7189f0bc631ebb6ccac5f20c,0,624,799,2762,799,2138
2555e89be4f574003509f290bf1927bb,b53592968b35ede81f9d08226f5ee47d,0,0,922,3518,922,3518
2555e89be4f574003509f290bf1927bb,b8f6d939b6d3c16528f898c379852405,1936,0,2800,2538,864,2538
4c48438f1aaf629400d60e573e4ce66c,9fed18cf38c28b7386960d06a31f32a0,0,0,1066,2715,1066,2715
4c48438f1aaf629400d60e573e4ce66c,7c96496e2d25630a8e1f89842bf00216,1768,601,2800,2612,1032,2011
b70324862fe9e847b940dcfdc206db01,aab1d629f048af2488b605515c73657e,1874,776,2800,2670,926,1894
4c48438f1aaf629400d60e573e4ce66c,c130c29cf2ddfdc1c981f7ef72085736,0,352,1135,2450,1135,2098
7e65a3ecc8c7ce39703fcd68995ae91f,9b49d193a92d78bcba467d5b15beaa50,1732,0,2800,2403,1068,2403
4c48438f1aaf629400d60e573e4ce66c,e8a3134b85dd59ca8c580ec0e929e8fe,1752,0,2800,3081,1048,3081
b70324862fe9e847b940dcfdc206db01,352e8c854accc58679bc8932194614cb,0,0,964,3518,964,3518
7e65a3ecc8c7ce39703fcd68995ae91f,730bf16e0ba68ba9a4ce609427b3573d,0,455,1023,2728,1023,2273
2405dc6aa8eedcd2fff3c20ae2194923,67462e25dfaf40825a98f0655d133a84,1824,337,2800,3518,976,3181
2405dc6aa8eedcd2fff3c20ae2194923,fdc97a4e0c7da3511cad7b0f8f3f71f3,0,0,934,3085,934,3085
7e65a3ecc8c7ce39703fcd68995ae91f,c0e61f74f323d72c94e8416fa4d32e23,1601,344,2800,3518,1199,3174
2405dc6aa8eedcd2fff3c20ae2194923,31ccd1481d89aa41bddf4a66c7a5c007,0,242,1021,3358,1021,3116
2405dc6aa8eedcd2fff3c20ae2194923,1795b0387f9113b8a2723bdae535f60f,1833,0,2800,2965,967,2965
019ae6282f16d420703877a33123be5e,8215d9b628d969362d995e87d0fb9650,0,0,1077,2812,1077,2812
019ae6282f16d420703877a33123be5e,34c2fa2f92dd6ab1d15642031fed604c,0,0,1070,2812,1070,2812
b70324862fe9e847b940dcfdc206db01,3daa0aefc5d62e67724d83ac8a1d8214,0,681,905,2610,905,1929
019ae6282f16d420703877a33123be5e,f5d6de39f10e45659119e5808500401b,1023,0,2012,2360,989,2360
019ae6282f16d420703877a33123be5e,2d3f9616670e139c1c0fdc30053cbecf,1009,0,2012,2524,1003,2524
a201df83ed3b5d06db931046a5a4b8b8,8caa98b5398243864cb8868a9a23ea5c,2268,1134,2800,2569,532,1435
7e65a3ecc8c7ce39703fcd68995ae91f,e0658859f04bb97386598384513f4650,0,0,1182,3510,1182,3510
a201df83ed3b5d06db931046a5a4b8b8,49dee83942ad3f784826ab3a666f80a8,0,0,601,2254,601,2254
a201df83ed3b5d06db931046a5a4b8b8,553002b8438f0a6daa8586f312a2fd32,2186,0,2800,2317,614,2317
a201df83ed3b5d06db931046a5a4b8b8,a352387c41a9e9d2e9cb7e738c4292a3,0,938,554,2573,554,1635
a9d27aab018f3e7efa7a8930071864fc,95f20ffa84f23935627ca3d201a1853e,0,427,1119,2679,1119,2252
a9d27aab018f3e7efa7a8930071864fc,b97bccff449bddfa09789f6912a7605a,1784,0,2800,3518,1016,3518
b70324862fe9e847b940dcfdc206db01,1798840a320b2bf9119e1a655b38b50c,1785,0,2800,2816,1015,2816
a9d27aab018f3e7efa7a8930071864fc,a609c6f29ad111e8c4b0caf67c6d382b,1823,622,2800,3518,977,2896
375665072d53ac6ed4e14aa85868166e,f620ab29b619508df4aacdaec5f33e6d,0,690,878,2644,878,1954
375665072d53ac6ed4e14aa85868166e,91326c39a9d64c428ed8336c0593d580,1866,767,2800,2730,934,1963
375665072d53ac6ed4e14aa85868166e,22b98e62a14e74b01967bd3492e9197f,0,0,917,2344,917,2344
a9d27aab018f3e7efa7a8930071864fc,dde5fb984d6f4747843871170f56f762,0,0,1072,3518,1072,3518
375665072d53ac6ed4e14aa85868166e,98d8ac2e35ad23faed46ef788e0fe92b,1836,0,2800,2312,964,2312
2ef7cd35bdbe559bec71a3ba226d2c5e,1917f9c3d25dc26b239382ed558e3126,1904,442,2800,2730,896,2288
2ef7cd35bdbe559bec71a3ba226d2c5e,a985c862bb5b10245d98b6768c5c802b,0,420,955,2817,955,2397
2ef7cd35bdbe559bec71a3ba226d2c5e,59639c505834bfc0191fbc7ecd75647e,0,0,913,3218,913,3218
2ef7cd35bdbe559bec71a3ba226d2c5e,8aa73594c71d5e30d02632fcf7bec76c,1823,0,2800,2956,977,2956
dd40c997a53fcc095a56bd9d777a2c98,814f051074fa2eaa07a3b5dddbe37589,1802,0,2800,3518,998,3518
dd40c997a53fcc095a56bd9d777a2c98,0536db66970348e07076e0c0e683b190,0,0,1068,3518,1068,3518
dd40c997a53fcc095a56bd9d777a2c98,3022f822f80b72b3497a069b9c53b1d7,0,627,930,2928,930,2301
dd40c997a53fcc095a56bd9d777a2c98,de54a5bd3aed833a01752d4078967b88,1899,442,2800,2684,901,2242
087d5fb5918635db549c945cd1833ff5,5192a7619017d09a13e526574a16dab5,0,385,1213,2757,1213,2372
087d5fb5918635db549c945cd1833ff5,004741b3fc6579a6d76fe45d116fc89f,1489,0,2800,3518,1311,3518
087d5fb5918635db549c945cd1833ff5,acb17a746cf3943f025c92bce2d3b7a9,0,0,1293,3518,1293,3518
087d5fb5918635db549c945cd1833ff5,1645ed64b96255cc9e58f10b9808c620,1647,509,2800,3000,1153,2491
782126c9ce4768b828e3bc32394dbbc3,db5fd75c4b28a00bdc2ea9a434750e0f,1414,523,2012,2199,598,1676
d0389f18021cd6e9294eef7d553039b3,1e124beb10b14d738a50e535ac5c073a,0,422,1255,3091,1255,2669
d0389f18021cd6e9294eef7d553039b3,54d0efb124cfa5d783b2ad5f074608e1,1602,276,2800,2851,1198,2575
782126c9ce4768b828e3bc32394dbbc3,bdda749ab7cae65aa1358f6a241f8fd8,0,744,653,2573,653,1829
d0389f18021cd6e9294eef7d553039b3,80931bff670948e96ff014039e6376f7,1403,0,2800,3518,1397,3518
d0389f18021cd6e9294eef7d553039b3,59067923a4ac4728e8f9d024e0cc55b4,0,0,1453,3518,1453,3518
782126c9ce4768b828e3bc32394dbbc3,4c8689d0159aa2752d44164cfe923308,0,0,671,2797,671,2797
782126c9ce4768b828e3bc32394dbbc3,72302c852d7bc40a26f5507f9607c764,1264,0,2012,2812,748,2812
3087f2712d14867142d383ebac1e15b4,fa8e8eee66d4b88a869e9ced96a2238f,0,0,825,3518,825,3518
3087f2712d14867142d383ebac1e15b4,5c0272f3dc9c06f9edb8b8a749a6cf8b,1984,0,2800,3518,816,3518
3087f2712d14867142d383ebac1e15b4,75dca2f372e9a594e1798edd09c44bf9,2172,743,2800,2606,628,1863
3087f2712d14867142d383ebac1e15b4,bb19a2e5438e9f93f4170dfa421cea65,0,719,616,2629,616,1910
c4fb7227581e9a43230ed370ee9c8a4d,c797ee1c63f846be12a985e5dc099b73,1834,0,2800,3518,966,3518
c4fb7227581e9a43230ed370ee9c8a4d,4a039d193cae8b8e7f9c03452548cc09,1898,539,2800,3518,902,2979
c4fb7227581e9a43230ed370ee9c8a4d,7da84b398db86fba938a61e366cecd4a,0,0,996,2346,996,2346
44f530fcd3f304f311c5488537a43e29,397b601f43cfb72dab59a28634ecbce2,0,0,1108,2401,1108,2401
c4fb7227581e9a43230ed370ee9c8a4d,ca34ec4b34e581547ae3be0503cece25,0,571,897,2715,897,2144
44f530fcd3f304f311c5488537a43e29,2c97b30eeae09438ed85085fee5ef596,1040,0,2012,2812,972,2812
44f530fcd3f304f311c5488537a43e29,81f9e5aff142268e8f1dc0f520ad99b6,0,0,937,2263,937,2263
44f530fcd3f304f311c5488537a43e29,a10625fde52512f5bde805856d7d63c8,937,0,2012,2547,1075,2547
933d7471cf613057295e8536aff29ffe,8705e34393482ed6fcc6d5688e190297,1641,505,2800,3518,1159,3013
d865b260a48a3af46932797d05b456ec,8418aa4705ab70343235b59e9fbe76ad,0,260,814,2360,814,2100
d865b260a48a3af46932797d05b456ec,1420d4303ab33492ba9535e6c5f3442b,1942,0,2800,2344,858,2344
d865b260a48a3af46932797d05b456ec,549e6bf46b3405c22822a66db843d7fe,0,0,865,2533,865,2533
ff708a7a7d6af0f90b6b3ddee658f468,9af142fbbfbdb111e94d33889d21ac75,1982,0,2800,2888,818,2888
ff708a7a7d6af0f90b6b3ddee658f468,273492bd5c039fbd771f4cc8e5493bfc,0,661,688,2651,688,1990
ff708a7a7d6af0f90b6b3ddee658f468,931546b73a9e156d1f2a71306eb1089f,2025,607,2800,2474,775,1867
f18f2f68b5a0d5e3944a3b5d0d6af869,e0889e0f829b24e3bc8f784200ca1872,0,382,978,2562,978,2180
933d7471cf613057295e8536aff29ffe,fddee8017a5ea9311941c42ab122eb58,0,0,1036,2665,1036,2665
f18f2f68b5a0d5e3944a3b5d0d6af869,d99a34db26ea7b947e62e6d33cbe93fe,0,0,937,2510,937,2510
d865b260a48a3af46932797d05b456ec,955198d4aa9da1ee8ce0571751722d6d,2107,432,2800,2432,693,2000
ff708a7a7d6af0f90b6b3ddee658f468,c5bb77ea7a7c793d06a5f466a63cd6b1,0,0,769,2894,769,2894
f18f2f68b5a0d5e3944a3b5d0d6af869,defd28d34184c33f76aa26e2dcb53f6a,1861,575,2800,2604,939,2029
c03090de258a9344e1c187f6a01bf275,106b1d68e4f0c344d4e8776bc085fb37,1715,0,2750,2857,1035,2857
c03090de258a9344e1c187f6a01bf275,60fd8f4bb93bd42df7191e0d8a0ea0a1,1916,217,2718,2186,802,1969
51c0018f897f071071d3d15bc3ba2f5d,80889511576529f4709e469c6a2b517b,0,845,875,2877,875,2032
51c0018f897f071071d3d15bc3ba2f5d,5c56088b142c4a3902ba31ddcab5c9d5,1955,0,2800,3012,845,3012
c03090de258a9344e1c187f6a01bf275,00ec2be128f964da6f0b0ba179c4d138,0,763,861,2664,861,1901
c03090de258a9344e1c187f6a01bf275,b723b49547d7fae7e4117db8d93a4fdf,0,0,867,2551,867,2551
2f2577800a9020cccde6f0ec3770d0cb,acb9ab8d58648e5111d38c5ce4c4aa3f,0,0,1804,2567,1804,2567
933d7471cf613057295e8536aff29ffe,a7a5b111b036111fb5985a4d82cc7cd0,0,489,1152,2904,1152,2415
f18f2f68b5a0d5e3944a3b5d0d6af869,b493fe83d6d3e73d4779ed7d6f029ab8,1927,0,2800,2649,873,2649
933d7471cf613057295e8536aff29ffe,90115df82a3a8b746282cd6a7c428dd1,1735,0,2800,2848,1065,2848
25e26de58e476ec0075b26f8d55898d3,a6fe031d4814e0591ab4f771900373c1,1294,0,2012,2812,718,2812
2f2577800a9020cccde6f0ec3770d0cb,9c32ef7884806f088d05b88ff129a25a,1955,101,2800,2691,845,2590
51c0018f897f071071d3d15bc3ba2f5d,3f32b44e863c54c7e80c1365ecd06900,0,0,1024,3046,1024,3046
25e26de58e476ec0075b26f8d55898d3,dfc84537a0b02713a136f3b01a792a9d,0,727,447,2447,447,1720
51c0018f897f071071d3d15bc3ba2f5d,c3e2736cf12c8ae08f3ebb543bf61ce2,2039,390,2800,2475,761,2085
25e26de58e476ec0075b26f8d55898d3,6478d09e2adada672733d7a57542aecb,0,0,700,2812,700,2812
25e26de58e476ec0075b26f8d55898d3,47ca2eeaca283698f88a72971a0e01ba,1589,0,2012,2165,423,2165
2f2577800a9020cccde6f0ec3770d0cb,97274e8a16a4c53028d24b07e57bdc82,1952,0,2800,3518,848,3518
2f2577800a9020cccde6f0ec3770d0cb,a34178b0bda428bcfb1584d6a273913b,0,536,919,2678,919,2142
3f37a42defe14723784248bfd7e0f524,3ff2125c734d08ceb89dd050f498b887,1899,317,2800,2496,901,2179
3f37a42defe14723784248bfd7e0f524,f595f6f183607e1e2ed263865d5d63a4,1876,0,2800,3324,924,3324
3f37a42defe14723784248bfd7e0f524,a93af7f25be92394b3dbd961a22db03d,0,445,838,2755,838,2310
3f37a42defe14723784248bfd7e0f524,e4ad3783e72ecc7345e8be7919c7eb0e,0,0,901,2585,901,2585
e403bf4aa78fa8b8c52058542ee72d84,91fccb316e655579145af0a540f59e7e,1934,556,2800,2689,866,2133
e403bf4aa78fa8b8c52058542ee72d84,abfe996da72658d75df0c4ada1acb911,1803,0,2800,2493,997,2493
82c02bcd293b26948b8e2347c8f661c8,52191344ece10a0e784c916d9f56cbf7,601,190,2012,2580,1411,2390
82c02bcd293b26948b8e2347c8f661c8,02372ebebb3b09eef16d92b66995c447,0,133,1311,2607,1311,2474
e403bf4aa78fa8b8c52058542ee72d84,6d545dea221fcdde7158a3bdccef5efc,0,0,1117,3518,1117,3518
e403bf4aa78fa8b8c52058542ee72d84,3ab8d1680de7d327f300ad6f7e7d3df8,0,488,1038,2716,1038,2228
4144e342f1d51d29b09fbccc774061a1,7be31038bc89af6f942a8d8822f69e60,0,0,1037,2812,1037,2812
a752bee16733c71757dad363cd479325,fcd7e83eafc4e3209babbecfb4765fc8,0,0,775,3518,775,3518
a752bee16733c71757dad363cd479325,73d3d8df7fd7b682cb64e47c0ef6a4a2,2149,740,2800,2660,651,1920
4144e342f1d51d29b09fbccc774061a1,c3d75bdced9b875ce0eba8cd57039877,1082,0,2012,2812,930,2812
4144e342f1d51d29b09fbccc774061a1,179b3552d7267269689467cc4025f17f,1223,449,2012,2475,789,2026
4144e342f1d51d29b09fbccc774061a1,57b3e032f834e1f1692b6c6ff5b0f646,0,0,982,2210,982,2210
a752bee16733c71757dad363cd479325,413c78b2550dc96e0092628c5ebe6320,1982,0,2800,3518,818,3518
a752bee16733c71757dad363cd479325,c39a7c4c6feecac092254ecaa893daf1,0,591,672,2642,672,2051
6c2457fa24855488dd770878ec13553f,3435587e8120c0e1ecfd06592601cf92,0,73,924,2338,924,2265
6c2457fa24855488dd770878ec13553f,4fb23a32994a382515aee972b61fc31a,1167,0,2012,2226,845,2226
ae9c12c8b775f80a486e0ac831772afe,ef348f2ced2829d164ed89f45910a2c0,0,0,999,3518,999,3518
ae9c12c8b775f80a486e0ac831772afe,564fa5022b0f9403ca3f6f92dd4cd39a,1727,0,2800,3518,1073,3518
6c2457fa24855488dd770878ec13553f,e5ed9ccc2044c3a031b76b6af0759022,0,0,871,2812,871,2812
ae9c12c8b775f80a486e0ac831772afe,e2668e4e0ca50682cd071ba5d6ec2046,0,284,979,3513,979,3229
ae9c12c8b775f80a486e0ac831772afe,0bce286e0a13684cc0478465672eb465,1832,558,2800,3518,968,2960
6c2457fa24855488dd770878ec13553f,d09f4fe8d460254618ef83064aa13930,1088,0,2012,2443,924,2443
82c02bcd293b26948b8e2347c8f661c8,cfdc4c1edc17c5715d4aad7beac8cfb3,597,0,2012,2656,1415,2656
82c02bcd293b26948b8e2347c8f661c8,a342568efd429086e9ce96e81d4c91ed,0,0,1271,2649,1271,2649
670e80649fd4f8d6a4cfeeac2e1b6e83,08806c1f309c5f9fff3c82bb6c5c2794,2017,0,2800,2514,783,2514
670e80649fd4f8d6a4cfeeac2e1b6e83,7943c57e6f3939df6b14f5e28f5355f9,0,0,764,2232,764,2232
670e80649fd4f8d6a4cfeeac2e1b6e83,9d427d489cba38a764a8e9a626760754,0,730,858,3518,858,2788
670e80649fd4f8d6a4cfeeac2e1b6e83,2efae215d67dd0ac64bc98a92e4be461,1995,782,2800,3518,805,2736
2668cfeca653849ee0addf9ea63dc820,21a207f1ca8563266ed5423a49f5828e,0,345,975,2826,975,2481
2668cfeca653849ee0addf9ea63dc820,c01de6142c4c690a378e1db4209e4a74,0,0,1017,3518,1017,3518
2668cfeca653849ee0addf9ea63dc820,b1c20a2818e9a9699fb1924b9c6322bf,1705,0,2800,3027,1095,3027
2668cfeca653849ee0addf9ea63dc820,99629f5771ba605352ae500dd688a24a,1866,343,2800,2766,934,2423
1ebe2a31f31a19a1e872e63a6772b88b,684b47564d1a8872d13f900134dfa741,0,0,770,3318,770,3318
1ebe2a31f31a19a1e872e63a6772b88b,89e81159e90bfab6f5d3de60495c3f72,2043,0,2800,3518,757,3518
1ebe2a31f31a19a1e872e63a6772b88b,8e358dcbdda626a2c4eeea93d04f6b0f,0,479,632,2465,632,1986
1ebe2a31f31a19a1e872e63a6772b88b,37cb0f98f48ca54303e7e426d22e7687,2184,381,2800,2519,616,2138
6deff74cbc3bfa963378efc3935bf019,0426b1749b083d1d389f8a6391c6f79d,0,0,899,2526,899,2526
6deff74cbc3bfa963378efc3935bf019,be999647fe64ecfc3ab43e844c0a2893,0,898,779,2730,779,1832
6deff74cbc3bfa963378efc3935bf019,099f0c3543290353a5a27f4a54b035b9,1945,607,2800,2581,855,1974
6deff74cbc3bfa963378efc3935bf019,582dca6b676edadde714c58ce821188a,1871,0,2800,2655,929,2655
d38edc0954b5c5c4154e9dfc67140801,a40a8f50715a8ae80d57579058a62b90,641,0,2012,2812,1371,2812
d38edc0954b5c5c4154e9dfc67140801,607be7082525f4f0a52617c1ec06788c,0,0,1282,2812,1282,2812
d38edc0954b5c5c4154e9dfc67140801,402c2be19efc69d1a2724a44ba1b7638,0,72,1108,2488,1108,2416
d38edc0954b5c5c4154e9dfc67140801,8b38bb51836a29800258f987042ff5e5,719,238,2012,2812,1293,2574
69dad412dbebe058e660ee407b95130a,7f7feb1ebe1925121a1ac575b0b38cba,2023,699,2800,3518,777,2819
69dad412dbebe058e660ee407b95130a,81cd9c0b5de9d6a6e3f9ff72537ee423,0,0,919,3518,919,3518
69dad412dbebe058e660ee407b95130a,f5d3a12c0d4b2a57c65623905edb0d99,0,967,902,3518,902,2551
69dad412dbebe058e660ee407b95130a,089ce1a90108f1c29b57eafdc0ccab5d,1881,0,2800,3518,919,3518
e371de6e090f84c586c041c0821ac4d7,460784c14af84db4bc0c963a848e3e6d,0,798,704,2479,704,1681
e371de6e090f84c586c041c0821ac4d7,037fbbcf60e4ce37080c1390248cbd33,0,0,704,2181,704,2181
e371de6e090f84c586c041c0821ac4d7,024c725d404a8276ce75c49693705063,2027,0,2800,2266,773,2266
e371de6e090f84c586c041c0821ac4d7,86f8087a4521cb6354a9a7bfaab4b2b0,2062,554,2800,2325,738,1771
857e8fcdea4691ce1c5eb7ea7c849b9d,585fbb3e5ad65792bd5fa06e2721270c,1921,0,2800,2550,879,2550
4e48710a80ade05bda7581cfa340c9d1,27bfa83b6fe841f5f9cb21856fa3e927,2076,817,2800,2774,724,1957
4e48710a80ade05bda7581cfa340c9d1,8c364d923e39188cf4994c8140a4c034,0,0,909,3518,909,3518
997f3d51eb0c2221a019c1013a31e828,1d393f15cf0f4452b11f79b8a6d315f0,0,238,802,2759,802,2521
997f3d51eb0c2221a019c1013a31e828,f7459d487f2ed4c93ea674a68187164e,1969,0,2800,2268,831,2268
997f3d51eb0c2221a019c1013a31e828,5d15fb61f4572b512cfd72cba6f34ba5,2036,350,2800,2372,764,2022
4e48710a80ade05bda7581cfa340c9d1,22eae344671c116f90ce0c8fa7bd36a5,1963,0,2800,3518,837,3518
997f3d51eb0c2221a019c1013a31e828,13626d37dc4b314c5110d6fae0a1d9ff,0,0,822,3285,822,3285
caf3c5bf0054031e3cbec3719db1887c,25cf10fdff552bb62b227337b686c9c0,0,506,1018,2445,1018,1939
25c20a0d98890e5a0657972a2b54b46c,144a7d710a91494818b352111ccbf400,1544,0,2800,2602,1256,2602
25c20a0d98890e5a0657972a2b54b46c,f1ec745ab630e980597d686f850ee2d9,0,0,1196,2659,1196,2659
caf3c5bf0054031e3cbec3719db1887c,b64dffeb3941421dafa6cabf9bcfad79,0,0,1063,3518,1063,3518
25c20a0d98890e5a0657972a2b54b46c,99ff696b5f5b4c3a3544ac099e320697,0,623,1345,2737,1345,2114
caf3c5bf0054031e3cbec3719db1887c,d7837f60bfd644fd0d73eba7e1b32920,1910,839,2800,2646,890,1807
857e8fcdea4691ce1c5eb7ea7c849b9d,8917bdce49bfb7365472594a55fd0f30,0,412,876,2558,876,2146
857e8fcdea4691ce1c5eb7ea7c849b9d,9b44b6390910223954c6dfc0843efbde,1852,446,2800,3518,948,3072
25c20a0d98890e5a0657972a2b54b46c,1e861680f980a4adc0bc25088997257f,1472,692,2800,3398,1328,2706
857e8fcdea4691ce1c5eb7ea7c849b9d,cbe3f7afbd63dfd05a99433ddfb93671,0,0,922,2483,922,2483
caf3c5bf0054031e3cbec3719db1887c,cc0e66906756c742fc2f40bfa314c505,1761,0,2800,2606,1039,2606
60713fa8aa2393dd634262dda1272449,3fafa29d899145132cf864737d2cfa6b,1974,0,2800,2934,826,2934
e3e69bd7ebbb40f1dba882be5bd40a92,daeb2c3bca4e026272df946ee80db4fc,2010,0,2800,2427,790,2427
6103811434cbc0a8478c71b4a955ed57,6e9b418a0e8a8b752a97f6f0e998c0d3,1719,0,2800,2739,1081,2739
60713fa8aa2393dd634262dda1272449,a5c30104705807ca5195889ba0d555ef,0,638,792,2681,792,2043
e3e69bd7ebbb40f1dba882be5bd40a92,00b2567654cfadcda25f5bcbe44f4974,0,0,815,2588,815,2588
e3e69bd7ebbb40f1dba882be5bd40a92,46f9cc53a827500a390c70e85ed2aa0c,2097,634,2800,2659,703,2025
6103811434cbc0a8478c71b4a955ed57,517e92fb412ad0ef4dbb4ff84ec4744a,1857,410,2800,3518,943,3108
4e48710a80ade05bda7581cfa340c9d1,79d54e337bf851ddaa68763c048f3845,0,431,758,2829,758,2398
2bdce0ce6edd00ac0c8400ec5ff790ea,745e6fa32dd6fb8f86fd5d1b5f8834e0,2176,0,2800,3518,624,3518
e3e69bd7ebbb40f1dba882be5bd40a92,79f416acad4bc3bbea3cc62e0404d7ce,0,529,890,2694,890,2165
1c9145db44de0c31dedafb412ba7ff71,73a944c31d5fbec38143e38a805b8f3f,2080,653,2800,3518,720,2865
60713fa8aa2393dd634262dda1272449,f4dee546cbd6eea39a36729855eba844,2082,640,2800,2517,718,1877
1c9145db44de0c31dedafb412ba7ff71,ad58ab9331c1fc2632d308e995b8e64d,0,0,887,2407,887,2407
6103811434cbc0a8478c71b4a955ed57,1057c1e7ece654d4d4262d4feac87ca4,0,0,1019,3518,1019,3518
60713fa8aa2393dd634262dda1272449,36fb4b16c3c4545d464679c99990d435,0,0,772,3518,772,3518
1c9145db44de0c31dedafb412ba7ff71,e21672283ffef748a7ac7bf68ba9250e,0,474,848,3518,848,3044
57893e9be835057e3d833cbb7959ea45,e87024a3ebd6b619adc253fea8eac04c,0,310,827,2430,827,2120
1c9145db44de0c31dedafb412ba7ff71,75fc445f505e77b230ca72997f6724f2,2046,0,2800,2540,754,2540
57893e9be835057e3d833cbb7959ea45,83c8d95ebfc1a99395afee0f19233feb,1135,0,2012,2812,877,2812
6103811434cbc0a8478c71b4a955ed57,9402aaa1e5fdc44e348a32dc21c91885,0,628,958,3465,958,2837
57893e9be835057e3d833cbb7959ea45,d0ffc7ec4f1cd4dbdd976179344f0747,1256,194,2012,2231,756,2037
57893e9be835057e3d833cbb7959ea45,35ad9f2bc8632a4ea81b0f9072f36909,0,0,891,2812,891,2812
2bdce0ce6edd00ac0c8400ec5ff790ea,7000c76ca3f93df21804a9bf4e5f699e,2280,1095,2800,2731,520,1636
2bdce0ce6edd00ac0c8400ec5ff790ea,fc35547785ce94420408f99bbfad57fb,0,0,730,2823,730,2823
2bdce0ce6edd00ac0c8400ec5ff790ea,5c7b4d2b53acefd6b1593e9021e581ce,0,460,592,2302,592,1842
c0e4ad8c1d357b77b472532f7563d95e,8a4fa5d207a883239b8752f9a7877ff7,0,740,1097,2802,1097,2062
c0e4ad8c1d357b77b472532f7563d95e,eb2c8aadc582201f95fdc0b0d7fc995a,1745,496,2800,2673,1055,2177
0fd026011c51a2afaad881de8f87dc7a,cf23ccf33a47357aca12f8456f87ea79,1981,718,2800,2422,819,1704
c0e4ad8c1d357b77b472532f7563d95e,2cfc66568e940c51fef0c24d6fe9351b,0,0,1126,2660,1126,2660
c0e4ad8c1d357b77b472532f7563d95e,1bc5a5bd1452111c804beb1bc1cf03f8,1572,0,2800,2780,1228,2780
0fd026011c51a2afaad881de8f87dc7a,6c3e30b6d685922bfb50cb25fbaccfcd,2012,0,2800,2225,788,2225
0fd026011c51a2afaad881de8f87dc7a,6845ef6a0f7a927965a2eb84296da2c6,0,0,785,3518,785,3518
0fd026011c51a2afaad881de8f87dc7a,c7bfb5f50e80d47788075d8f45acc153,0,755,774,2400,774,1645
59c963f7931b264c67b655ed6a384915,813ab8d8daf93f7f6550bdcd543b4c50,0,800,735,2591,735,1791
59c963f7931b264c67b655ed6a384915,c518f1908ed46b50a165ef58dc2db835,0,0,782,3518,782,3518
59c963f7931b264c67b655ed6a384915,2e9071ea756fce52fda815de86d264da,2062,723,2800,2486,738,1763
b0d51cbf00cc708b9cb94d13fa82df48,4bfc382e45bd3f2760ff9948ae95d258,0,0,1099,2812,1099,2812
59c963f7931b264c67b655ed6a384915,755996f07da69e661b25b666840784d9,1956,0,2800,3333,844,3333
b0d51cbf00cc708b9cb94d13fa82df48,71113ef5d993b56616fa759a9481ecb5,984,174,2012,2812,1028,2638
b0d51cbf00cc708b9cb94d13fa82df48,bf3970028b3037e9f53007b28d110b15,0,407,1016,2812,1016,2405
b0d51cbf00cc708b9cb94d13fa82df48,347aafec027ae7d8fa0d91c669af26b1,888,0,2012,2812,1124,2812
f8d6e1a8c1774a7470cb7554ebe21b2e,e07cb0339de3cec2b798f62768b27cca,2395,374,2800,2024,405,1650
f8d6e1a8c1774a7470cb7554ebe21b2e,ba744a1106f426d59aa357c79813be60,0,0,583,3518,583,3518
af067d63bcf74af2c273ed1f18151a91,16e6201e893da600b2dfe2f8ebb88989,0,456,756,2538,756,2082
f8d6e1a8c1774a7470cb7554ebe21b2e,8410b5c12f3d52478af9b1f3e5722e08,2167,0,2800,1930,633,1930
af067d63bcf74af2c273ed1f18151a91,cbe556381043a2f7e8a0f59e94a1a3fc,0,0,898,3518,898,3518
af067d63bcf74af2c273ed1f18151a91,42a5e602eca5a85326d45632bd28fedc,1953,0,2800,2971,847,2971
af067d63bcf74af2c273ed1f18151a91,b4c4b1684d4e67649f7ad20df31ede04,2031,285,2800,2342,769,2057
d0175212b64492010f5258276f869b29,99f91eec2cad0119d3b99b2974f85ae2,0,0,944,3518,944,3518
d0175212b64492010f5258276f869b29,829f99bf3c28db4bc7b6d271c5ba8aa2,0,688,756,2821,756,2133
d0175212b64492010f5258276f869b29,57d577722879c71cf7c67d5fb2d4906a,1822,0,2800,3518,978,3518
d0175212b64492010f5258276f869b29,e281dfaef4cb10dce1ebed8f50a91b8d,2048,669,2800,3518,752,2849
b879a660e8f4d434e7d3087b3d583e03,f7c6cd4126c29768ba4f14fc29c41895,0,0,710,3162,710,3162
b879a660e8f4d434e7d3087b3d583e03,78faaa27a7e673e2627f50973420b3e3,0,667,629,3049,629,2382
b879a660e8f4d434e7d3087b3d583e03,efb28f3f327bf7362737cbeebb5467a0,2052,664,2800,3518,748,2854
038bd3caac221613b2340090251ee000,546959346aaac34169907ea88b528443,2137,847,2800,2650,663,1803
b879a660e8f4d434e7d3087b3d583e03,c1cac9b0a3e0fc747b11172dc790df1f,2066,0,2800,3333,734,3333
038bd3caac221613b2340090251ee000,949bfd0114074dfba8f19b5c5e1bfd6f,2004,0,2800,3207,796,3207
038bd3caac221613b2340090251ee000,2ef62ec181da5e2ddb18d7b829e73c25,0,0,811,3279,811,3279
ef64119a42546d6886a064e5bf64279d,4ab67db3cff3423164940dc30080d3b8,948,0,2012,2812,1064,2812
ef64119a42546d6886a064e5bf64279d,2900ce923a5a3c6e68835765844d4ca5,0,0,922,2812,922,2812
038bd3caac221613b2340090251ee000,4d76bb9eab7dcfcfc431dd82013892af,0,560,751,2525,751,1965
ef64119a42546d6886a064e5bf64279d,1df08a99199a7f0e17f19a3c9b66c3ff,1300,0,2012,2207,712,2207
ef64119a42546d6886a064e5bf64279d,1dc95522959eb36ff2bed5defcf0a7a8,0,155,712,2718,712,2563
2988be68988a4255873759bf2a61d674,48ee81b1f3ad2fe6ec3da90c9c858b7c,1637,348,2800,2620,1163,2272
dd78c80d0afad8252b1b7d2c22c56a79,1074aa4d2e62dfde9d57fdf142a9e9ef,1758,0,2800,2794,1042,2794
dd78c80d0afad8252b1b7d2c22c56a79,e802b78fbb6c2352b6057887f41924f0,0,343,994,2432,994,2089
dd78c80d0afad8252b1b7d2c22c56a79,e3d07393b7e06999b616ae6d979209cc,1829,295,2800,2411,971,2116
2988be68988a4255873759bf2a61d674,ca8bd387fd0bed11eea55eb2025fa350,0,0,1318,2953,1318,2953
30531093985dd9b3d909c3866c46e443,437601b542a20b112a2dded87a434b3c,1928,553,2800,2463,872,1910
2988be68988a4255873759bf2a61d674,09f77e43d39395da01e2a0645f854b53,1496,0,2800,3518,1304,3518
30531093985dd9b3d909c3866c46e443,fe4273ea38a3028f91f80e5e12a84301,0,635,861,2639,861,2004
5f4becf589cd9d8b09a2de90b35ed824,e8d97ae10d9acd5a4b099742e32d4d0b,0,637,696,2566,696,1929
30531093985dd9b3d909c3866c46e443,4459e5a3c47ab8d6e79d80cf198d60f2,0,0,1037,2495,1037,2495
dd78c80d0afad8252b1b7d2c22c56a79,2639773118467113e30312854c1ef3ab,0,0,1046,3518,1046,3518
5f4becf589cd9d8b09a2de90b35ed824,71865dcd01382107fe3685e17165f7ab,0,0,790,2749,790,2749
5f4becf589cd9d8b09a2de90b35ed824,6805dfa8261ee8f6c752c6dfcf842094,2087,0,2800,2393,713,2393
30531093985dd9b3d909c3866c46e443,67a517a9fd9ecb69e6f2c2ed17088251,1856,0,2800,2344,944,2344
2988be68988a4255873759bf2a61d674,cac8b399e4fcd425a32381ce3f283670,0,921,1163,3155,1163,2234
48dcda72e026abe40735e93b70c82ccf,8b0f3f549838f905141fe03a13ddf56c,1927,0,2800,2558,873,2558
48dcda72e026abe40735e93b70c82ccf,4e045a777befa704b04bcc2e3213aef0,2019,328,2800,2493,781,2165
48dcda72e026abe40735e93b70c82ccf,023fdfa8649d8630d6de064ab38a8f16,0,0,1000,3518,1000,3518
5f4becf589cd9d8b09a2de90b35ed824,f14ee2e3c15ede0a43c33d4d4095d830,2045,600,2800,2474,755,1874
48dcda72e026abe40735e93b70c82ccf,47cbf0c578aabad061bd69749bd490be,0,410,846,2605,846,2195
f8d6e1a8c1774a7470cb7554ebe21b2e,48d3786a07273e92b008debaa6d1ca02,0,930,539,2516,539,1586
d05380088078c3f43c8e69921dedf68e,a9f3f9e0195685ef7e02ecb2f90df158,1642,0,2812,3580,1170,3580
d05380088078c3f43c8e69921dedf68e,71e545fdb41229fd7f57ebadb47134fc,1860,584,2812,2927,952,2343
d05380088078c3f43c8e69921dedf68e,d32a319203e6cc24d9b42283cefe1aac,0,422,884,2699,884,2277
d05380088078c3f43c8e69921dedf68e,9592f8707908077f4b55542603ea5cd5,0,0,1070,3580,1070,3580
303ab3011f3cd4f648b12269033cd62e,ab4d3aa2a81196d8fc849cdfe61cb2ac,0,375,969,2646,969,2271
8245f563ace26715cee7fdce20945efa,d21486de33a82c8e41b65a91b3bc48ee,0,476,953,2795,953,2319
90706a4e67788c0b351f71341f3eb54b,f2c06627b10069ec592a2e7dffe1b044,0,0,847,2529,847,2529
303ab3011f3cd4f648b12269033cd62e,1bc44e40a797682f0f51e8f820a2d56f,0,0,954,3478,954,3478
303ab3011f3cd4f648b12269033cd62e,e5f144539b1dcf71f72cab3b308373af,1799,351,2800,2606,1001,2255
90706a4e67788c0b351f71341f3eb54b,fd1c7437245c75e34d7ec2c0f12287e0,0,531,783,2580,783,2049
8245f563ace26715cee7fdce20945efa,99a7418784ddfcc38ba46af01b62d614,1732,447,2800,3518,1068,3071
fd8338217d77f6b2f373272d4bb10608,8c39a5a44fbc346ba76ec359ef7e4d2c,1920,0,2800,2613,880,2613
8245f563ace26715cee7fdce20945efa,8458a857fc0637b6bec81cb08a52582e,0,0,1037,3518,1037,3518
90706a4e67788c0b351f71341f3eb54b,7c6b9678e32217bd35f0cf8400b81926,2107,749,2800,2684,693,1935
303ab3011f3cd4f648b12269033cd62e,4185fb5bfadb74b38f35fc52734a0b3d,1854,0,2800,3518,946,3518
fd8338217d77f6b2f373272d4bb10608,748d7d7d6f67d8b6951d0eedafe232e6,2018,575,2800,3518,782,2943
8245f563ace26715cee7fdce20945efa,d67330c852ef791ef577bff85098a5d0,1726,0,2800,3518,1074,3518
90706a4e67788c0b351f71341f3eb54b,465945c736036f2d5fc4d51e41c245c4,1989,0,2800,2434,811,2434
fd8338217d77f6b2f373272d4bb10608,eb781448bbc3a6a04080aafddab3b060,0,668,898,3518,898,2850
d090fe8efb485ae5f4ebce0dfeaa9106,6ac066d5c0543c0974e146c77e3decca,0,0,1166,3518,1166,3518
d090fe8efb485ae5f4ebce0dfeaa9106,90cdb30d2984c64dada1abc378d93c74,1638,0,2800,3518,1162,3518
d090fe8efb485ae5f4ebce0dfeaa9106,6089b0fbf34af3cc856c4b34400e441e,0,554,1114,2844,1114,2290
d090fe8efb485ae5f4ebce0dfeaa9106,0253174b17f4b3c561772393d55d48b6,1731,0,2800,2424,1069,2424
2fd29c153daf0252d64287af0776cb79,3502ed0161421b7c16f96e9443f5fa2d,1273,0,2800,3034,1527,3034
61a48418495ca18c04c4b6badf742689,5cd5143bdc8721c5f7f322197b6e12a0,1807,0,2800,2150,993,2150
2fd29c153daf0252d64287af0776cb79,0952150129345488faa7bce80b43a440,0,446,1401,2779,1401,2333
2fd29c153daf0252d64287af0776cb79,46cc6b1d34b8a5bb6557821e696de31e,0,0,1549,2896,1549,2896
2fd29c153daf0252d64287af0776cb79,0fe32028fe64c4081e5838769317c7f7,1490,507,2800,2761,1310,2254
61a48418495ca18c04c4b6badf742689,00104c12656c7d97e69fe4b097d90430,1873,359,2800,2426,927,2067
61a48418495ca18c04c4b6badf742689,1c4421a87bc90532ac1eee7dc9d2e046,0,0,946,2226,946,2226
61a48418495ca18c04c4b6badf742689,7813e7b80eeae3234b60da82497560c8,0,322,908,3518,908,3196
aafaf3cb8ce2ead9b4d024247e4da611,44228f235a508789b9e2e186e39fde43,0,564,836,2618,836,2054
fd8338217d77f6b2f373272d4bb10608,99bd5d6ca477c2ade77d1d4195d7e6a8,0,0,906,3518,906,3518
aafaf3cb8ce2ead9b4d024247e4da611,408f54e248027fd4fe26dde7ecf9b828,0,0,689,2578,689,2578
aafaf3cb8ce2ead9b4d024247e4da611,abfc83dc82a6fb3adcf06da0cc660434,2086,0,2800,2446,714,2446
377dd115242ed4a1851f98a6fae31e76,668fe86fcbf3444ed9900a6faa09ceaa,997,302,2012,2345,1015,2043
377dd115242ed4a1851f98a6fae31e76,df27d9369f5bcb193bc4f6dfa85a5712,0,372,1031,2812,1031,2440
377dd115242ed4a1851f98a6fae31e76,de8b2c941f3e2612b146298a35d3f6f5,856,0,2012,2812,1156,2812
aafaf3cb8ce2ead9b4d024247e4da611,4a965d6864934c82cc2829ffbf42acd6,2222,860,2800,2704,578,1844
377dd115242ed4a1851f98a6fae31e76,6ba97023fb08913b69ec56abe7f759e7,0,0,1068,2812,1068,2812
143f0205bcfd15097f4806e04be79a02,670633ec2f7caff96cf3cd6c4d4b3db4,1919,0,2800,2328,881,2328
143f0205bcfd15097f4806e04be79a02,a3b87f93bd434fa1b099b5f71592b85f,0,0,1704,2627,1704,2627
143f0205bcfd15097f4806e04be79a02,85857f87e99a0902df32bfc4e4a8110a,0,948,896,2861,896,1913
5e760a9f095c83087567ffd5ed24665a,9389c1a9173d5f5a7fcad084f1c7aebb,1912,316,2800,2466,888,2150
143f0205bcfd15097f4806e04be79a02,75c8ca96d621f8e4bd503f0ac1aee433,1973,270,2800,2408,827,2138
5e760a9f095c83087567ffd5ed24665a,5958b1fd87dd8cdb8b8446c01408efc0,0,0,940,3203,940,3203
5e760a9f095c83087567ffd5ed24665a,29be850046fd95c79d4a91fabaae1572,0,780,911,2972,911,2192
5e760a9f095c83087567ffd5ed24665a,720b6cdd619ae31546e4ee86cf37f943,1893,0,2800,3114,907,3114
a8b33945374e75f443ea8e96e2f4e53f,93809065c795705b2e4c3819eff0bc5a,0,741,881,2876,881,2135
a8b33945374e75f443ea8e96e2f4e53f,7d184c6ac5b9c97e1ac5bc060019189b,1822,55,2800,2303,978,2248
a8b33945374e75f443ea8e96e2f4e53f,bbd5ee86e51afa13d79a41fdcddc49e4,0,0,961,2894,961,2894
4143ed249a10e5e827dc4c1695f5cff6,dad4c3e533d49d70358140d72c437914,0,29,727,2296,727,2267
a8b33945374e75f443ea8e96e2f4e53f,5f74445781760e4a73c27d3e4e32a9f8,1788,0,2800,2908,1012,2908
4143ed249a10e5e827dc4c1695f5cff6,f97be1de7513f2d38b80398ad266bae6,0,0,847,2755,847,2755
4143ed249a10e5e827dc4c1695f5cff6,5efa40ab43d90204cef29c3cb71a90d3,1975,0,2800,2571,825,2571
4143ed249a10e5e827dc4c1695f5cff6,1bcddb04484d6017020ca8f57c53934f,2078,0,2800,2298,722,2298
9cfdc6f777f5f19079db4155126f5781,4258557b777a86762585c0482d5d84f8,1717,0,2800,3518,1083,3518
9cfdc6f777f5f19079db4155126f5781,cd7b5ddbb890890dd9e27e52dc373a7d,1811,624,2800,2871,989,2247
9cfdc6f777f5f19079db4155126f5781,edc1f165db05263f935da805fc0c3c7b,0,717,976,2987,976,2270
9cfdc6f777f5f19079db4155126f5781,1b2116708384009b14c5d7fd1137e0ad,0,0,1085,2869,1085,2869
db3c5cf7336cc061ad5679d2209c2386,f3b7da5f9ca3b14e89f6a66b7d1c2ef0,1936,0,2800,3518,864,3518
db3c5cf7336cc061ad5679d2209c2386,de8b49dee1cd6c3a7dfd404a1de4d266,2107,274,2800,2327,693,2053
db3c5cf7336cc061ad5679d2209c2386,051cab78cc34935e39f6133fad298923,0,0,880,3518,880,3518
db3c5cf7336cc061ad5679d2209c2386,5259d2145058ac4d87b49ef4fcb9ce64,0,268,727,2577,727,2309
8caa9e54b30e54edbdcbc771e7386fd7,cd35ea647d3f82ad917d8f03317853e9,0,0,1029,2784,1029,2784
8caa9e54b30e54edbdcbc771e7386fd7,a7c64ea280c0c19d81e43e3e272c12f5,1827,277,2800,2534,973,2257
7795d09e52505903af3568bce7bd9c92,6a8f30e75d05f8a4765b7fa573b71923,1804,0,2800,3399,996,3399
7795d09e52505903af3568bce7bd9c92,e13b73b4a3a11c6ddc2246bc62af9529,0,715,998,3518,998,2803
7795d09e52505903af3568bce7bd9c92,07b7e44dbce5dfef79947f2c8bb18a55,0,0,1117,2512,1117,2512
02dba952e4ef2cf35613761a64bbc751,ccd70798c92ae5a734e715e5de8081f3,0,603,874,2663,874,2060
7795d09e52505903af3568bce7bd9c92,8ba32da8776e32cb8a09453ade4575b8,1872,189,2800,3430,928,3241
02dba952e4ef2cf35613761a64bbc751,1246963cc624ac0b8a2fd974f463a825,1856,0,2800,3518,944,3518
02dba952e4ef2cf35613761a64bbc751,723ba02a1a301b9e6e3689e4a349a32f,1894,519,2800,3518,906,2999
02dba952e4ef2cf35613761a64bbc751,9ed8418af1c4aa63a75b0ad39358101c,0,0,878,2662,878,2662
8caa9e54b30e54edbdcbc771e7386fd7,11dbf2405e94335db8d8011db532a5ac,1774,0,2800,2608,1026,2608
7f09d90eb0221ad6f06243afd8230d0f,9a39f12c21228f5c572153d5773b023a,0,0,1228,3518,1228,3518
b3483104ef6df27c10ddac36233f45b0,f262d9226e5d936bd465706505723ae6,1827,726,2718,3580,891,2854
1ffdac229793adc0f1211a1561aa7497,8e72c50ddf13ba8827e5d90a2bb6eef8,1116,132,2012,2812,896,2680
1ffdac229793adc0f1211a1561aa7497,0ca5a89d907a33fb66acf89612a27f96,0,0,1036,2812,1036,2812
1ffdac229793adc0f1211a1561aa7497,239d873770da2067f9b4f025e8651608,0,56,1027,2812,1027,2756
1ffdac229793adc0f1211a1561aa7497,9461af86e647f22a836742b0a268ff9c,1071,0,2012,2497,941,2497
7f09d90eb0221ad6f06243afd8230d0f,c91fbef1a3368cbe5e2023378919e6a1,1765,387,2800,2719,1035,2332
6093e33a0d4ed47753c91a4b7e12ba6f,854261b0dce1e19df01f44089f994cd6,2117,0,2800,2457,683,2457
6093e33a0d4ed47753c91a4b7e12ba6f,2b94976b5a31f5a0f4b59c1350181f2e,2036,552,2800,2298,764,1746
6093e33a0d4ed47753c91a4b7e12ba6f,b10a06bc9c47d7dc4fed9e7c97154ba9,0,0,740,2441,740,2441
6093e33a0d4ed47753c91a4b7e12ba6f,6028b81d48abc9067c2828f0e915fa49,0,706,764,2551,764,1845
b3483104ef6df27c10ddac36233f45b0,820f24d904814ebfdee56b4f587e15b4,0,0,1098,2827,1098,2827
b3483104ef6df27c10ddac36233f45b0,ab024643a414d2814da8c2046f4b9470,0,504,1054,3357,1054,2853
dc3a39506f5045c6630450ee4dd2f2a3,a584c4a93d9e44c90a82df6ecacf204a,1430,0,2800,2987,1370,2987
b3483104ef6df27c10ddac36233f45b0,23cea33b5cbbee40abd7786e817ce540,1859,0,2702,2852,843,2852
d18911d1f04b2f9762543185ff00007a,57bee86c915d89c3e9afe7f325771e36,2049,30,2800,2513,751,2483
d18911d1f04b2f9762543185ff00007a,622b1f68ed842f2b6b4ada8672055448,0,508,628,2741,628,2233
dc3a39506f5045c6630450ee4dd2f2a3,d8245d5929adedbc9472a6de430d4fcc,1558,0,2800,2535,1242,2535
dc3a39506f5045c6630450ee4dd2f2a3,d0c5eb10a046e7f2291fb72f06f3b3ef,0,0,1498,3169,1498,3169
dc3a39506f5045c6630450ee4dd2f2a3,14c370eb6d7022d5fe8f64d953355e6a,0,384,1303,3026,1303,2642
d18911d1f04b2f9762543185ff00007a,45e9453be80a9f93c23f434356f8b06f,1910,0,2800,3234,890,3234
d18911d1f04b2f9762543185ff00007a,6f8a91eaa10003ca9f0f7d66b084e02c,0,0,717,3518,717,3518
1619261f1be986a5cc77fc74eb7c6f86,8b64598c23b7a7cecdb64af5213b4e60,1763,0,2800,3518,1037,3518
7f09d90eb0221ad6f06243afd8230d0f,de618655910be36cfeacfe5e5aacb1b1,0,389,1110,2687,1110,2298
1619261f1be986a5cc77fc74eb7c6f86,c2c7cf980dd5974135b04aceaf29cc8b,0,0,1010,3518,1010,3518
7f09d90eb0221ad6f06243afd8230d0f,f213a8e4122449ab0ec2fdd361910771,1634,0,2800,3518,1166,3518
1619261f1be986a5cc77fc74eb7c6f86,59658d3b58ae7146a681b74f77c04dd6,0,767,906,3042,906,2275
a6f5fefddb458cb489274471a3a4e8f8,bf65ad72f3195e1d5e25a29cfffeb4ee,1804,614,2800,2841,996,2227
a6f5fefddb458cb489274471a3a4e8f8,a492ccf77d7a6b99d39d72961d466d1e,0,661,1134,2943,1134,2282
a6f5fefddb458cb489274471a3a4e8f8,2a8b32008deefb5a7d0d01aac4f5b5e3,1729,0,2800,2604,1071,2604
8caa9e54b30e54edbdcbc771e7386fd7,265a2978da4a9a2fa56c4a43a48761a6,0,492,831,2572,831,2080
fd69494a774053c179bca613804a8d47,11de88354527178aba08090249772982,0,526,836,2954,836,2428
a6f5fefddb458cb489274471a3a4e8f8,231c70ebd11635cf4b5c3e79819ecd4b,0,0,1075,3518,1075,3518
fd69494a774053c179bca613804a8d47,4f813cd6a8866816b0af7d4fb7223f68,0,0,970,3518,970,3518
1619261f1be986a5cc77fc74eb7c6f86,bfb0396a73feb43f0a080f9eacecf8a0,1868,382,2800,2588,932,2206
2e2965ef694bc8b1f5ccf00926c086ff,44f14ae458dbccc56e611a3b47afebb5,1790,0,2800,2577,1010,2577
fd69494a774053c179bca613804a8d47,81116ac79cbff6d4c02c07e1264057e0,1906,0,2800,3518,894,3518
2e2965ef694bc8b1f5ccf00926c086ff,d7f5dc5841ccd5b71bc0f1e5d40f00c6,0,998,1064,2917,1064,1919
2e2965ef694bc8b1f5ccf00926c086ff,708d7303b0265c00145817fb2b7cadaa,1821,499,2800,2594,979,2095
2e2965ef694bc8b1f5ccf00926c086ff,4eabab86a6f8ae657e05a097793fb018,0,0,1012,2318,1012,2318
4bbb976f1f09cb84f28fa0601a902781,ee2c99ac3d4af55c64fd8207394cb0b5,0,300,835,2388,835,2088
4bbb976f1f09cb84f28fa0601a902781,255f0dcc5ca3131051e5fc06af99fca9,1932,232,2800,2502,868,2270
fd69494a774053c179bca613804a8d47,97baa964871bad9a522672b3e99a706c,1961,418,2800,3518,839,3100
4bbb976f1f09cb84f28fa0601a902781,061bc49a16cad3bc2b479993f7e689f8,1953,0,2800,3518,847,3518
4bbb976f1f09cb84f28fa0601a902781,ec7d909af16c2e1354ff5098994c6598,0,0,862,3518,862,3518
b457ca00fb70798be5ff96ed15724faa,87e9498e7d7dccd011d0587435746588,2313,741,2800,2544,487,1803
b457ca00fb70798be5ff96ed15724faa,8190f23b3645a0844b0b3060d49f08d5,0,0,761,2514,761,2514
9870e0438ed1f19cb85aaa32cf1e8830,6170c92acc7a1e491d3e154ac28faf92,0,178,869,2812,869,2634
9870e0438ed1f19cb85aaa32cf1e8830,49a83a14fe22d7e004003daef631ac50,0,0,859,2812,859,2812
9870e0438ed1f19cb85aaa32cf1e8830,ea8790b418b754139457d48e5228c077,1059,0,2012,2633,953,2633
9870e0438ed1f19cb85aaa32cf1e8830,97b36b94a940b61017d4dd6cbbf5b8fc,1058,0,2012,2812,954,2812
7fc4bbd3437022fe3515fe000982912c,87022f58fcd633753849aaaaecd112d4,0,587,942,2932,942,2345
7fc4bbd3437022fe3515fe000982912c,62743007a2f72eba7a649914504bbc47,2002,489,2800,2646,798,2157
7fc4bbd3437022fe3515fe000982912c,9e47b457d7c93c0f8c9bb845d09d9b5e,0,0,957,3518,957,3518
7fc4bbd3437022fe3515fe000982912c,a72e435b14a67a38b333d1edab646e27,1963,0,2800,3518,837,3518
9d1310c46334e503a6f40fb1497c34a4,26370e9d2e597c2748bf674f2e2de853,0,758,793,3518,793,2760
b457ca00fb70798be5ff96ed15724faa,ca7bd6b0ee9a0d2f0fd4d14e746d4afa,0,504,676,2465,676,1961
9d1310c46334e503a6f40fb1497c34a4,dfeedd5c53c2bdd934c606aeef24cd49,1938,0,2800,3518,862,3518
9d1310c46334e503a6f40fb1497c34a4,3b55d38a702a3b2deaaa45f151ed40e5,2048,522,2800,2576,752,2054
9d1310c46334e503a6f40fb1497c34a4,8f8f85ba3c6645915c5349f6a6d5a875,0,0,860,2908,860,2908
b457ca00fb70798be5ff96ed15724faa,05985a4a29ab7d280cb735e11b2f2c36,2104,0,2800,2671,696,2671
d6570a2aae155f03b3e3b5eba83167bc,5106a76f7f9f574dd955e52487d169dd,0,0,982,2664,982,2664
d6570a2aae155f03b3e3b5eba83167bc,b26f40af33a396c9bbb1a6eb6e3ac2fd,1575,0,2702,2686,1127,2686
d6570a2aae155f03b3e3b5eba83167bc,4cc2b68998e43d395389643a21ec0cb3,1656,252,2718,2623,1062,2371
d6570a2aae155f03b3e3b5eba83167bc,479bb736b9b3f40fe89d45edc6f691be,0,786,983,3018,983,2232
821156a44251333e17f1cd7be85baa07,71b2ff6a691b544894ed3e5a731c4bec,0,0,1344,3518,1344,3518
e87560369603db94ed6ed5606fe595d0,b7aab83cdd9f122ad864ef9a1a8f6979,0,461,880,2505,880,2044
e87560369603db94ed6ed5606fe595d0,c5b62e4448e99cec840521983a104410,1764,0,2800,2308,1036,2308
e87560369603db94ed6ed5606fe595d0,bccead060b49d9a6034fb98165cf925c,0,0,1058,2214,1058,2214
e87560369603db94ed6ed5606fe595d0,2d1b218403ad6216507dfcf3e9205285,1828,57,2800,2273,972,2216
1586b51e41ee609593d5404b87cf360c,fc8c1d56f370771eff4aa72d129997bc,0,986,655,2781,655,1795
821156a44251333e17f1cd7be85baa07,1a3ce37800685127e1836ebe104bfa6a,0,0,1206,2877,1206,2877
1586b51e41ee609593d5404b87cf360c,e120db695c3515477fd639e8b59a785e,0,0,857,3518,857,3518
1586b51e41ee609593d5404b87cf360c,747065204e5c37035513a8940a2ace58,2086,0,2800,3518,714,3518
48e2884ac235c81efca0f264442a6caa,f49aa2563af761a0b49e9ad98bbe00ee,0,0,923,2700,923,2700
1586b51e41ee609593d5404b87cf360c,a5a6a54fced7ec489dfcf38cc0fd22f9,2183,466,2800,2720,617,2254
48e2884ac235c81efca0f264442a6caa,a430d96db8efc0aa97fe179803ae9c46,1861,494,2800,2640,939,2146
48e2884ac235c81efca0f264442a6caa,079b1edb6b75a91147f6a25dcc6d761c,0,647,952,3334,952,2687
48e2884ac235c81efca0f264442a6caa,f68719ef19dfe127377f2b015fe03e28,1906,0,2800,2642,894,2642
7b97956c34608dc42d43c96a800eb55f,7b19a6f4a47e37bb063abf356e69d986,0,777,741,3518,741,2741
7b97956c34608dc42d43c96a800eb55f,21f6ff86237974dfe61a77e84b77c5c0,2017,0,2800,3518,783,3518
d5c993e02904b78cee9957b028022991,9206e20b3b583f089aef6efebb969c4d,1849,142,2800,2380,951,2238
d5c993e02904b78cee9957b028022991,1d83fbde2a2d36f95b7227f895a515b5,1832,0,2800,2814,968,2814
d5c993e02904b78cee9957b028022991,d38c7e648b36e0fce548dc9d4db06c11,0,0,1046,3518,1046,3518
d5c993e02904b78cee9957b028022991,4449d9c6dc9bdb424df455c4ab30b48b,0,0,982,2545,982,2545
baa7a428439c9ef7631718c7dc4e0460,d27663d088a98efdbccf48f5557076cb,0,0,841,2516,841,2516
baa7a428439c9ef7631718c7dc4e0460,f33037838864b890cb0b94518863161a,2023,438,2800,2338,777,1900
7d5c6e64215680223d8488afb66374ed,e89ce864edac4c93d9ced3157342cf5d,1331,13,2012,2056,681,2043
a99bdcfc5c2f77be0b8777c2540555bc,e8622a694ac7d18bb14ae8dde1346294,1746,15,2800,2336,1054,2321
a99bdcfc5c2f77be0b8777c2540555bc,cc6661213f4f2cc45901ba35ef909a5c,0,326,971,2516,971,2190
a99bdcfc5c2f77be0b8777c2540555bc,c66ed5980ba90c803b928174c5623327,1707,0,2800,2737,1093,2737
821156a44251333e17f1cd7be85baa07,904eb6fc1d4386a474cdfb787a95bdfc,1548,0,2800,2808,1252,2808
a99bdcfc5c2f77be0b8777c2540555bc,370b245845272f2385922d8cb025e1c2,0,0,1019,2485,1019,2485
7b97956c34608dc42d43c96a800eb55f,a1f0c060768543910464ea9af4ccbe76,0,0,768,3390,768,3390
7b97956c34608dc42d43c96a800eb55f,9b128499fd3b3e33f8bfe40db94924c3,2092,602,2800,3518,708,2916
7d5c6e64215680223d8488afb66374ed,c52bc423f088573afe37d0aeac71cfd6,0,75,673,2337,673,2262
7d5c6e64215680223d8488afb66374ed,5f4d333abfce1292cf357ddea867de56,1203,0,2012,2472,809,2472
baa7a428439c9ef7631718c7dc4e0460,903caba2fa026b179487eeff5b0d3aae,0,593,783,2520,783,1927
7d5c6e64215680223d8488afb66374ed,e6744df02bfaa3b7cec1a8ecdc308147,0,0,685,2747,685,2747
35796591dc74953dfba9ca060fd44ccd,3259ef66c94397b658cafa6eed5657a2,0,0,792,2812,792,2812
baa7a428439c9ef7631718c7dc4e0460,425e832f4126de720b37eb5fa956ef7f,1984,0,2800,2449,816,2449
35796591dc74953dfba9ca060fd44ccd,8c0682b46d36cd64f8881d34a92ecedf,0,460,884,2553,884,2093
35796591dc74953dfba9ca060fd44ccd,0fd35dccb2efefd8ff4c7a82702e253b,1207,266,2012,2812,805,2546
821156a44251333e17f1cd7be85baa07,94ec55e2b073e63a3a7fac5e2aad1486,1517,0,2800,2913,1283,2913
35796591dc74953dfba9ca060fd44ccd,144044046d10af7cee72cdabd431c3fa,1113,0,2012,2812,899,2812
6f9726f1dbd390e048f1bfddde27effb,ea0c9beb3afbf24d23d0a24d9412f0eb,0,350,730,2146,730,1796
6f9726f1dbd390e048f1bfddde27effb,be12843a7c370dc8f03e7caa7b1d1b2d,0,0,788,2812,788,2812
6f9726f1dbd390e048f1bfddde27effb,77de945b53c580bc1683f6d2d61cabe7,1277,0,2012,2573,735,2573
76368c4fe74050a8a137f9c524f884a4,9573df6aad4ba7db44d34f6e20935319,1010,0,2012,2760,1002,2760
6f9726f1dbd390e048f1bfddde27effb,6fc087d2b860147b2b1b61db3b9c20c8,1168,193,2012,1946,844,1753
76368c4fe74050a8a137f9c524f884a4,72b3fdd55216eddf24a352dddd08a1a6,1237,27,2012,2189,775,2162
76368c4fe74050a8a137f9c524f884a4,d3bd96d602319b4d33bd59816ceb218c,0,445,765,2535,765,2090
76368c4fe74050a8a137f9c524f884a4,b42abf188c859ac52233c62ca4543488,0,0,1381,2812,1381,2812
752493f24f84d27d401d070709d176ab,c5c863e700da4188129e5b8285ea0bbe,0,591,796,2562,796,1971
752493f24f84d27d401d070709d176ab,a0087408075f7bae68baddf994e5ee4a,0,0,951,2319,951,2319
752493f24f84d27d401d070709d176ab,41040a367358df02680bc6ce2ab7475b,1795,0,2800,2546,1005,2546
6b8e483001ee8cea0673292b6e4a083c,fa709f4874dca350e956d10990b0ea6b,0,0,2012,2812,2012,2812
752493f24f84d27d401d070709d176ab,0543622022e1d1c54a8971fd87bcf597,1877,715,2800,2813,923,2098
6b8e483001ee8cea0673292b6e4a083c,83a3dc1832bb2885e308f6f665bf887f,0,0,2012,2812,2012,2812
6b8e483001ee8cea0673292b6e4a083c,5f7da1d109fb11cba01c6838980c79f1,0,0,2012,2812,2012,2812
6b8e483001ee8cea0673292b6e4a083c,56abea2e0a9bd672ed627d0f96468a70,0,0,1842,2812,1842,2812
71d6a396da597fea31526ab02530d13d,31a1709250174086e5e6810a3d2a707b,1768,0,2800,3231,1032,3231
71d6a396da597fea31526ab02530d13d,8cf60693cd945b245fc376ce5c65188b,0,41,923,3250,923,3209
71d6a396da597fea31526ab02530d13d,1eb7f8d9231186c82f21cd0d983d7d1a,1829,580,2800,3496,971,2916
71d6a396da597fea31526ab02530d13d,ff1c5387049abb502d64c1ce83c63fd9,0,0,1049,3518,1049,3518
b619a476b64bc9181bb8b8fd7c7e5b79,5388dce47a6c90709bc174582ae92b97,0,388,1163,3329,1163,2941
b619a476b64bc9181bb8b8fd7c7e5b79,c44f636e8bcf649284f5d532f8958a12,1621,708,2800,3327,1179,2619
b619a476b64bc9181bb8b8fd7c7e5b79,6a0c68489801d718729adf9d8d43593f,1775,0,2800,2245,1025,2245
bdf65210726eb71e919b1af1a1c87c61,35293500d91fb681fd8ff9171d8161c1,2016,610,2800,2615,784,2005
bdf65210726eb71e919b1af1a1c87c61,905de70692b4a7fdc07812aa56fce7b1,0,876,811,2884,811,2008
bdf65210726eb71e919b1af1a1c87c61,ce7451c5965829052ac3a5d9aded25b1,0,0,882,2684,882,2684
bdf65210726eb71e919b1af1a1c87c61,2f11b93c073630fc866ebd61708c49c5,1918,0,2800,2801,882,2801
77547ad019382809d3fa5a6098d76fcc,b62f40477b13c4bdc57543eee6f1e007,0,0,1513,2980,1513,2980
77547ad019382809d3fa5a6098d76fcc,bedd20549cf422130e41408d4e6afa1d,1848,469,2754,3453,906,2984
e6fec43f8825f00c0eae9e94a42d8c11,e68e8d8e2324ab4504187d9a0068fc11,1364,482,2012,2258,648,1776
e6fec43f8825f00c0eae9e94a42d8c11,871745dd796e5c6a6c9f2d658d9d9cd2,1332,0,2012,2812,680,2812
e6fec43f8825f00c0eae9e94a42d8c11,c3ebb2a717992832b79b49f808482c6b,0,0,814,2812,814,2812
e6fec43f8825f00c0eae9e94a42d8c11,4b08c4f184eb69a3c732c8e8eb627af8,0,536,728,2464,728,1928
77547ad019382809d3fa5a6098d76fcc,cc73fb4a62928a28d8cb94bbbb5b68b0,1769,0,2724,3032,955,3032
77547ad019382809d3fa5a6098d76fcc,3b9f9cd2849146014795db9db1335659,0,425,829,2893,829,2468
f743be836a46a5ca1516157668435b38,50bc062f9b94b1cc06fe3666081cd241,0,0,699,2633,699,2633
f743be836a46a5ca1516157668435b38,9f31efceb65e3a5b54f526775e2613da,2095,509,2800,2395,705,1886
f743be836a46a5ca1516157668435b38,9ad5658d85fc7fb4d045537c8c3125e4,2008,0,2800,3518,792,3518
f743be836a46a5ca1516157668435b38,433d2bd65c3cdbf906ccbf854091cc47,0,334,637,2322,637,1988
b619a476b64bc9181bb8b8fd7c7e5b79,da142e71085e8f089af6f06ee1d2ffd4,0,0,1084,2289,1084,2289
0ee32f5c910b35c30a500c82c7b1c2d1,3d6a1fd3364f4f22e2f45014f23ba674,0,0,1148,3241,1148,3241
0ee32f5c910b35c30a500c82c7b1c2d1,e5fb50fe073153c6006638c2cd264363,1766,0,2800,2804,1034,2804
f188a92ae98302db8a4905d0e716625a,168b50fb732c68acef05f55e49e653ff,1166,51,2012,2386,846,2335
0ee32f5c910b35c30a500c82c7b1c2d1,26dd42f1a4341cdf6feebd22564f8939,1743,602,2800,2723,1057,2121
f188a92ae98302db8a4905d0e716625a,4bb51c6792c68585596af540588cd2f0,1125,0,2012,2577,887,2577
f188a92ae98302db8a4905d0e716625a,d75201ebfd934bd452e8f43f934eccea,0,0,784,2357,784,2357
f188a92ae98302db8a4905d0e716625a,fa0658e471177c37ecceab5c6ab9a3b5,0,0,841,2812,841,2812
0ee32f5c910b35c30a500c82c7b1c2d1,216bcdbcf4b0a44d8c1bef2e6c0de16e,0,573,1146,3518,1146,2945
c1cae3e7498f6914fdadbcd0bda91219,26dd7968b0f0ef1cf998d3960a7c7981,2032,0,2800,3015,768,3015
c1cae3e7498f6914fdadbcd0bda91219,fee3c38f6925480dabf3872bb055ede3,0,0,931,2613,931,2613
620540eacf40713d457794075b6194ca,2f6e06d3d3d3b93694f040070ca064d0,0,505,1089,2903,1089,2398
c1cae3e7498f6914fdadbcd0bda91219,6e8d58b29d9db0f40e9e2b8e654d40d2,0,802,894,2780,894,1978
c1cae3e7498f6914fdadbcd0bda91219,4ad5447876eb2a68702609efb239d87a,1999,640,2800,2582,801,1942
620540eacf40713d457794075b6194ca,1cf9fe6c6943d24ffc1977c172aed52a,0,0,1227,3518,1227,3518
620540eacf40713d457794075b6194ca,65862aee30a500c012c5d5b551daa7af,1623,0,2800,3074,1177,3074
620540eacf40713d457794075b6194ca,d87681a1005c500940e40dc27a4b2b5c,1736,133,2800,2546,1064,2413
fd2fccc2650d1857a5669c28441300b2,2ad344496bc6f2d91c27f501be133971,2079,0,2800,3518,721,3518
766176f3389dd5ef47dc5e623739a9e8,50fded313472d4500b286d3604546608,0,638,607,3281,607,2643
766176f3389dd5ef47dc5e623739a9e8,a29647e27355d1938d9090fc83eee182,2058,0,2800,2711,742,2711
766176f3389dd5ef47dc5e623739a9e8,292a2644797b5b9b38e46c8fca9a0c64,0,0,715,3518,715,3518
766176f3389dd5ef47dc5e623739a9e8,44315794859e1aec35d0e40e042471b9,2207,722,2800,2464,593,1742
9bd03abbcd257b4e00dd1a053b377861,d4b99a90077a984ab0a0a35883089e5f,0,657,546,2374,546,1717
9bd03abbcd257b4e00dd1a053b377861,1caf6d08a9cb8e7cb9d494407e5f03d5,1985,0,2800,3089,815,3089
9bd03abbcd257b4e00dd1a053b377861,edd776029646bb42f8a460a974596eed,2318,66,2800,1932,482,1866
8e81d6a0d4b709d5d1ec1950b20a40e4,b9b3db9be73cc906247ef6d1f92bf008,0,0,1308,2812,1308,2812
9bd03abbcd257b4e00dd1a053b377861,0e089caa76a28e15aa6dd307721540da,0,0,813,2359,813,2359
8e81d6a0d4b709d5d1ec1950b20a40e4,bed98ccf815160ce306d1350157799a4,635,0,2012,2772,1377,2772
fd2fccc2650d1857a5669c28441300b2,489c42cfa58d9cccc8a1fb2eda54d6e1,0,718,829,2856,829,2138
8e81d6a0d4b709d5d1ec1950b20a40e4,683b405faf97c9a0fdca539981888ef8,721,212,2012,2812,1291,2600
fd2fccc2650d1857a5669c28441300b2,cbd30d8f2d8eb4dd4278a86381f38a3d,1969,658,2800,3073,831,2415
fd2fccc2650d1857a5669c28441300b2,09b20d9ef71a6c11ae6f440475d6db56,0,0,733,3159,733,3159
8146e728f3db9a113a6512f2b93564b3,062a18f4573b5f00ad2a0ee1de37b99c,0,0,951,2659,951,2659
d3a651252d937fa6f89d26961bb07455,1b056e53fb284c325f2ce1a7b0d55a34,0,0,833,3518,833,3518
d3a651252d937fa6f89d26961bb07455,e107f53e14966d5a9236f5b58ff5364b,0,623,621,2627,621,2004
8146e728f3db9a113a6512f2b93564b3,2bebe31f3c85f7766da69f5bf48d53e3,0,675,873,2638,873,1963
d3a651252d937fa6f89d26961bb07455,9fbdaa735acb3a7ace5f4f614eb18403,2136,339,2800,2510,664,2171
d3a651252d937fa6f89d26961bb07455,bf3ca245c95ac88ba91e89693b103865,1956,0,2800,3327,844,3327
303b12ba4cacb9461bc7df75947a4e2c,e366af8b20001816209ec3d5626fba31,1988,257,2800,2446,812,2189
8146e728f3db9a113a6512f2b93564b3,c414b175f747a88abaf4b7a6e606ffa9,1787,0,2800,3089,1013,3089
303b12ba4cacb9461bc7df75947a4e2c,24709e402cbbd3f6c6ae70532b9a59d9,0,0,1008,2208,1008,2208
303b12ba4cacb9461bc7df75947a4e2c,88bf51d7328a64bf3d91eab389e61565,0,236,878,2345,878,2109
303b12ba4cacb9461bc7df75947a4e2c,a754a76a70842d21b231b70a637a5e16,1822,0,2800,2258,978,2258
c82df7b09c2da5f21e83347bf221609e,54ff99511881f36576c0bfcfc87f0bc2,0,1148,907,3518,907,2370
c82df7b09c2da5f21e83347bf221609e,3527d9a479e2c242013ed32e1c93819f,1920,711,2800,3518,880,2807
8e81d6a0d4b709d5d1ec1950b20a40e4,6d083558e9accf62919806bf0adcedaf,0,114,1334,2812,1334,2698
c82df7b09c2da5f21e83347bf221609e,437a5cf58fedd970ffb2d9a00dea0d6c,1796,0,2800,2875,1004,2875
ad721e26365b1555dd539aed6123a851,ca5674ff2887b065a5c9f931bbb495a1,0,0,1065,3139,1065,3139
c82df7b09c2da5f21e83347bf221609e,a2a6c2a3eaa543ca8e96990e42d8eab2,0,0,1065,2866,1065,2866
49fc5339d73d8deb24d0041664958248,4b5c20fc443abf284b5b449b718bae70,0,0,1097,2650,1097,2650
ad721e26365b1555dd539aed6123a851,f1dd8037a1a5f684cebc10a22e2e2797,1810,0,2800,2797,990,2797
49fc5339d73d8deb24d0041664958248,e023b228b91a257c9b649262b94e5b24,1718,688,2800,3252,1082,2564
8146e728f3db9a113a6512f2b93564b3,d26b677bf6cb56bf4b9cfe8612b92d1e,1861,543,2800,2528,939,1985
ead7b50e5a5b353be53628b9fe2adfa3,e1bcb2328c9f3d6d85e4e483ec0693de,0,781,777,2928,777,2147
ead7b50e5a5b353be53628b9fe2adfa3,af4602ec62555179835128749cc4bebc,1961,524,2800,2736,839,2212
ad721e26365b1555dd539aed6123a851,e780e1a7d8c8e483d3c1034e4de1c106,0,504,1018,3518,1018,3014
ad721e26365b1555dd539aed6123a851,21bf6d9fd0dff22dc2b4fa769f2c5b6f,1796,335,2800,2428,1004,2093
49fc5339d73d8deb24d0041664958248,c8de216155c33e0eeb8a3e7c4f475225,0,399,1078,2776,1078,2377
ead7b50e5a5b353be53628b9fe2adfa3,6dbd3cfdaba7115d3add7451e8fd6e4f,0,0,880,2412,880,2412
49fc5339d73d8deb24d0041664958248,beaf8f7b5e1bff3374b6ed01a629a9ca,1715,0,2800,2693,1085,2693
63d58c23d10e59e7b65d43c8005fae51,a0144625bc8ae074f03ec5696badb707,0,659,815,2689,815,2030
6ebd67a3a2248a8a90ffbb17e50bc9ef,aab3d5c0398a6f19b0e9c8e11a04f6ce,2154,600,2800,2569,646,1969
6ebd67a3a2248a8a90ffbb17e50bc9ef,19b8220c7b7300ddd3c8f6a30c34c10e,1969,0,2800,3518,831,3518
ead7b50e5a5b353be53628b9fe2adfa3,53af214e4e673f7a450afb69272ef361,1845,0,2800,3009,955,3009
6ebd67a3a2248a8a90ffbb17e50bc9ef,184ef56c265697b2309bb3a0affcddd1,0,0,768,3518,768,3518
6ebd67a3a2248a8a90ffbb17e50bc9ef,fbd20eb6a093efca7dd11b5797375496,0,566,698,2621,698,2055
63d58c23d10e59e7b65d43c8005fae51,52bfd994e73c849b388d3d3eba9f0c70,0,0,921,3438,921,3438
63d58c23d10e59e7b65d43c8005fae51,225b03838733ff34c1655f627446549d,1941,225,2800,2297,859,2072
63d58c23d10e59e7b65d43c8005fae51,af9bc470f22443110b739fe5b0a0861b,1868,0,2800,2408,932,2408
5fe1adc27826e88ec772649906b027f9,1542f73caaab37a544bf725be5b4ff0f,1931,263,2800,2687,869,2424
6638548737fd55d89e7b16104d68fe37,f1d3ea2c58b7975e14e8d0d4a2f8bd2b,0,477,1215,2701,1215,2224
5fe1adc27826e88ec772649906b027f9,8c1f61e6f4d997783ab2fa567733997d,0,468,833,2821,833,2353
c53538d476f12fbeb8633ca9b1150f82,024fea4b7ae93601f67aa569629a003d,2039,844,2800,2836,761,1992
6638548737fd55d89e7b16104d68fe37,0bed89c4e1648b03e35bbcc363b63a5c,1360,578,2800,2801,1440,2223
5fe1adc27826e88ec772649906b027f9,743524835c9bb18b4357a43a7baf7dc6,0,0,920,2644,920,2644
6638548737fd55d89e7b16104d68fe37,f7195eea20986249bab6a3353ca9997d,1349,0,2800,2762,1451,2762
6638548737fd55d89e7b16104d68fe37,9b14cbaefc126fe15fa68e229cc4fb95,0,0,1316,2728,1316,2728
c53538d476f12fbeb8633ca9b1150f82,3ac714bba2fc2e8a37358881f8055d2b,1936,0,2800,3518,864,3518
c53538d476f12fbeb8633ca9b1150f82,cf1fe0fda33e3c95d3dff769b627c457,0,512,951,2616,951,2104
5fe1adc27826e88ec772649906b027f9,9bf14c483a5f5b9fa1a8b18076763725,1771,0,2800,3518,1029,3518
21ee099d74242fca1551adb6f2564a15,23570fe4b2468282412fe26bd48dc8b9,1448,390,2812,2767,1364,2377
21ee099d74242fca1551adb6f2564a15,49f860ced6222146c04dd74355255abf,0,595,1320,2976,1320,2381
c53538d476f12fbeb8633ca9b1150f82,e69f38f6e20d75a2566556b9cab9243b,0,0,917,3518,917,3518
21ee099d74242fca1551adb6f2564a15,b73d4e04b69d52ba6f350cc77da54f95,0,0,1281,3079,1281,3079
21ee099d74242fca1551adb6f2564a15,f8a8e896412cb7e597ff2e7e1481ee06,1498,0,2812,3038,1314,3038
28d789d7ae7a463507a655a3af213d6a,2a67a3f7350f265b69ac9e632a234aac,0,0,820,3518,820,3518
28d789d7ae7a463507a655a3af213d6a,7e5c6814b13cc23e5a1a72771afb8d9f,2000,0,2800,3518,800,3518
28d789d7ae7a463507a655a3af213d6a,5fa6e09160b12921a3c353b848d2c1f8,0,508,681,2501,681,1993
28d789d7ae7a463507a655a3af213d6a,7f10bbef47337b40b0c661f1c3f2274e,2221,726,2800,2883,579,2157
b5ddc1499a124fa8c3295b376a8eef44,08730c22a56f514d84741bc3073b39a4,0,619,866,2840,866,2221
b5ddc1499a124fa8c3295b376a8eef44,6e887a40a61e2db86364af16cf30ad8e,1954,291,2800,2258,846,1967
b5ddc1499a124fa8c3295b376a8eef44,58b3522635696b3558bf8d06119edd76,1988,0,2800,2524,812,2524
b5ddc1499a124fa8c3295b376a8eef44,f884b948f5fa6a50c36fe4a34eb46064,0,0,707,2651,707,2651
c8d612fe6eefa3dbc4363be25b3890da,9ab6ad1e543f9f7cb97fed6cb98e221b,1465,0,2800,3518,1335,3518
c8d612fe6eefa3dbc4363be25b3890da,9fd710f9c13f5a13d34f21a63c307fcb,0,335,1316,2751,1316,2416
c8d612fe6eefa3dbc4363be25b3890da,d4ecca2789ebc19e5913900d7e1ed842,0,0,1327,3518,1327,3518
c8d612fe6eefa3dbc4363be25b3890da,c9316629c1413c4b34dd0814e5c0e5e3,1442,0,2800,2484,1358,2484
510f1cdebf9db26119f0c8e32f3d2d62,e1232b71336b00fe2b4a58faa2190151,0,294,1009,2627,1009,2333
510f1cdebf9db26119f0c8e32f3d2d62,52d7c98e1ebf1f92daa7ed2fa60d611e,1007,15,2012,2330,1005,2315
510f1cdebf9db26119f0c8e32f3d2d62,fc9b6c40e36d9709a2696c0a98cb249c,0,0,969,2812,969,2812
510f1cdebf9db26119f0c8e32f3d2d62,ae38bcdde361aff3d6f4630a5a3100ea,983,0,2012,2812,1029,2812
22dd684f64f6145f9935d08e793863b1,c3bd3b8fabb3405c74705b9bdaa90f6d,0,541,663,2437,663,1896
22dd684f64f6145f9935d08e793863b1,7886aea81168d33a57411af8f2896d19,1332,314,2012,2239,680,1925
22dd684f64f6145f9935d08e793863b1,c3f337652b6d6a6b357028746c95a8ad,1262,0,2012,2621,750,2621
22dd684f64f6145f9935d08e793863b1,1d9dec180a5c2bab3b77e55684cd7f95,0,0,784,2812,784,2812
0283ad8039aed93bb565b2f812b5efa0,9e3e013cbdc55e5b7b2c26e20d7c48a1,1925,0,2800,3518,875,3518
0283ad8039aed93bb565b2f812b5efa0,76287c18e3aca63539c4cdf70551567f,0,0,897,3518,897,3518
0283ad8039aed93bb565b2f812b5efa0,7a49c84d9c197f8c74ecfeb336dbccc3,0,585,898,3334,898,2749
0283ad8039aed93bb565b2f812b5efa0,7c3bf9006349f054b89233d30254b74e,1990,510,2800,3311,810,2801
60c8177e1f4f489c8e14ad6804f8579a,0918e349118c517fc4a4fb777938c62f,0,405,1207,2586,1207,2181
60c8177e1f4f489c8e14ad6804f8579a,8a649a5da082e5c692b8b42bfd611817,0,0,1269,2925,1269,2925
60c8177e1f4f489c8e14ad6804f8579a,9369ffac7266935ad270d1221b11b06d,1566,0,2800,2530,1234,2530
100d1197bd368737356f1da7fc270ae4,ce144ff23034b6b62319916ab2335918,0,367,1074,2855,1074,2488
100d1197bd368737356f1da7fc270ae4,c115b4d359e1163d6a143455a5139201,1664,0,2800,3518,1136,3518
100d1197bd368737356f1da7fc270ae4,cf9e140d1e223c84ba6cd8fe4d41d2b6,0,0,1083,3507,1083,3507
60c8177e1f4f489c8e14ad6804f8579a,58d40f38015456b0b50d1e53303ec555,1519,0,2800,3115,1281,3115
100d1197bd368737356f1da7fc270ae4,6b1dd04208019290c84add37e109fa79,1790,511,2800,2795,1010,2284
f38ba5d83ce1e6dbde96e4e49e3a0366,05d5aa26c5539cc23d8349167a387ef5,1643,564,2800,3518,1157,2954
d9f85d334141f3554fb6faceccdff570,2973bcf878fad1e9edade25be62602ce,870,0,2012,2812,1142,2812
f38ba5d83ce1e6dbde96e4e49e3a0366,443a086cbef4a89bb0efdd99e5b3f824,1518,0,2800,2750,1282,2750
d9f85d334141f3554fb6faceccdff570,7dbf6830cc06730cfe74cd58937f89a8,0,91,1163,2812,1163,2721
f38ba5d83ce1e6dbde96e4e49e3a0366,c317954cb2b9011301693985461e2e7f,0,0,1054,2504,1054,2504
d9f85d334141f3554fb6faceccdff570,2bd9c72b886e97da1aff1361962c6acc,0,0,1294,2748,1294,2748
d9f85d334141f3554fb6faceccdff570,6266ffa44d75d2edc9d3c725b20b6d49,795,0,2012,2593,1217,2593
f38ba5d83ce1e6dbde96e4e49e3a0366,f607515dd787d5f3b4bd92d81bede3d5,0,560,1107,3518,1107,2958
7ad1473d3ea340d0eb73304fbac54a08,6a12fc9c15635f1f2f855ad29b10c9e9,1924,332,2800,2987,876,2655
a8be1ed231ad57d877849e74271db07b,f3294b37f72aa394222a54cf9efabd3e,0,122,1519,2812,1519,2690
a8be1ed231ad57d877849e74271db07b,16b1aa428ccae9585330ddf610499a64,0,0,1469,2812,1469,2812
a8be1ed231ad57d877849e74271db07b,e311050bf72d5a8a2811eb08d635d99b,619,141,2012,2812,1393,2671
a8be1ed231ad57d877849e74271db07b,8b6bffb54cd8963ef80613273aa6641c,512,0,2012,2784,1500,2784
9b8f9aafae416f76b1dbc282196e9c9d,732b271d77cc8ab90698a7e994527f59,1869,0,2800,2465,931,2465
9b8f9aafae416f76b1dbc282196e9c9d,5688e0f2ec9bfd22611154c7821df8d3,0,0,930,2467,930,2467
7ad1473d3ea340d0eb73304fbac54a08,8504693d0b23fc6ae40ddcedbdf807ba,1901,0,2800,2629,899,2629
9b8f9aafae416f76b1dbc282196e9c9d,20f086e205b027c23a7b027ec35b2044,0,334,1034,2320,1034,1986
7ad1473d3ea340d0eb73304fbac54a08,0d0d8a0b0844c3a46782227146ebf7ac,0,813,782,3391,782,2578
333f3c87d3784d7eaf42f2d2d74141d1,5e5bb9c9ec93458fc9480fee00f7e58d,2051,492,2800,3518,749,3026
333f3c87d3784d7eaf42f2d2d74141d1,6ba7ee3bbeb4fad8e0a6455b4f50e9a0,0,461,780,2748,780,2287
9b8f9aafae416f76b1dbc282196e9c9d,678f74b98148544f8bd6e973a5b355a5,1866,166,2800,2004,934,1838
333f3c87d3784d7eaf42f2d2d74141d1,d5ccd52991830f8aac6a6c9395508da9,0,0,818,3133,818,3133
a3c4430adc3ba41652fac729e527d766,fe846bb85471c49e9e783051ad27216b,0,723,1134,2928,1134,2205
333f3c87d3784d7eaf42f2d2d74141d1,595f856e4b760dd0af4624fa1cbb6bc9,1954,0,2800,3518,846,3518
a3c4430adc3ba41652fac729e527d766,0f1cfa60232d8a2e6fa699da70455ccb,0,0,1101,2830,1101,2830
7ad1473d3ea340d0eb73304fbac54a08,9f7495168456638dd10295fc2c0a0235,0,0,857,2939,857,2939
a3c4430adc3ba41652fac729e527d766,00fb8920227839335ef752afc8f2a277,1595,494,2800,2711,1205,2217
a3c4430adc3ba41652fac729e527d766,d4a8326c570abcf768ecb90439f42087,1635,0,2800,2834,1165,2834
30c3a965cd79168a8b85899be4d0bdab,009c030ed53e82ad3d42ee3072d3f713,0,0,951,2556,951,2556
30c3a965cd79168a8b85899be4d0bdab,e788be650ac8e1f81beda55451f217e3,1836,0,2800,3518,964,3518
30c3a965cd79168a8b85899be4d0bdab,8294fb1bf4db22fa923e36f8b12997dd,1947,228,2800,2490,853,2262
30c3a965cd79168a8b85899be4d0bdab,5ffb318b2336992f7b0e09d1afdd212f,0,481,932,3518,932,3037
533981f550bcc8d14af472c13bb433c6,9cba7824f2bda093138040693f942691,1548,388,2800,3518,1252,3130
533981f550bcc8d14af472c13bb433c6,cb6644f2ffac04221ced990d0195968e,0,550,1103,2825,1103,2275
533981f550bcc8d14af472c13bb433c6,fcff4683af8416addb47948ceb7e80a2,0,0,1054,3043,1054,3043
533981f550bcc8d14af472c13bb433c6,1dc591bedefaebc577b39c553208c62c,1513,0,2800,2841,1287,2841
daed5355b9964999efe7ddc77da7fbcb,1380052cb8fc84c35f3a2f09998d625f,0,559,1072,2885,1072,2326
daed5355b9964999efe7ddc77da7fbcb,3177aae1850fb9f2c4d735b8448d14f8,1799,0,2800,3518,1001,3518
daed5355b9964999efe7ddc77da7fbcb,33d7dfa730c7e6f7144fc57d76f15209,0,0,1034,3518,1034,3518
daed5355b9964999efe7ddc77da7fbcb,f1884dfd52b88c4f8efe5cb4cb89ccdb,1752,377,2800,3518,1048,3141
82bbcea6b0577e584bd10f7b074ccc0e,4248323ac09a28fa00953876fa690591,0,282,1082,3253,1082,2971
b1f8ca9aab09b0e87296a06a3e8c916d,2ce4874669acba352dedcf263196590b,0,0,1030,3399,1030,3399
b1f8ca9aab09b0e87296a06a3e8c916d,5a5035156b7d6000a860968e73116875,1818,460,2800,2672,982,2212
3125c3ab913cde6595b18ad4b3f6f466,1473722ada6d38f005763ea2570e0613,1965,212,2800,2352,835,2140
3125c3ab913cde6595b18ad4b3f6f466,4bdc52257802d428e18cae41810145b5,1859,0,2800,2826,941,2826
3125c3ab913cde6595b18ad4b3f6f466,7da25658934aedd787129947ed8de1db,0,933,650,2709,650,1776
82bbcea6b0577e584bd10f7b074ccc0e,667acdb07a5cf08934fa30a7f252a390,1828,0,2800,3518,972,3518
82bbcea6b0577e584bd10f7b074ccc0e,8a577662e5a9b2c1b045cee81801f1f6,1838,581,2800,3518,962,2937
3125c3ab913cde6595b18ad4b3f6f466,3c87ac399529fd059e7df9f076c63e47,0,0,962,2783,962,2783
5ca42675a56ef72a1f59398c7369d68f,4ae1295b325c50e66f0a5680d56f6e67,1961,646,2800,3518,839,2872
9337d17f9e073c9644019e9eadb232d0,5b565a581c8b974bddad882df0a1e0b8,0,0,1196,3518,1196,3518
5ca42675a56ef72a1f59398c7369d68f,271a8a9c296775eab2e947086510f596,1800,0,2800,3518,1000,3518
5ca42675a56ef72a1f59398c7369d68f,047a0d64a031ef4f882195da8342aa08,0,582,897,2870,897,2288
d3f46378044a3e35039e7d1a9fd397d8,bf60486165087a7a1e75754877d82f70,0,0,1082,3518,1082,3518
5ca42675a56ef72a1f59398c7369d68f,b262879d18082c3a0bc55cf2150919c6,0,0,960,2828,960,2828
9337d17f9e073c9644019e9eadb232d0,93725425f68c1fcd752a6f774a635523,1637,320,2800,2757,1163,2437
9337d17f9e073c9644019e9eadb232d0,5ee6985b20b01ac1e00970eb2ca17341,1640,0,2800,3518,1160,3518
d3f46378044a3e35039e7d1a9fd397d8,4ed59b33f90d162ee2eab039653bfd81,1606,455,2800,3518,1194,3063
d3f46378044a3e35039e7d1a9fd397d8,42c4978a460fec5fb6c497a7fb04acca,1409,0,2800,3518,1391,3518
d3f46378044a3e35039e7d1a9fd397d8,84875776d183d8b78d29e97a8b0bd463,0,0,1241,3325,1241,3325
9337d17f9e073c9644019e9eadb232d0,5b4b6472d22939a6e27afbb16c23b7af,0,118,1098,2403,1098,2285
b27a7dc2ffdc37a10c6e78eabfb23eb6,0cbab9b5a0e66423b13d3c4fb71321c1,0,582,836,2869,836,2287
cff4c13b9347fce40aa30d6d575d46bd,5e79eb5feab008b33050c92475e52809,0,400,889,2476,889,2076
cff4c13b9347fce40aa30d6d575d46bd,c1e8a88c31586cbd493bcecad47eeac4,1247,0,2012,2812,765,2812
b27a7dc2ffdc37a10c6e78eabfb23eb6,6c0c7936e75757a713cfcff5b2a05293,1849,0,2800,3518,951,3518
cff4c13b9347fce40aa30d6d575d46bd,d5050e3dfb80df4a5ddd37fe3325d284,1284,393,2012,2414,728,2021
cff4c13b9347fce40aa30d6d575d46bd,01b55c2aea91936fea31ba8a488f7b55,0,0,1125,2812,1125,2812
f79b2f779420038f164793eda8881ba6,4af3f67c3c497210e81c612a799b4546,0,735,849,2744,849,2009
f79b2f779420038f164793eda8881ba6,486ed47816a7c356820dcf7b797e9d09,1967,0,2800,3518,833,3518
82bbcea6b0577e584bd10f7b074ccc0e,c5848eb907b58dd75fb01f146667b7c0,0,0,1039,3518,1039,3518
b1f8ca9aab09b0e87296a06a3e8c916d,6962bd5f627ce0f85d97e2e490e7289b,0,810,914,3518,914,2708
b1f8ca9aab09b0e87296a06a3e8c916d,da0618241619015a53d009c90374397c,1835,0,2800,3430,965,3430
f79b2f779420038f164793eda8881ba6,b5dc870a961852b39cc762babf044025,0,0,870,3518,870,3518
b27a7dc2ffdc37a10c6e78eabfb23eb6,f83d48a95ec36757c1d878eed577ab98,1913,62,2800,2500,887,2438
f79b2f779420038f164793eda8881ba6,e23e34253fa1711bf75026c00c262ee0,1935,847,2800,2869,865,2022
59dc5b04c5db507ab16cf53469d54064,f397070a1a767e9e20fef8a50c2a63be,0,505,876,3518,876,3013
59dc5b04c5db507ab16cf53469d54064,f80ec456a2107f322264ba0207db9f27,2006,425,2800,2405,794,1980
59dc5b04c5db507ab16cf53469d54064,63646b17604cf03db5deb90d364a3dfe,0,0,964,3069,964,3069
59dc5b04c5db507ab16cf53469d54064,0aaf96477864f5422432eeb9ff0712c9,1929,0,2800,2626,871,2626
9e28951589dce2921b91d31318efc5f1,41d73f7ba7ce03f5cfaa2108bda8578b,0,0,1174,3518,1174,3518
9e28951589dce2921b91d31318efc5f1,e2320d4fd11d0012ab69e44a07940635,1647,0,2800,3518,1153,3518
9e28951589dce2921b91d31318efc5f1,2889307906b4dc83ffa29ef147cc9168,0,333,1141,2549,1141,2216
9e28951589dce2921b91d31318efc5f1,4bf2003301cd1ff6b35526188a4406c1,1663,338,2800,2598,1137,2260
40a4a4b5d0359ffe197053b0dce4b1ad,04fbac93920196733585c15043feb57a,0,45,1039,2812,1039,2767
40a4a4b5d0359ffe197053b0dce4b1ad,19e284dd2be27c4d059054a4140a2f77,921,0,2012,2812,1091,2812
b27a7dc2ffdc37a10c6e78eabfb23eb6,636820315fa27880e32a05eee8ffed33,0,0,938,3518,938,3518
40a4a4b5d0359ffe197053b0dce4b1ad,f1422c192bd16b996a91c4a45dc6bb7f,987,0,2012,2812,1025,2812
40a4a4b5d0359ffe197053b0dce4b1ad,7b0db33c57e7fa563ad0d0da938a6218,0,0,1072,2703,1072,2703
87acd92c68a28af226831cbf578f8147,e485b82dd6404005c96b29fcb25f0c38,0,328,975,2748,975,2420
87acd92c68a28af226831cbf578f8147,f057fb563fee4c39cbda0a8c4b6bf7f6,1907,348,2800,2693,893,2345
87acd92c68a28af226831cbf578f8147,6383b882e83b39483f8954f43f8070d5,0,0,1022,3518,1022,3518
b7807dfea9d6408db449d6b1c6f76b5b,a77bb5c15bff7ed4daeb4998dcb68ed3,1841,0,2800,3518,959,3518
b7807dfea9d6408db449d6b1c6f76b5b,259a8ee59ae7167a10d902d7b96dc97a,0,256,920,2531,920,2275
b7807dfea9d6408db449d6b1c6f76b5b,46699ff585f7ff6638eafd9100a9bc28,0,0,974,3270,974,3270
87acd92c68a28af226831cbf578f8147,db4c9f96079ca9c6834d61aaf16b3210,1781,0,2800,3518,1019,3518
b7807dfea9d6408db449d6b1c6f76b5b,94a5d6a0d648ef37ab14e652793349a3,1846,0,2800,2307,954,2307
eb6f53ebf42ab3aa19d5e7cc362195c4,18ddefee99395e4168facfce6a0317d9,0,0,1217,3483,1217,3483
eb6f53ebf42ab3aa19d5e7cc362195c4,a967d061ad8acb167fbc7cb07f3f289b,1578,0,2800,3476,1222,3476
eb6f53ebf42ab3aa19d5e7cc362195c4,8ddcc6ca07bfbf89fe828d46a0f64e92,1771,177,2800,2845,1029,2668
eb6f53ebf42ab3aa19d5e7cc362195c4,5094586298088fcded5bd1021d1a05d9,0,463,1142,3135,1142,2672
39db88e4f04f3e69f6c32d0ae862e3d8,51542a7861ce420071928da59a86f694,1483,0,2800,2821,1317,2821
39db88e4f04f3e69f6c32d0ae862e3d8,9186e84d407d57051c8be477999ff231,1447,0,2800,3155,1353,3155
39db88e4f04f3e69f6c32d0ae862e3d8,8c9e888f72ea12b7ee182d5340554f1a,0,0,1196,2877,1196,2877
ae3811b9157d2c83ef0b1eb5020b139f,ac35877480e219c5db6fa40d1fa6cad7,1875,532,2800,2586,925,2054
ae3811b9157d2c83ef0b1eb5020b139f,39a450d31f9aa33290c5b330d43a6f30,0,0,866,2431,866,2431
39db88e4f04f3e69f6c32d0ae862e3d8,d31bc3a2748eb1a6f561b7290ee2bfa4,0,0,1282,3518,1282,3518
ae3811b9157d2c83ef0b1eb5020b139f,8f978ed339d3779f76328d64b040b53b,1858,0,2800,2486,942,2486
ae3811b9157d2c83ef0b1eb5020b139f,f13d981740043d30ea64b39320960a8e,0,590,858,2632,858,2042
04b17fe99196d18c5b28740bfcf15024,68e6753ab376b6f1d9eddf6bb6f070f1,2028,278,2800,3518,772,3240
04b17fe99196d18c5b28740bfcf15024,5ef6c78f1a069b7eca1e4f1c8ca38eb4,1965,0,2800,3166,835,3166
04b17fe99196d18c5b28740bfcf15024,a0242bdcd7e3c4c42d1cc6d8841b627f,0,627,805,3518,805,2891
04b17fe99196d18c5b28740bfcf15024,baacd672310556601e2c014457e77e3e,0,0,897,2382,897,2382
c7a6bcb9dd5cb7f576bc2eda4034e94d,b6bb6c1adccfb878d17a721af5403d5d,0,637,925,2696,925,2059
c7a6bcb9dd5cb7f576bc2eda4034e94d,ec1d5a9a6cb97fbfc3d35cd26b4b61fa,0,0,1051,2987,1051,2987
c7a6bcb9dd5cb7f576bc2eda4034e94d,4d40458601ac49f2e07a56ead392a189,1935,619,2800,2716,865,2097
c7a6bcb9dd5cb7f576bc2eda4034e94d,61639cfff95dae27b1a9953fbb7b4339,1825,0,2800,3001,975,3001
7a91f44a268096a59dd76504786de912,35462486bb2c54bd39972dfc7b02d7ff,0,0,829,3299,829,3299
e56c682745c4917032c6a0713b262d71,0a966be577ccc17407008ff0322b13a5,0,0,1187,2842,1187,2842
7a91f44a268096a59dd76504786de912,36e956b8082e21913bbc4503832aa2d5,1998,0,2800,2460,802,2460
e56c682745c4917032c6a0713b262d71,07538757aaed3e3ec36ade09cfeee0dd,0,256,1200,2624,1200,2368
7a91f44a268096a59dd76504786de912,5167ef07d19d61a82245c451f32e097f,0,504,762,3518,762,3014
7a91f44a268096a59dd76504786de912,b6d85b86e32734ce768169f6cc9012eb,1983,0,2800,3518,817,3518
e56c682745c4917032c6a0713b262d71,301a716496c8b3197c6617b0e9cc82b7,1582,0,2800,3030,1218,3030
e56c682745c4917032c6a0713b262d71,e05fdccd0b922929871ac5f08505a5dd,1563,497,2800,3518,1237,3021
acff843092ec97ef28e6767ecb529764,35507f81332eca7d1d67ccb957254bc4,2115,472,2706,2230,591,1758
acff843092ec97ef28e6767ecb529764,a4e501dfc017ac25b90bf59620b2adbf,0,0,1181,3005,1181,3005
acff843092ec97ef28e6767ecb529764,08601358846a856319b2dd5386e541f5,0,566,658,2515,658,1949
72b01e99f6787d16adcfd4d6cbf45f8b,895e4fa80432db2f2f6ee7da4e37ac09,1838,380,2670,3580,832,3200
72b01e99f6787d16adcfd4d6cbf45f8b,f6d5041f83e4da5255a6f45693e8cd47,0,678,811,2788,811,2110
72b01e99f6787d16adcfd4d6cbf45f8b,3732b5706f51b0175b868ed99f1fe08b,0,0,826,2848,826,2848
acff843092ec97ef28e6767ecb529764,3efa1d8cdb3db1e8b6b4724f9d1f5c22,1475,0,2718,3580,1243,3580
72b01e99f6787d16adcfd4d6cbf45f8b,120a8a9de20c0b57f52c33571214445b,1948,0,2734,2926,786,2926
996f1876ba61a22dbe494eaaddab5f68,8f0a19c3ca7e647333d29dd35a28c3e9,0,0,910,3518,910,3518
996f1876ba61a22dbe494eaaddab5f68,42e804e4529cbe41023c98a97afe3961,1965,0,2800,3518,835,3518
4f5f3d6531d7852e6ccce1c075e64330,9ed200b2aa5ddd60ad2c40519d59f4b9,0,0,832,2645,832,2645
4f5f3d6531d7852e6ccce1c075e64330,62e9c1f9a07e5fcaca29d6ac7c68adc6,2014,0,2800,2416,786,2416
32375be12c18dd2b25b8bdb69ffe399b,72d9fc60d44be48fea427eb7d8919a98,1039,0,2012,2503,973,2503
4f5f3d6531d7852e6ccce1c075e64330,d07e5857bde8b9580808c93162266812,2045,423,2800,2367,755,1944
996f1876ba61a22dbe494eaaddab5f68,2ef3b7beac25dd7db4a75e18e9e59d59,2084,599,2800,2765,716,2166
32375be12c18dd2b25b8bdb69ffe399b,73946e8b2ba7680a17e698841f829c5d,1062,0,2012,2388,950,2388
4f5f3d6531d7852e6ccce1c075e64330,58268be2dc4471af4dc1b8db62319e70,0,1082,697,2904,697,1822
32375be12c18dd2b25b8bdb69ffe399b,cb67c8fe376402915a02e5b125f94c44,0,0,1105,2418,1105,2418
996f1876ba61a22dbe494eaaddab5f68,7b51fd446532c88aa2945ca39b3156af,0,856,766,3327,766,2471
32375be12c18dd2b25b8bdb69ffe399b,eb8cc5e20e41d6377153c8e74049b129,0,0,1148,2812,1148,2812
ed20dde76e4118fbc52d6a23bfb70d32,cfb1d5481b10b3b3b0207a1e43803f99,0,920,853,2979,853,2059
ed20dde76e4118fbc52d6a23bfb70d32,2ec040fe5c10dc6d9d7951e1b3e9f433,0,0,912,2607,912,2607
ed20dde76e4118fbc52d6a23bfb70d32,883f67925e6ef9ff5e1621fca62c3acf,1957,602,2800,2639,843,2037
16b75605c2a5e67942cf317f5e070b95,b131406fa59355145a73823f0501dda5,2097,616,2800,2587,703,1971
16b75605c2a5e67942cf317f5e070b95,31ab98fcec9a980c0ae2129cd53ca515,0,408,717,2510,717,2102
ed20dde76e4118fbc52d6a23bfb70d32,68fc25296c2c18c3275c2dedccbe9d9c,1894,0,2800,2509,906,2509
16b75605c2a5e67942cf317f5e070b95,7d5ac3a8d93778997fda1249481f886b,2003,0,2800,2429,797,2429
c3e9324553216b775fbd24aa087f6990,015f3799307f9b33b48366bd4f54306a,0,0,1208,2950,1208,2950
c3e9324553216b775fbd24aa087f6990,9ae45366f363da62a66e6350e79047ce,1781,456,2800,2898,1019,2442
16b75605c2a5e67942cf317f5e070b95,afeff5230adeb0dd1a07aee7d61733b7,0,0,818,3222,818,3222
c3e9324553216b775fbd24aa087f6990,1051990457b0c427716eac2d014c5f45,1623,0,2800,3518,1177,3518
c3e9324553216b775fbd24aa087f6990,22ccc7e94965fbe45fc18d56181ca1c0,0,484,1124,2914,1124,2430
b41064e4c9bc52de5fab76051a9bcfad,8dd0038a71ef5ae49e251bded4659bc7,0,633,1183,2650,1183,2017
2d80c57224957fc549957e28fbe00a96,a34b3f463d6d2bab53c7313c5f759547,0,572,694,2612,694,2040
2d80c57224957fc549957e28fbe00a96,df96d674314927dc0ccf23ecc518938e,0,0,802,3518,802,3518
2d80c57224957fc549957e28fbe00a96,0fe454e12aae0843677874deec22603b,2067,750,2800,2713,733,1963
2d80c57224957fc549957e28fbe00a96,10fdb3727c2284f8a62728a5a377e64a,1974,0,2800,3518,826,3518
df115ab596173328eadea0a2f9c65c6f,5a44b8454d00e7eceebbd6b1edaf1e12,1831,886,2702,2945,871,2059
b41064e4c9bc52de5fab76051a9bcfad,1407cdbe965eb744aa05018b37923ba3,0,0,1181,3518,1181,3518
df115ab596173328eadea0a2f9c65c6f,0b80223a42238cb50a6ba8fe9183c1d8,0,0,945,2620,945,2620
df115ab596173328eadea0a2f9c65c6f,fad20ecafbe112761c94a927e79c06e4,0,603,1002,2721,1002,2118
df115ab596173328eadea0a2f9c65c6f,6be1d8b40338cb6a49cf01c64ee6bf25,1783,0,2702,2728,919,2728
dcb56fd4a6bfc71b4f7b804e8bb8d98b,51e5e9a8f6844e73446d1ce2bf1cae5d,0,0,956,3176,956,3176
dcb56fd4a6bfc71b4f7b804e8bb8d98b,a6a655aef962521b94585457b6d8ea47,1826,229,2800,2577,974,2348
dcb56fd4a6bfc71b4f7b804e8bb8d98b,c4850e31792e67e4a8f69612a0ccc771,1729,0,2800,3475,1071,3475
b41064e4c9bc52de5fab76051a9bcfad,5b0ca271f0b93c9ebb49f1cdb13272af,1730,787,2800,2867,1070,2080
dcb56fd4a6bfc71b4f7b804e8bb8d98b,36e58c417851326f2bee2e40c2ad76a8,0,613,842,2719,842,2106
604066da0e3c6bae8b606f23f8e4c66c,914f6599fea8bc38623a2dea97fc4b7f,0,573,902,2748,902,2175
604066da0e3c6bae8b606f23f8e4c66c,f4c04463975bdc1e7e573153b4fe0616,0,0,1057,3518,1057,3518
604066da0e3c6bae8b606f23f8e4c66c,a733002e0a66c89e5940498c1ac1821e,1892,774,2800,3518,908,2744
5eecf963d20dc57e3443df161c85a90f,75c6e1f29afebfdc990d6c07d3ce892e,0,736,1086,2645,1086,1909
604066da0e3c6bae8b606f23f8e4c66c,ea4d84e9ad8695a24847a4c4dbddc2e3,1688,0,2800,2770,1112,2770
5eecf963d20dc57e3443df161c85a90f,3535485b0b386b067415a1832bdfc58b,0,0,1053,2449,1053,2449
5eecf963d20dc57e3443df161c85a90f,c67d6ba545fca649b2a345578a84d0c7,1859,0,2800,3391,941,3391
5eecf963d20dc57e3443df161c85a90f,fb5eeb070a52b0c84f4e2488acaa92c9,1811,571,2800,2449,989,1878
b41064e4c9bc52de5fab76051a9bcfad,4e1cda209089b0824b7e3ae3362f59de,1591,0,2800,3518,1209,3518
ee150414982fb632bdcb898ea16348d7,4d0402eee98164e80d948876915a4c72,0,0,1351,2960,1351,2960
c0333dc9b980ca7d06c482db00d86228,6873f334fdbb7493ee2d54a96e3137ff,849,0,2012,2812,1163,2812
ee150414982fb632bdcb898ea16348d7,0f28a08ac93c67606f55ec62e65a5f3c,1457,0,2800,3209,1343,3209
ee150414982fb632bdcb898ea16348d7,ce1872153fa92420ae5b93ce7d4c17e0,1514,569,2800,2918,1286,2349
ee150414982fb632bdcb898ea16348d7,301699db2a39541febd69621250da6bf,0,312,1252,2708,1252,2396
c0333dc9b980ca7d06c482db00d86228,5b9ac8d9776038bb653080ddd9629b7f,813,275,2012,2248,1199,1973
c0333dc9b980ca7d06c482db00d86228,c8b9adfa55a8404e29a949f43103948e,0,257,1254,2243,1254,1986
c0333dc9b980ca7d06c482db00d86228,a1f0f0e20e493400524bb9979ee7ad5f,0,0,1230,2812,1230,2812
e92942fb3cfa039ccffcd6271a37e456,57f6a5228e4ad0e67ece0f8ebbc7762e,953,47,2012,2417,1059,2370
c89f7a90cffe18e64e1b60d2643d404c,e950cdea7bcca3a13fbd768fd6d383fe,0,563,923,3518,923,2955
c89f7a90cffe18e64e1b60d2643d404c,0cc363acd21ad940bae802e900f83818,0,0,1003,3518,1003,3518
c89f7a90cffe18e64e1b60d2643d404c,5a870eb2fd975d6e742c3d062f6f4d49,1718,0,2800,3518,1082,3518
c89f7a90cffe18e64e1b60d2643d404c,28b51a1a9847d57a22ee405df1acc82d,1812,417,2800,2678,988,2261
e92942fb3cfa039ccffcd6271a37e456,c8ea80c2c2a4c2ecf3e19c2b04fec5e0,0,13,1087,2433,1087,2420
e92942fb3cfa039ccffcd6271a37e456,123e0bcb102cdb2a2854d2c5c6eb2781,0,0,1027,2765,1027,2765
c304eda4e049ce62f5d40ec22b17d97e,d52c17cd7748c3e96ce5783714c4603b,0,695,719,2853,719,2158
c304eda4e049ce62f5d40ec22b17d97e,3fe35fbef47a44fdb9d5058dc4076d2a,2088,455,2800,2570,712,2115
e92942fb3cfa039ccffcd6271a37e456,daccae364d6ceabb9be7373afb81079c,1062,0,2012,2812,950,2812
c304eda4e049ce62f5d40ec22b17d97e,a26a2fa03585d4020b09f10ad0dcf0ae,0,0,944,3518,944,3518
c304eda4e049ce62f5d40ec22b17d97e,6cd564b1951cb998fa8f9ada34bf190c,1985,0,2800,3518,815,3518
562bbab07fc2385c2865f94a0d7ca7dd,ebbeb2244232f24dc32650d4f5a17629,2035,459,2702,2538,667,2079
562bbab07fc2385c2865f94a0d7ca7dd,9c24589dd837e4c325c5ea518863a37f,1796,0,2750,2954,954,2954
562bbab07fc2385c2865f94a0d7ca7dd,d4a724160b395b52206d5d4b3af2bf39,0,0,1116,2919,1116,2919
562bbab07fc2385c2865f94a0d7ca7dd,0c88f818a1945e8d97d48f1e1712509f,0,745,663,2906,663,2161
9f17fd56aad11dc96bfe471bb99b210a,9b95aa0567ccb5ae52436068e65731c2,0,497,890,2513,890,2016
9f17fd56aad11dc96bfe471bb99b210a,572cc75deb295305b750ea96fffb0079,1877,0,2800,2787,923,2787
9f17fd56aad11dc96bfe471bb99b210a,b4c323a197cca55398221e01cf3e5a64,1971,632,2800,2535,829,1903
9f17fd56aad11dc96bfe471bb99b210a,45ffbd0564a4690d03c474a60741a1a8,0,0,952,2755,952,2755
afbe2d7854c59bc25b482ad610f5291c,1d136d5f293069a1f77f544cf0f8265b,2042,595,2800,3236,758,2641
afbe2d7854c59bc25b482ad610f5291c,c9f1b8898a83c633466e65bfbf77588d,2003,0,2800,3518,797,3518
afbe2d7854c59bc25b482ad610f5291c,736fd07aad0723f83078ce9c7656b077,0,448,737,3518,737,3070
afbe2d7854c59bc25b482ad610f5291c,82dac502e0908eecc98944889dda19a2,0,0,720,3518,720,3518
67f44773f0e592eeaab937e28443f36d,fd9aabb3a4ee564bf4cbb6209d2aeedd,2074,494,2800,2716,726,2222
67f44773f0e592eeaab937e28443f36d,9f57dc4e80726a6d1be7923cd8f32800,1903,0,2800,3518,897,3518
67f44773f0e592eeaab937e28443f36d,d2684bffc4afdef2d3323f0a0d978a33,0,0,702,2527,702,2527
020277fa1a755e94e6daff607559f837,6240bfbe9fa77778c452381acd353fff,0,0,1126,2812,1126,2812
020277fa1a755e94e6daff607559f837,8ae348f705feb1dae2aa587c7d374813,855,0,2012,2812,1157,2812
67f44773f0e592eeaab937e28443f36d,dc62292da62e8f1ab97203bda5fc0a6b,0,0,1010,3518,1010,3518
020277fa1a755e94e6daff607559f837,43307922e0c4bac00d54da59094fe7ae,0,0,1081,2812,1081,2812
020277fa1a755e94e6daff607559f837,3a910fcc2f3a979fa24de560199b4935,1022,0,2012,2812,990,2812
6abe90336cc1f2c56f5c4acc66821bd0,484d990e1148640111310d4ad6be158a,0,0,956,2294,956,2294
6abe90336cc1f2c56f5c4acc66821bd0,0d2b8bb483ddd4c61c82776caf4b5e3b,1806,0,2800,2534,994,2534
6abe90336cc1f2c56f5c4acc66821bd0,c47e17a1d68c6d32d23994642ec57cbd,0,478,986,2618,986,2140
6bbb1e2e1008264a6c4a8e643e197631,a4dde50c2b372eaf3e0c39b70ea4a387,1497,0,2800,2962,1303,2962
6abe90336cc1f2c56f5c4acc66821bd0,9e760fb2a635a2c6d9724e18b1180313,1811,640,2800,2624,989,1984
6bbb1e2e1008264a6c4a8e643e197631,01d51b169d6073df51f89889ebd13510,1564,524,2800,2812,1236,2288
6bbb1e2e1008264a6c4a8e643e197631,a954cce7d9492d329951f58024926946,0,0,1230,2942,1230,2942
6bbb1e2e1008264a6c4a8e643e197631,1980f6332a4976b5139db739bf79946f,0,707,1188,2943,1188,2236
cc3e165dd4f7cee4b0bc87270eea0cab,d021d9d18cdaf1e1cb528b9c92c4617e,1674,0,2800,2895,1126,2895
cc3e165dd4f7cee4b0bc87270eea0cab,88ea70ca31eabacfa83801c722d0dfef,0,0,1109,3040,1109,3040
cc3e165dd4f7cee4b0bc87270eea0cab,b34b6109bee93ce9826127084ac0ab83,0,40,976,2680,976,2640
cc3e165dd4f7cee4b0bc87270eea0cab,f9f6afef37c32b690f5636fed29b100f,1692,560,2800,2857,1108,2297
bb639e3af9d507ccb4a584be23bb9349,0de15bbc9f84e965d634e2bc686d11f1,2111,0,2800,2573,689,2573
bb639e3af9d507ccb4a584be23bb9349,4a60c9d923795e3162879b0c84a2a1b9,0,0,715,3468,715,3468
ff2f7856595af1e0bf89e5ce92029f09,84c6ab9782c5458b9ae025c402582374,0,0,863,3518,863,3518
ff2f7856595af1e0bf89e5ce92029f09,689d1143a98c1fe8d350b31390df9f44,2309,610,2800,2635,491,2025
bb639e3af9d507ccb4a584be23bb9349,da787fce3af2711490b869e49d5df3f8,2138,944,2800,2701,662,1757
ff2f7856595af1e0bf89e5ce92029f09,bf707c7b60d3ef85a6bbaf69c7ea53e6,0,23,541,2269,541,2246
ff2f7856595af1e0bf89e5ce92029f09,b821f26947d67932afed6e9bf64d23e1,1956,0,2800,3518,844,3518
a522aeeb8f80828d220219c97c131ffc,1a4d006f9fc8f2de56d0e587c989ef0f,0,0,1093,3518,1093,3518
a522aeeb8f80828d220219c97c131ffc,e1ed001f77b037c99d5ddae15070d806,1861,0,2800,3461,939,3461
a522aeeb8f80828d220219c97c131ffc,b728679ad3e46b080f1c2b61ef49907c,0,537,1024,2529,1024,1992
a522aeeb8f80828d220219c97c131ffc,239853e693540858f93efb15fca08cf1,1767,0,2800,2401,1033,2401
38d9a4124ecc9032f0e55da1a6322bf0,0953b01dfcb2ae000cae0a10b610fdcd,1822,727,2800,2650,978,1923
38d9a4124ecc9032f0e55da1a6322bf0,d420472e4058aa85389df8f78aa6b8e2,0,795,1001,2809,1001,2014
38d9a4124ecc9032f0e55da1a6322bf0,ab64b26192aa12958388ba0f83daf997,1736,0,2800,3231,1064,3231
bb639e3af9d507ccb4a584be23bb9349,4ef9932a7e2d5a34097793dd68e3d403,0,769,623,2574,623,1805
38d9a4124ecc9032f0e55da1a6322bf0,d548bd0d77bf757f428719cc3aebec44,0,0,1081,2946,1081,2946
a4d6262b5d2949c533a8768b554dd547,93507f8f6e871c0ef3249d277f91394d,0,204,1017,2750,1017,2546
ad3f8280909ad595bf0371958e23d5bd,797f89e627f122238f42d22761051981,0,0,1242,2980,1242,2980
a4d6262b5d2949c533a8768b554dd547,13dc178bab9f3790c65110643f5c0c67,1676,151,2800,2725,1124,2574
d7657a9c1ab76736e8b992b9c0461411,316c3b9542e0ecd9c0a4b328962bd7ca,978,0,2012,2613,1034,2613
ad3f8280909ad595bf0371958e23d5bd,99f127baa964d82d9cc975ab1618a2ec,1823,13,2800,3192,977,3179
ad3f8280909ad595bf0371958e23d5bd,1249cddff760c59edeb52c4334faf220,0,250,1000,2443,1000,2193
d7657a9c1ab76736e8b992b9c0461411,eb26f37116b491890339c53d6aa9c8d6,0,0,1063,2569,1063,2569
a4d6262b5d2949c533a8768b554dd547,1d2f5bd3bb316edc13ccddb831c63dd1,0,0,1098,2896,1098,2896
ad3f8280909ad595bf0371958e23d5bd,927d2afbbe3b82f4ad62acb1f776c87f,1641,0,2800,3518,1159,3518
a4d6262b5d2949c533a8768b554dd547,f0175ccbc5e3f174936a9305075e81e9,1679,0,2800,2907,1121,2907
f7b5e99645f601428fc8701e69c81d2b,e56e8e02c018ffe34ef390a497cfc676,0,0,1110,3518,1110,3518
d7657a9c1ab76736e8b992b9c0461411,72660acf46cea6da4f11495c354c7792,1002,0,2012,2812,1010,2812
d7657a9c1ab76736e8b992b9c0461411,7edd47fb87c8610668cbff046609d6dd,0,0,1152,2812,1152,2812
f7b5e99645f601428fc8701e69c81d2b,3cb6be8a5e4e32f8173d466e06eeab80,0,708,1103,2854,1103,2146
f7b5e99645f601428fc8701e69c81d2b,21ccf9e63ac718923def2bd5e3f98483,1742,541,2800,2767,1058,2226
95e7e163438be0df280f2690411a3f54,a12d587b27fc81eae1abfa47b7d38f69,1843,0,2800,2816,957,2816
f7b5e99645f601428fc8701e69c81d2b,9aa24b76df36f9463d47841dd34864f0,1655,0,2800,3518,1145,3518
95e7e163438be0df280f2690411a3f54,3817429b65aefcd4e68a5448753212c8,0,0,1009,2740,1009,2740
95e7e163438be0df280f2690411a3f54,a86bdc70cc37da589711803b13be7588,0,468,1035,2611,1035,2143
71d7cb4260e1c536d5a3c6ad4604cae6,983658b53892e85972080425e3676215,0,493,825,2759,825,2266
71d7cb4260e1c536d5a3c6ad4604cae6,9576e1d1e798f6cf7bf2af92b2c3e2fb,1957,633,2800,3518,843,2885
71d7cb4260e1c536d5a3c6ad4604cae6,766c037fcbc121faf08c5945c78839b4,0,0,886,3318,886,3318
8ae2db86499819584e175cadf9099d25,8ec34cef1eb98d7c121509c8342b2212,0,0,796,2392,796,2392
71d7cb4260e1c536d5a3c6ad4604cae6,1e41b4aebcf69dd44bf664182689781b,1847,0,2800,3518,953,3518
8ae2db86499819584e175cadf9099d25,42f76304c7825a09405739d899c6cd86,1883,1010,2812,2987,929,1977
44f8a6c67c79d21903c3202c980244fd,082589f97e67c79a6f4740933d7cc13f,0,0,967,2779,967,2779
44f8a6c67c79d21903c3202c980244fd,dbf35565190e3a285651bdc1ee4be51b,1956,0,2800,3518,844,3518
44f8a6c67c79d21903c3202c980244fd,84a662914bd6294e308b3a5611e91443,2082,537,2800,2588,718,2051
44f8a6c67c79d21903c3202c980244fd,99dd67ad97050251a9e230ea98cfda2e,0,564,883,2785,883,2221
8ae2db86499819584e175cadf9099d25,7e6d45aa19279ab6b3ac5b900528ab1d,0,576,823,2548,823,1972
8ae2db86499819584e175cadf9099d25,19269b87da23b12053b3bfcfa65a2eeb,1961,0,2812,2317,851,2317
45761ff84c5bfda1be25293ca2aabc83,e22e3e6cb62f811aeba4e92c083a0347,1769,0,2800,2441,1031,2441
45761ff84c5bfda1be25293ca2aabc83,0f78582984bfed954526ada8a360bfcd,0,0,1116,2359,1116,2359
95e7e163438be0df280f2690411a3f54,bd054c10b9032d7c46bebb77acefd263,1970,618,2800,2659,830,2041
45761ff84c5bfda1be25293ca2aabc83,825dccf801e027d6bd07ba61df071f2d,0,491,1135,2582,1135,2091
aa772ba60bbeca7a5fed2cbc5a445e9a,ce06da8585045021eb58c7f3b4f5361e,0,0,962,2758,962,2758
45761ff84c5bfda1be25293ca2aabc83,e2a351492e6afef2e92149da93911748,1623,486,2800,2518,1177,2032
aa772ba60bbeca7a5fed2cbc5a445e9a,61993a76c33a9920b9d893d04a721f6d,0,0,1034,3439,1034,3439
aa772ba60bbeca7a5fed2cbc5a445e9a,4babf908e36b2b608652549d0c227dd3,1897,200,2800,3392,903,3192
d45e795d6a2d1b5c72e424d8700bf46a,0e9fe65b4a78688283d248d3470ef4ac,0,332,1204,2943,1204,2611
aa772ba60bbeca7a5fed2cbc5a445e9a,0499c489fd29c07f4ed75e296aa54107,1842,0,2800,3295,958,3295
d45e795d6a2d1b5c72e424d8700bf46a,4583d9d1e82166c7c395dc7101025385,0,0,1270,2605,1270,2605
d45e795d6a2d1b5c72e424d8700bf46a,23984306020248220692a2e3f47cb3b2,1581,0,2800,3518,1219,3518
19ed4d5d68467b0aac1333f357e1a8e8,3617196e9233a8b04f1b03d33b34637d,0,591,750,2678,750,2087
19ed4d5d68467b0aac1333f357e1a8e8,e62459c802a5616a4066f1aa7df455e6,2123,843,2800,2870,677,2027
d45e795d6a2d1b5c72e424d8700bf46a,01e02cd697d2f647dcaedae6f8e5959d,1639,482,2800,3518,1161,3036
33209c8fc5171670865024291619e6f7,698bf273f20229c7fee36276c7652c2a,0,194,1088,2543,1088,2349
19ed4d5d68467b0aac1333f357e1a8e8,e8982e772309110ff6df2eaf8a42cfb1,1966,0,2800,3518,834,3518
19ed4d5d68467b0aac1333f357e1a8e8,1f1dc3ecd79b1c35dd017c8dc44ffc25,0,0,798,3518,798,3518
33209c8fc5171670865024291619e6f7,9a1a7662f8a76ec43d266369517827bd,0,0,1224,2754,1224,2754
33209c8fc5171670865024291619e6f7,488de6f82c6a57e015f36687a9504e3e,819,0,2012,2695,1193,2695
33209c8fc5171670865024291619e6f7,328a25071c96ead39a136e44ef6b5f6f,849,418,2012,2812,1163,2394
e08bce1ab9a160eef54051813ad0357c,e20dcfc55c3195e75c3c4498565deefa,1059,0,2012,2558,953,2558
e08bce1ab9a160eef54051813ad0357c,dfa446e419b9c20829d230ccbaf2f2fe,978,0,2012,2812,1034,2812
e08bce1ab9a160eef54051813ad0357c,3115e17683bdc1fe6a852b1812f75eea,0,34,987,2812,987,2778
e08bce1ab9a160eef54051813ad0357c,4c99c4c8586a624f81c87d15ee567cdd,0,0,998,2812,998,2812
fe518a8fde530308f116855c76d0e1f3,adef97a71eb711b5ca579fe4ee602a2e,2116,71,2800,2080,684,2009
fe518a8fde530308f116855c76d0e1f3,2f8161a3f6e3205363febf83f8e8d6fb,2027,0,2800,2553,773,2553
fe518a8fde530308f116855c76d0e1f3,abec2edc4a852696ac6379d70842f28f,0,0,754,3518,754,3518
fe518a8fde530308f116855c76d0e1f3,12e59c2d6b2a6ba7e067589b0567c539,0,346,555,2473,555,2127
069652343ef618005be68c07754d6dfb,38c453f92b0a6fba80e698e6da10512c,2024,0,2800,2639,776,2639
069652343ef618005be68c07754d6dfb,c8e177b53f9ee603f386e31769200b1c,0,854,818,3518,818,2664
069652343ef618005be68c07754d6dfb,95febdb78cac6aee10a507109708c230,2025,0,2800,2706,775,2706
85fe7050b398d42ffd8923740e20de56,1e00814c8ce8474ed034c0a9e93343d2,0,611,858,2583,858,1972
069652343ef618005be68c07754d6dfb,ac606f3e2856bfc8c02b6933b11ed810,0,0,789,2685,789,2685
9a35164ddf58534d2bad62f39416efdd,4a46e1c9fdebf1fe5dfc8291e901bd8c,2131,0,2800,2390,669,2390
9a35164ddf58534d2bad62f39416efdd,cdd124bae3ce37eb944936c9f199eb9f,0,0,649,2629,649,2629
9a35164ddf58534d2bad62f39416efdd,9b522158503e49ca97ff55c7f505e4d9,2164,379,2800,1784,636,1405
9a35164ddf58534d2bad62f39416efdd,94d2b947feddb304975e3fa48bfca24e,0,723,686,2225,686,1502
9ca0112757065957cb751b4b8a0be110,8e7e37f9226b28ae9b56f89cddfed453,1937,0,2800,2935,863,2935
9ca0112757065957cb751b4b8a0be110,051525b959eefb14e973acc7ab8fcfe0,0,0,900,2649,900,2649
9ca0112757065957cb751b4b8a0be110,b30cb241acc8d648fe0dda1fd88ec5d9,1949,441,2800,3518,851,3077
9ca0112757065957cb751b4b8a0be110,39b4736d81cf35512313a70cc8375269,0,355,832,3518,832,3163
137e66f52a0a4e95d4344ff2852f9033,eceb26b4e6e65380b4e320233a755cfc,1741,0,2800,3028,1059,3028
85fe7050b398d42ffd8923740e20de56,51c714865c982de6841185cfc0e6bdd8,0,0,917,3281,917,3281
e3ea477f6b1f7347c184f55cb7c336b4,492dd7f17bc6af6fb657b874cadcd66a,1901,440,2800,2624,899,2184
8fa1995361601cd49c4ae7acda3c01df,132a13e945ffadd00d6ea1149d09ebf9,0,0,1346,2640,1346,2640
85fe7050b398d42ffd8923740e20de56,77089089adae2a45fe109e57f9b2fd25,1942,514,2800,2483,858,1969
137e66f52a0a4e95d4344ff2852f9033,da6cd308a9ee0b13a50d54b3411c181f,0,342,1035,2673,1035,2331
85fe7050b398d42ffd8923740e20de56,74234c09319c732b3cdae9cb4cfaf0a5,1977,0,2800,2762,823,2762
dbe82723eadfd0de6c2c70c3ed378719,a8dcca31e582b70485ecc027c3036bc7,1955,522,2800,2849,845,2327
8fa1995361601cd49c4ae7acda3c01df,93a21b92cd68c16a99d28dcea75be335,1668,192,2800,3518,1132,3326
137e66f52a0a4e95d4344ff2852f9033,71ce5d069270d462480b3b651dd7f74a,0,0,1086,2816,1086,2816
dbe82723eadfd0de6c2c70c3ed378719,dd3a93a307cf353bcd2ff21511982c7f,0,0,939,3136,939,3136
8fa1995361601cd49c4ae7acda3c01df,1f18a9e129993a77544bd814b62dd848,1603,0,2800,3500,1197,3500
7170e63d4fb8c94fba31e8b08e7f33d3,3da9a2d0032a97b6ec9d3d3096b257e6,0,589,1256,2848,1256,2259
8fa1995361601cd49c4ae7acda3c01df,c46b3e0b16cd37baaba9701a2111dd29,0,367,1367,3518,1367,3151
e3ea477f6b1f7347c184f55cb7c336b4,b56bc166eca95451d7ff2a31428eb637,0,0,1009,2751,1009,2751
0089db766396d0df4406d46cd6107b58,14bffe41f224fce0afdd90c35c0abacb,2000,0,2800,2622,800,2622
e3ea477f6b1f7347c184f55cb7c336b4,34177024a15e78fb0df515b5212ccabb,0,710,1052,2821,1052,2111
7170e63d4fb8c94fba31e8b08e7f33d3,8c5e0a0e766475923a4a38137e6ef398,1577,0,2800,3518,1223,3518
137e66f52a0a4e95d4344ff2852f9033,1a726ea772cfde63af2de1d9d1fba472,1767,154,2800,3101,1033,2947
d830b7036fce84695f5ede7fdd419c2d,5e40ee831becd7b80ab4efc730f7ade9,0,0,898,3256,898,3256
7170e63d4fb8c94fba31e8b08e7f33d3,53df0103297817202be29462d6859f45,1595,650,2800,2934,1205,2284
0089db766396d0df4406d46cd6107b58,70344c1fc8ac0185eabb0f793dda3a40,0,0,895,2616,895,2616
7170e63d4fb8c94fba31e8b08e7f33d3,7be36faa688a93e371921e5b4b1709f1,0,0,1223,2664,1223,2664
d830b7036fce84695f5ede7fdd419c2d,efbedab28d643bb49fdcb682d1047340,1927,172,2800,2483,873,2311
dbe82723eadfd0de6c2c70c3ed378719,8a25d6337e520e64116cfe5ac1a6ee5d,0,466,776,2758,776,2292
0089db766396d0df4406d46cd6107b58,6e5117c49a83c06b3c8ccf26bbab657b,2128,605,2800,2418,672,1813
7d86cdcf9b50cd10c18bfcedfb8f1b46,30d854e9e933710c0ca0112f809faa55,1206,107,2012,2327,806,2220
0089db766396d0df4406d46cd6107b58,2098cb1050e7165044544d77bb8bfd4a,0,709,860,2627,860,1918
dbe82723eadfd0de6c2c70c3ed378719,6412b3e2206e629420afce5410e5fe25,1909,0,2800,3260,891,3260
e3ea477f6b1f7347c184f55cb7c336b4,49a730e8df9972644c80002e35ce15d2,1875,0,2800,3518,925,3518
a0674d31cb9407ed5e50ea7d0a7d75f1,e5bba5b7cc7b11eed0e7d8ab77b026db,1662,0,2800,2920,1138,2920
d830b7036fce84695f5ede7fdd419c2d,de221485a08dc8fe9008efd2810ff45b,0,752,889,2838,889,2086
7d86cdcf9b50cd10c18bfcedfb8f1b46,8c0e032c202a646cd396fd9a5b75f394,0,134,855,2256,855,2122
e32c22934e332e1ed8314ae2603cb351,1d5ee9be52e39b4b08d374a63edaf5eb,0,436,740,2640,740,2204
7d86cdcf9b50cd10c18bfcedfb8f1b46,fad6382d24df85756bcb534898f38dbe,0,0,844,2392,844,2392
c5fcbdded338d562cdd3294210cc0ede,9732a0b8ade2ad8495a0598890d15149,0,266,1183,2445,1183,2179
e32c22934e332e1ed8314ae2603cb351,f739ddc89d4b210f1f0d27776372f7d2,2050,268,2800,2748,750,2480
e32c22934e332e1ed8314ae2603cb351,939b70e55fb0cd5e82b3ced129ae2cfd,0,0,825,3076,825,3076
a0674d31cb9407ed5e50ea7d0a7d75f1,aab7ab6822dbf3f22b02f0017b2e252f,1719,433,2800,2534,1081,2101
c5fcbdded338d562cdd3294210cc0ede,61dea424b31908763e86ddb3e420e007,0,0,1139,2451,1139,2451
a0674d31cb9407ed5e50ea7d0a7d75f1,bb076655bce29855b038b289329bbbe7,0,0,1079,2924,1079,2924
e32c22934e332e1ed8314ae2603cb351,7b2aa138a5a5ebdfc6781869d33e065a,1968,0,2800,3041,832,3041
d830b7036fce84695f5ede7fdd419c2d,319b502b652fb2db2b50dad4d36c8177,1809,0,2800,3518,991,3518
a0674d31cb9407ed5e50ea7d0a7d75f1,41a41958cd01a372f3dd285a9ce53161,0,765,1065,2849,1065,2084
518edfa9bfedc3afd3c496798712e01f,a82017fc4d3fac942310288657838750,0,396,1052,2470,1052,2074
518edfa9bfedc3afd3c496798712e01f,3d8ad8815fef24a4d86c46a77796a7bc,1710,447,2800,2545,1090,2098
518edfa9bfedc3afd3c496798712e01f,df35a9e4dd0559655263066fffdeddf5,0,0,833,3518,833,3518
c5fcbdded338d562cdd3294210cc0ede,643c4df0e9540cf7ea92a5e215cf2f25,1580,386,2800,2655,1220,2269
c5fcbdded338d562cdd3294210cc0ede,21355908a4696b4634e8adf39d48847a,1616,0,2800,2577,1184,2577
518edfa9bfedc3afd3c496798712e01f,ebe7d3f26cf799cf84fea4cec7f49869,1781,0,2800,3518,1019,3518
364557b79eaa8946cdb38dcb25763308,0c0c1942f66661c005990003f3ed34b4,0,0,1101,2671,1101,2671
364557b79eaa8946cdb38dcb25763308,ac534902d69dcdcf0f3d27a4e80e15ed,0,572,1018,3518,1018,2946
b47f26a518ad487f8369f4513af13a3c,fae0ada733d33f23db902a426607b32c,0,764,1174,3518,1174,2754
364557b79eaa8946cdb38dcb25763308,ed7b3119cd93fd7c8b5bf3662822dfe5,1802,74,2800,3518,998,3444
364557b79eaa8946cdb38dcb25763308,15601d95373173f512a26f60751dc858,1704,0,2800,2880,1096,2880
8977f5322dda5ad2d6379cbc167c79ab,1333556eb238c5d3cad12b366ce1404e,0,0,925,2484,925,2484
8977f5322dda5ad2d6379cbc167c79ab,84f2eae858072f3bbd1a649054f7cc9a,1852,598,2800,2627,948,2029
8977f5322dda5ad2d6379cbc167c79ab,ee353a5fea9b8671c3ee935b74594c37,0,678,934,2645,934,1967
c7811f4575c1229ad4a7606de49ea68f,181fd193d3b785dc9faafdaa8e1695fc,0,708,1079,2704,1079,1996
7d86cdcf9b50cd10c18bfcedfb8f1b46,f7a1289e471136b530ef36d643665a81,1124,0,2012,2812,888,2812
b47f26a518ad487f8369f4513af13a3c,382582a0c54cb944865ba07af3adbc16,1488,182,2800,3518,1312,3336
8977f5322dda5ad2d6379cbc167c79ab,d95857c37063af4f76f86a5996440ee8,1906,0,2800,2467,894,2467
b47f26a518ad487f8369f4513af13a3c,e7069d1611bbfff0bbad6c81da9db788,0,0,1205,3043,1205,3043
b47f26a518ad487f8369f4513af13a3c,1da453ee209c222a29bedea02143deb1,1651,0,2800,2759,1149,2759
c7811f4575c1229ad4a7606de49ea68f,55eb5ea616abacd225e584ffc8be57da,1803,729,2800,2683,997,1954
c7811f4575c1229ad4a7606de49ea68f,9eb4650a2b630e44074c403f6127c5a1,0,0,1081,2458,1081,2458
c7811f4575c1229ad4a7606de49ea68f,cc3fdc5d733a671f3000e20838e192d9,1637,0,2800,2596,1163,2596
6d557f1fa6d94f9a2d361feac62164ba,ea1aa84e38d91acbff115ad3164a3120,0,499,1184,3518,1184,3019
6d557f1fa6d94f9a2d361feac62164ba,e83b044e018489ff6eb0f9f060cd1010,1695,0,2800,2889,1105,2889
6d557f1fa6d94f9a2d361feac62164ba,b42187cb3f5e7419eeb34fc23407f1ff,0,0,1079,2969,1079,2969
6d557f1fa6d94f9a2d361feac62164ba,7706a2addd988297f5e31545e12dd755,1697,232,2800,3277,1103,3045
f4f6c0d6041705d3e86df485d2492a4b,9c333578fc00860398e4f7ea00259016,0,760,704,2833,704,2073
f4f6c0d6041705d3e86df485d2492a4b,43568034888e262bdfaa139ae8d71bd0,0,0,838,3518,838,3518
f4f6c0d6041705d3e86df485d2492a4b,19d4ed7e957f7db19e1263ea44b82be5,1947,589,2800,2769,853,2180
f4f6c0d6041705d3e86df485d2492a4b,5d38123ed0c7956fa0285216c55c9fba,1852,0,2800,3518,948,3518
d0db4896fbd203664c76b242d1dbcb58,90fd79a2bdb7e9a0be1cdcef8410c2fd,1280,0,2012,2469,732,2469
d0db4896fbd203664c76b242d1dbcb58,12ff119486988c535bc53f1b8766e038,0,0,730,2622,730,2622
d0db4896fbd203664c76b242d1dbcb58,5523024603aae3d4e355319bcea4a0b0,0,495,636,2162,636,1667
d0db4896fbd203664c76b242d1dbcb58,def655cf3cf324ba5f87b698743e761e,1390,399,2012,2258,622,1859
07e80ff594007d973a0b03f3a01f3801,43dada78057c4610171200e07271f24a,2127,296,2800,2241,673,1945
07e80ff594007d973a0b03f3a01f3801,adf506a6d2185dc38508a3a9bfe73e44,2097,0,2800,2736,703,2736
07e80ff594007d973a0b03f3a01f3801,9d7659dcfe9491a0b852403716d82b05,0,0,724,2433,724,2433
07e80ff594007d973a0b03f3a01f3801,4a2b0984a7a966ddcd179e8a315e8c0f,0,551,756,2474,756,1923
d12d2142617d3ce2bc21fc399de6dd47,5215acf6ff50fece2960c24081d6e69a,0,608,778,2557,778,1949
976496fdfdd318c89bdb8b816bae310a,26f1aa81239b33177321598a0eb599d2,0,0,1131,3518,1131,3518
976496fdfdd318c89bdb8b816bae310a,af713d9daaedd08d399db54b08f0fa14,0,689,973,2932,973,2243
976496fdfdd318c89bdb8b816bae310a,6cf5502071c2a05d6acde51d7bb6fd7a,1812,578,2800,3518,988,2940
976496fdfdd318c89bdb8b816bae310a,b5929fe056c149dbd5b84cf26f4d71e4,1685,0,2800,3518,1115,3518
d12d2142617d3ce2bc21fc399de6dd47,6eaad523ebd34bcc69ec976bfdb84f2c,1869,0,2800,3518,931,3518
d12d2142617d3ce2bc21fc399de6dd47,a05a7f19701b482a92085bb4f6aef1df,0,0,859,3333,859,3333
f1f2f7688da198dca8be38e9cefed7ee,e2a8c859d81644fb02c7af4207ec40a2,1226,314,2012,2812,786,2498
f1f2f7688da198dca8be38e9cefed7ee,67e1f31011a78908697bacd86cb60caf,0,0,985,2812,985,2812
d12d2142617d3ce2bc21fc399de6dd47,f0f914912660d0a04592b8072a38bcea,1940,876,2800,3518,860,2642
f1f2f7688da198dca8be38e9cefed7ee,7d564b2dd18a3cbb05d472b3e47039e2,0,0,792,2624,792,2624
f1f2f7688da198dca8be38e9cefed7ee,b70c5d5f2b2c7a7dc986772cf2ef3f7f,831,0,2012,2812,1181,2812
1d74a11c7cc379f4b30d5b9e3d00e94b,4b0b010f6b445850beb6dad2d8864029,0,416,937,2871,937,2455
1d74a11c7cc379f4b30d5b9e3d00e94b,efcce1aff09886998ec737e18f1ad789,0,0,928,3335,928,3335
1d74a11c7cc379f4b30d5b9e3d00e94b,6d8ba1f1018030ffb5ab533d04fb64ff,1957,219,2800,2633,843,2414
e1e5bca5a7d52805002c4668b69c252d,d70cdcd5d7deb05afaaaa60e0faf60bd,0,0,931,2812,931,2812
1d74a11c7cc379f4b30d5b9e3d00e94b,485ca3b527b8994454f375d72e6358f5,1751,0,2800,3518,1049,3518
e1e5bca5a7d52805002c4668b69c252d,40e69924fc2c31255404bbbd5fcbd449,1298,117,2012,2812,714,2695
e1e5bca5a7d52805002c4668b69c252d,930a53665d231d2b70bab6d9817db97f,1211,0,2012,2675,801,2675
191f96fc169d13959767f36e4ac668af,488f59d65af57d425dd36a1d85c8b28b,0,0,1029,3447,1029,3447
191f96fc169d13959767f36e4ac668af,0e02546f43bef7e263be50b57fee8f02,1910,21,2800,2386,890,2365
191f96fc169d13959767f36e4ac668af,faf64ba071b0f01cdf8f3a29a86aab98,0,550,931,2670,931,2120
e1e5bca5a7d52805002c4668b69c252d,4dff9a36f01cef1b1e84ca6b64ec341b,0,0,872,2812,872,2812
4830179ebaf42fba884d1686f70815df,eebf0ed269c4d2ddd64b5aa2b387c6e1,1979,0,2800,2461,821,2461
8988a87363a4010e5a1ca4d5f0009e90,af2e7471da95f194868363e881bf2b3c,0,475,856,2889,856,2414
191f96fc169d13959767f36e4ac668af,834b852db7d367b8102deb2f2c15a1f7,1820,0,2800,3518,980,3518
8988a87363a4010e5a1ca4d5f0009e90,d93806c2ca52921e82f0fd284fd17325,1910,430,2800,3087,890,2657
766e22cf0c8162e9fb44fc601fb6ee94,d7b13c6b2c47e38281ad5148a0d7355e,2036,572,2800,2541,764,1969
4830179ebaf42fba884d1686f70815df,7db033b6117b6bbdcb456acd44712a45,0,531,871,2761,871,2230
9b7e001b3af23c0daddccb625d99e315,df7e0421883f75ed53be4a03d5cdb4b3,0,752,763,2496,763,1744
8988a87363a4010e5a1ca4d5f0009e90,6a450eec8dc67b6c8d3571061e8feed4,1850,0,2800,3518,950,3518
766e22cf0c8162e9fb44fc601fb6ee94,922a9c30e31806274c342ef5ce566be8,0,0,828,2335,828,2335
4830179ebaf42fba884d1686f70815df,81caa5d3993f79abc60bd963cd849a2a,0,0,829,2639,829,2639
4830179ebaf42fba884d1686f70815df,7c832d0ec93809613af9e39e162864d7,2036,469,2800,2507,764,2038
766e22cf0c8162e9fb44fc601fb6ee94,dc934bafd05c7487d5908800f75a6149,0,558,769,2511,769,1953
9b7e001b3af23c0daddccb625d99e315,a30ec0316ef3e59a6687582a02022633,2082,777,2800,2516,718,1739
9b7e001b3af23c0daddccb625d99e315,29b94e366720a75f28fe8e233ed26a22,2017,0,2800,2404,783,2404
374e5604edf168fa4cbac1c9eb3406f6,906c2102e720b3ec74952a154cf77c38,1854,340,2800,2548,946,2208
766e22cf0c8162e9fb44fc601fb6ee94,c6748f2e0790cca1d48a24a989c6e1c6,2003,0,2800,3492,797,3492
8988a87363a4010e5a1ca4d5f0009e90,1e0da7d35182b19cb6e84d8b955b223a,0,0,967,3258,967,3258
afe44ee3064a811e4d59d17089fc8142,a498ed143c96a872ab33c9706e70002f,0,0,776,3518,776,3518
afe44ee3064a811e4d59d17089fc8142,7ca38a86904b761154437eaa74c37253,0,504,555,2740,555,2236
374e5604edf168fa4cbac1c9eb3406f6,299d1342e6102009b0bcefa47e6bb8b8,0,0,922,3518,922,3518
9b7e001b3af23c0daddccb625d99e315,53f6846def719992438313427633b682,0,0,769,3518,769,3518
374e5604edf168fa4cbac1c9eb3406f6,35c717112a2d1243030ad58daf78864b,0,769,913,2810,913,2041
374e5604edf168fa4cbac1c9eb3406f6,ec6b370fe1ac197054af70d3aff9c9e2,1872,0,2800,3491,928,3491
aafeb37d07132ba4d84b8836daa8f56f,144b64b1505d6cfcc9337de957801fdb,0,456,1246,2706,1246,2250
afe44ee3064a811e4d59d17089fc8142,fc2a0046708e5e3f35dbc621c9525328,2103,0,2800,3518,697,3518
afe44ee3064a811e4d59d17089fc8142,dc29d9858460720c1386a081b0b1961e,2261,551,2800,3518,539,2967
aafeb37d07132ba4d84b8836daa8f56f,4bedc4697d4a92230ba840a09c82d590,1585,384,2800,2631,1215,2247
f0a110172c6c9025ae85bc7e2c1b38b0,384819bbc0277badbdf837faaff0a8b3,1742,0,2800,3389,1058,3389
aafeb37d07132ba4d84b8836daa8f56f,d02f7fcc6f0b63b2e5f548c5d595aaba,1469,0,2800,2909,1331,2909
aafeb37d07132ba4d84b8836daa8f56f,deb97bcd109c16d6c17cbcd523dd993d,0,0,1332,2682,1332,2682
f0a110172c6c9025ae85bc7e2c1b38b0,93f33c8b77f2288ba587d85270a569c3,2025,0,2800,3518,775,3518
f0a110172c6c9025ae85bc7e2c1b38b0,bc241a8a42e326a18b0b61047db3c215,0,517,772,3518,772,3001
f0a110172c6c9025ae85bc7e2c1b38b0,a0b2fb32c56b3fc661fcd7175d038300,0,0,1044,3518,1044,3518
07ae54e7b5cd44c5885eade288b50740,d8d1e14233ff6a1f96ad85091f1fa2a9,0,0,815,3023,815,3023
07ae54e7b5cd44c5885eade288b50740,86ee69a363e336dad1614f73a1fa0ec7,2025,555,2800,2542,775,1987
07ae54e7b5cd44c5885eade288b50740,c7476f77a18b41254ec5e98b705d94c9,1945,0,2800,2343,855,2343
5b1bbc137b34f06702481cc7209591bf,5e62eb686ff385b33804550ea1ed8ab4,0,211,1073,2812,1073,2601
5b1bbc137b34f06702481cc7209591bf,9b0354d790bb140723f64d16c0cf17dd,948,0,2012,2812,1064,2812
5b1bbc137b34f06702481cc7209591bf,3057efec74b3ba8cd3e32d4cf992fcf4,0,0,952,2522,952,2522
07ae54e7b5cd44c5885eade288b50740,b64df241f16b942b3adf2fd1c499399f,0,849,805,2819,805,1970
5b1bbc137b34f06702481cc7209591bf,042886ff40753175e5e4270f3ff1f8ab,923,291,2012,2812,1089,2521
9fa77f09c63d67234d98d8abecd34dc0,40f86fb7d6d66ff2eba72476f43256c6,1964,769,2812,2975,848,2206
9fa77f09c63d67234d98d8abecd34dc0,e8b197aa26211519001c87cbfee9ef8a,1668,0,2812,2855,1144,2855
5f858de09785fe747962fe5fafbea3c9,aa7d06b748fbcb7f8c8e0fc968aaa0f9,2323,770,2800,2349,477,1579
9fa77f09c63d67234d98d8abecd34dc0,64fdb492374ddfe9294ec558c3cf4fd9,0,234,941,2805,941,2571
5f858de09785fe747962fe5fafbea3c9,2cf5ad0a25580fee342c1c0bf95e3298,2387,1204,2800,2913,413,1709
9fa77f09c63d67234d98d8abecd34dc0,4c168062d124de078b02efb790f2a65c,0,0,1018,3580,1018,3580
5f858de09785fe747962fe5fafbea3c9,57a2d7a3206a0e5a3197d23c892e532d,0,1091,532,2696,532,1605
b5a6b304d769cdd45a7ac4253f653e5e,228bbafbc7cd167675e4d534785a56ef,0,0,835,3518,835,3518
5f858de09785fe747962fe5fafbea3c9,af2ab66945a35f85ec1688baf1bee304,0,1017,449,2710,449,1693
b5a6b304d769cdd45a7ac4253f653e5e,73c2ae4ae3de4d2832fd3e55b0336b97,0,672,795,3518,795,2846
f29e8e9f6fdaa7773fbc32ca85e64238,15319c03fe0735370ea1d530f21dc010,2051,0,2800,3518,749,3518
f29e8e9f6fdaa7773fbc32ca85e64238,febada4618f7fa4d72350264fb2aa79d,0,0,705,3518,705,3518
f29e8e9f6fdaa7773fbc32ca85e64238,8b09bfa6483c083118d02aa2edea1980,2038,676,2800,2528,762,1852
b5a6b304d769cdd45a7ac4253f653e5e,bdbfa66c44115f7dcc75fff71757a6e8,1934,0,2800,3518,866,3518
b5a6b304d769cdd45a7ac4253f653e5e,1fd1f496aaf92841e4428dc389e87081,2069,322,2800,3518,731,3196
bd4fc3bfd2e050330062faee1dffd292,500f7ed9530d7c5cf2d42b272a5ed06e,0,137,1019,2545,1019,2408
f29e8e9f6fdaa7773fbc32ca85e64238,aa92a80aa41fd88bcfe03fd21ed98cd5,0,596,745,2614,745,2018
8f888fd6906ef498cb278a2b59ae3653,86521b5ead50cf242ab9fe07cbeee14e,0,0,1385,3518,1385,3518
bd4fc3bfd2e050330062faee1dffd292,b0ac47f7754a67b0ac276a8bf9c99b69,0,0,1005,3063,1005,3063
d1257767678bf06cf88676a057ff779a,697070e2ba7e3d1efd887f2e6569be4a,0,296,1123,2426,1123,2130
bd4fc3bfd2e050330062faee1dffd292,4d73c1dc510bbdc79f807300fe6cf6a0,1743,0,2800,3518,1057,3518
8f888fd6906ef498cb278a2b59ae3653,df503ebbb9485c3d9722debfba5caf8a,0,332,1040,2925,1040,2593
7c5f4da80f063a8adaaf2d1adc61f0ed,38cf93b15f030f6d95511467755883cb,1883,0,2800,3440,917,3440
8f888fd6906ef498cb278a2b59ae3653,d33f2553ae16f4852e01284a4c5a6968,1745,460,2800,3203,1055,2743
7c5f4da80f063a8adaaf2d1adc61f0ed,68e6214a2f7349b877f631e327b8f54f,0,553,900,2876,900,2323
7c5f4da80f063a8adaaf2d1adc61f0ed,6cfdc2c1d9f665abe5a02a4af6577221,1949,484,2800,2732,851,2248
de585e55834681c650d1f34ff21c2139,27d9bf4e5b772624325d6232ffc8378a,2050,0,2800,2672,750,2672
de585e55834681c650d1f34ff21c2139,de715a45cebb8ad5f0cdf0e253d12f86,0,724,821,3301,821,2577
de585e55834681c650d1f34ff21c2139,6ffb4582bf7434518000863d13bf8915,1982,282,2800,2333,818,2051
7c5f4da80f063a8adaaf2d1adc61f0ed,275fbec0df80e45a735bfb1d225aba24,0,0,887,3023,887,3023
d1257767678bf06cf88676a057ff779a,6fb1ab9713eff3c9b4d5794137a6c870,704,0,2012,2812,1308,2812
d1257767678bf06cf88676a057ff779a,1af03f6ae39f856a9adbe2025df340b0,931,313,2012,2523,1081,2210
12b0db966e11c6476cf9134f254fb1b1,632648b87efcae974030e8e9062dcaa5,2079,874,2800,3518,721,2644
bd4fc3bfd2e050330062faee1dffd292,29a885f5c78467051bb77fe083f46647,1749,384,2800,2720,1051,2336
de585e55834681c650d1f34ff21c2139,b3a7ae796a1b04a31c9e655322f5d82c,0,0,654,2739,654,2739
d1257767678bf06cf88676a057ff779a,942ef9313505d3271402c593b7ab0227,0,0,1253,2812,1253,2812
12b0db966e11c6476cf9134f254fb1b1,5b126555eee46fa2ceb2492fe3b4ad7a,0,0,876,3518,876,3518
8f888fd6906ef498cb278a2b59ae3653,66e8e8201b85257a712b2989f2ff6a5e,1421,0,2800,3518,1379,3518
12b0db966e11c6476cf9134f254fb1b1,9ccbdc3148ab9ef203d25d26053cabf1,1903,0,2800,2773,897,2773
922040585faf63bdb99b617c2d810fb8,7aa15a53c737e395e6d4ac65b6500d28,1889,640,2800,2901,911,2261
12b0db966e11c6476cf9134f254fb1b1,7d03b93fcb583f2102614cf3973b2d09,0,639,681,2531,681,1892
0249157fa6d11ec6c50d9887fc5d0d5b,a6fa1489f0488948b698558b0ae58784,1908,555,2800,2570,892,2015
922040585faf63bdb99b617c2d810fb8,a53201abc60c37ae1e2743d16340a70c,0,700,959,2991,959,2291
0249157fa6d11ec6c50d9887fc5d0d5b,8e8f86bddd86b91b25719716edc33a80,0,0,942,3518,942,3518
0249157fa6d11ec6c50d9887fc5d0d5b,b46ec1f9837aa04191b8854b15821d7c,0,828,887,2814,887,1986
0249157fa6d11ec6c50d9887fc5d0d5b,59f173349aa902abf6e2a9961b5d7f71,1958,0,2800,2540,842,2540
922040585faf63bdb99b617c2d810fb8,502bb891f20014b9bdadf24b5999492a,1792,0,2800,3518,1008,3518
c85b5142b98887caddcf3649beba16bd,ede61a13a41a00251db6fdee5d14ceeb,0,326,968,2343,968,2017
c85b5142b98887caddcf3649beba16bd,266faa805e6a022bc00f11dc89273d25,1631,0,2702,2784,1071,2784
c85b5142b98887caddcf3649beba16bd,a02b584b659272f0114651d180a16219,1548,367,2718,3580,1170,3213
9521af8befd84654112480dcaceb20bc,c62430887aa04e21d8731d1eb05b4306,1647,438,2800,2516,1153,2078
9521af8befd84654112480dcaceb20bc,d703266941a5e5dc57d9edbe8032e655,0,0,1173,2736,1173,2736
c85b5142b98887caddcf3649beba16bd,299b526b6c6db3f31338bc961068b0f0,0,0,1146,2794,1146,2794
9521af8befd84654112480dcaceb20bc,a27bb6084934eee26f8f307c669cfc51,1567,0,2800,3518,1233,3518
9521af8befd84654112480dcaceb20bc,1073ca15c2857ec9dce8c127a24e5031,0,461,1083,2689,1083,2228
70274a8f07562d5cb1a89be9fa66c0de,749c60bde69ad3a8886578c6c603044d,1830,350,2800,2508,970,2158
70274a8f07562d5cb1a89be9fa66c0de,917ab8f152790d8e1af8413fd41f4515,0,0,1175,3364,1175,3364
70274a8f07562d5cb1a89be9fa66c0de,a82dcc82d271e57ef23eaee269672555,0,724,996,3518,996,2794
922040585faf63bdb99b617c2d810fb8,a8a8cbe807a8a793dadc72485f1fc8e3,0,0,965,2784,965,2784
1f7c8ac4539fc867bd15336dfa94a74c,f207b9a09e8918156b45449c76a8ebbb,2038,885,2800,2999,762,2114
70274a8f07562d5cb1a89be9fa66c0de,53cfc793126435a99b122d459236e73a,1730,0,2800,3150,1070,3150
1f7c8ac4539fc867bd15336dfa94a74c,9a1338462c62d2be64c90083c855ddaf,0,337,807,2561,807,2224
1f7c8ac4539fc867bd15336dfa94a74c,90521a08fae6f2c437d28ed6f56f3c87,1874,0,2800,3518,926,3518
1f7c8ac4539fc867bd15336dfa94a74c,1590f4ff3ffd911d8fae69a224e56f9d,0,0,966,3518,966,3518
543f67d7c06bc174ebfea8531ea9416c,73fb935853a4c56c41e9b83fb05caf84,0,576,709,3518,709,2942
543f67d7c06bc174ebfea8531ea9416c,d180e924950922d508935fd81d843643,1937,0,2800,2461,863,2461
543f67d7c06bc174ebfea8531ea9416c,0bc4de293c8632352519d9aa87245e96,0,0,827,2543,827,2543
543f67d7c06bc174ebfea8531ea9416c,bd5bb3313334648c13e505efc11b55f3,2001,305,2800,2279,799,1974
35560823c4ba3f565ee60ffbcd6c354f,80b2b3c0df8ee4e09397e12d0fcbbb3e,0,0,716,2636,716,2636
35560823c4ba3f565ee60ffbcd6c354f,5a94cbf7b6b746e90b0e8030d68bd069,1973,0,2800,2620,827,2620
35560823c4ba3f565ee60ffbcd6c354f,476f5d1531f86514a0599e00de00b247,1931,0,2800,2603,869,2603
35560823c4ba3f565ee60ffbcd6c354f,acf91e22c340390c3fc50e6088efa35d,0,0,1060,2444,1060,2444
74a3ef20153e32ba78ab99bfba542713,0ad43b0a1d4a9a2061950141125bd753,0,691,760,2565,760,1874
74a3ef20153e32ba78ab99bfba542713,5403ce6aaa4a3bf32f10c1922e2bbeaf,1761,0,2606,2308,845,2308
9efd5f5c65ec8c402ec48f0ff7388562,0c57e79ec6fc2ad0aa38ae8e2f54af07,888,126,2012,2422,1124,2296
9efd5f5c65ec8c402ec48f0ff7388562,d059ea2dfc1e0407d741552eeac73964,0,283,1133,2715,1133,2432
74a3ef20153e32ba78ab99bfba542713,86d73954a36a1b49a54fef050dcbf7e1,1741,886,2606,2729,865,1843
74a3ef20153e32ba78ab99bfba542713,4bcd6cbecce49727f370357479bdaf72,0,0,849,2221,849,2221
9efd5f5c65ec8c402ec48f0ff7388562,65d2ab095bd6eab97e0feb84a5997295,0,0,1199,2614,1199,2614
9efd5f5c65ec8c402ec48f0ff7388562,5cd330a56ea7c77a1fa1181712966dbf,888,0,2012,2761,1124,2761
268363a587eba0d80c1490f6a0287ea2,581dde8e35550b7656a443a225c05b61,0,0,754,3518,754,3518
268363a587eba0d80c1490f6a0287ea2,f05a5b8269ea3ea7ecd5c36f057003bc,2041,0,2800,3518,759,3518
268363a587eba0d80c1490f6a0287ea2,591023191c987127a2dab0a1cecb0147,0,0,672,2327,672,2327
268363a587eba0d80c1490f6a0287ea2,0f3e5d7aff56a0bbc883be19c1640f48,2147,16,2800,2538,653,2522
a1184bbed0db538687c43e1d47f763bd,13487323d6e3e296ae59c7afcbb7448f,0,756,836,3066,836,2310
a1184bbed0db538687c43e1d47f763bd,80eb7542f80981360600fb9b95f85256,1854,550,2800,2931,946,2381
a1184bbed0db538687c43e1d47f763bd,a4e70c1a10e33850d2f7c0607d47926b,0,0,1011,3518,1011,3518
a1184bbed0db538687c43e1d47f763bd,2203653d902fb607706ab8ec4021ef90,1766,0,2800,3518,1034,3518
923591d7cfb4661f1ff4483646998277,feae375efb0d033f9246e0d67ea82308,2229,926,2800,2492,571,1566
923591d7cfb4661f1ff4483646998277,d73cd29e4c6dea077579f0f990c12454,2191,0,2800,2255,609,2255
923591d7cfb4661f1ff4483646998277,16030b4198582efe29d6040b29bbdf3c,0,0,680,2535,680,2535
e39602b13a9eea13c99888f2f47cc77f,15ad456e4bc707e7ffeee20e60a3a820,0,559,862,3518,862,2959
e39602b13a9eea13c99888f2f47cc77f,3c5348828c4b60b7cc165d3ed6c20ab8,0,0,968,2536,968,2536
71c4a60898bf9b773a1a83835caf28ce,6f4acaa7ea9601b8b64d783203ba1443,639,0,2012,2812,1373,2812
e39602b13a9eea13c99888f2f47cc77f,9dd73bef7421aff72e0a5cd4ac17e20c,1872,0,2800,2455,928,2455
e39602b13a9eea13c99888f2f47cc77f,a984b54aba616c4f88eb2fdc8f4bd3fe,1814,78,2800,2733,986,2655
71c4a60898bf9b773a1a83835caf28ce,bd6f79464fbd6b9eff5b9362e8717f65,0,0,1365,2366,1365,2366
71c4a60898bf9b773a1a83835caf28ce,804c9d88558fcddea782815ec704d494,0,0,1413,2754,1413,2754
71c4a60898bf9b773a1a83835caf28ce,55e1aa70102f1c5bcb9cca960cf1a013,631,0,2012,2454,1381,2454
93d761d426bb007b52e193be58c04649,ceafb3072fa0e7d7f767e2cb5d86cd33,0,943,519,2380,519,1437
93d761d426bb007b52e193be58c04649,8cbfbb467e714cdc5d39d1a69fe164c1,1543,528,2012,1977,469,1449
93d761d426bb007b52e193be58c04649,4ad244ead3c82f06f2b6b3acdf1c4164,0,0,744,2532,744,2532
f8de08fbf98384593a491a1d0a07910f,b46d35b266cc54aee2bffb88446fd45f,0,0,907,2599,907,2599
f8de08fbf98384593a491a1d0a07910f,37d438b67fdb7869f255a0aa516c7d81,0,756,794,2960,794,2204
0b3b62b337781ed3fdf2a8a4f4c5cf82,1ead88fbef1e75a944d2c79528bb4ad6,0,0,1020,2436,1020,2436
0b3b62b337781ed3fdf2a8a4f4c5cf82,480c0a571aa119968329be04635513ef,986,0,2012,2753,1026,2753
0b3b62b337781ed3fdf2a8a4f4c5cf82,9f3d00b48d62969e2d8ce1527195a80b,992,138,2012,2534,1020,2396
0b3b62b337781ed3fdf2a8a4f4c5cf82,77cc04055b2e5d95ec95aea07190052f,0,0,1031,2731,1031,2731
f8de08fbf98384593a491a1d0a07910f,b5bcb3334f5cca8f9193e574f7fa23f2,1953,0,2734,3580,781,3580
93d761d426bb007b52e193be58c04649,f09a82814fb3d9be1a32b25abe96aeb7,1235,0,2012,2812,777,2812
303188f9419ac1b4b87c8d8bd21db8f5,4588782f6de444d01bc34c7f436388c5,0,591,1284,2682,1284,2091
f8de08fbf98384593a491a1d0a07910f,f74a615b94dd7116862dcbdb851bfb5b,2013,373,2734,2546,721,2173
303188f9419ac1b4b87c8d8bd21db8f5,23dd96880a77a68ff2a82b1e89ab0db0,1409,0,2800,2653,1391,2653
923591d7cfb4661f1ff4483646998277,7031274b72497d2c7ab2f59efdc4083e,0,1160,675,2876,675,1716
303188f9419ac1b4b87c8d8bd21db8f5,952595ffa49a83b032463197941caa25,1443,854,2800,2907,1357,2053
c94e1c37ee3fa890b949ed57f076a235,4a9f55cbefbed5c7f6b4f8f28f20520d,0,0,689,3518,689,3518
c94e1c37ee3fa890b949ed57f076a235,84c640ae99b217eacfb08ae91bce2059,2280,399,2800,2441,520,2042
303188f9419ac1b4b87c8d8bd21db8f5,b84b2052e9e8199567c295684a6c69c8,0,0,1447,2579,1447,2579
8f50523ef6734a23992b8714f770a85a,0e9c2f0b7cf59050fbeab7a3c23b1e0d,1684,157,2800,2739,1116,2582
c94e1c37ee3fa890b949ed57f076a235,5537a4132697875c12e8105f5f4dd563,1964,0,2800,2757,836,2757
85189e7e7c1feac81ad1ed803679d5b6,1ed48a78c699de713c2556950e1bbcea,0,0,920,2640,920,2640
1b928d430a7591228060aab2d3e07fb3,0148ecc9493f5f911b1c99bcf1dd7b91,1915,699,2800,2612,885,1913
c94e1c37ee3fa890b949ed57f076a235,0958171550d62f0b58dcdb2aad171bb3,0,1140,635,3112,635,1972
1b928d430a7591228060aab2d3e07fb3,7a1f22dd678e8d4a7c2519b27a2116f7,1892,0,2800,2338,908,2338
85189e7e7c1feac81ad1ed803679d5b6,88d5e44949625d4f9f20c54aabcdc862,1460,0,2800,3518,1340,3518
1b928d430a7591228060aab2d3e07fb3,80a0e80035f15c0857f713540baed913,0,544,905,2617,905,2073
85189e7e7c1feac81ad1ed803679d5b6,76b70b2323d06b2337e96044050d8be2,1918,143,2800,2464,882,2321
8f50523ef6734a23992b8714f770a85a,cd1d153866ef749482f2c855b6415894,0,402,1131,2806,1131,2404
85189e7e7c1feac81ad1ed803679d5b6,000470cbf12fe2b285cba99286a9a4fa,0,0,1770,3518,1770,3518
1b928d430a7591228060aab2d3e07fb3,abee0f8fa59c1c393889d40896ff9eaa,0,0,936,2310,936,2310
a2e1f7f6ff837cd084cb369144a654e8,f6d4127e61266644a01e266ce20bb4b3,1676,539,2800,2656,1124,2117
a2e1f7f6ff837cd084cb369144a654e8,b229fd49b9aad0864aa0227da91bc09b,1593,0,2800,3518,1207,3518
a2e1f7f6ff837cd084cb369144a654e8,946265b6c3c0b30b0e8e2d05a6818e2f,0,0,1243,2730,1243,2730
8f50523ef6734a23992b8714f770a85a,bb81848f151dcbfa45c3213197f4b6d9,0,0,1246,3518,1246,3518
065cbb5b3738dd3c1e08113fe0094707,f544cc2f340217c562d3cc5252c46876,1754,0,2800,3035,1046,3035
8f50523ef6734a23992b8714f770a85a,a77293d16431b9e2b0ee24a4a41b8f1d,1660,0,2800,2721,1140,2721
065cbb5b3738dd3c1e08113fe0094707,d2e242693c36ad52e6c88dc7f0c29aa6,1652,593,2800,2954,1148,2361
a2e1f7f6ff837cd084cb369144a654e8,ef5fed609cb3cf47954d86d78ae96a16,0,606,1349,2859,1349,2253
065cbb5b3738dd3c1e08113fe0094707,c138bea0d12e46aecb3593842441547c,0,0,1017,2874,1017,2874
2e00b18ddf545eb29cb44c7c56540e07,aa5a2d0995c8ade68690438531dfd770,0,419,1163,3405,1163,2986
065cbb5b3738dd3c1e08113fe0094707,cb6a9b188901403ee99fd1a28ab223e3,0,243,1120,2896,1120,2653
2e00b18ddf545eb29cb44c7c56540e07,72b7dfd519a57a683f740df8cde06ece,0,0,1125,2919,1125,2919
2e00b18ddf545eb29cb44c7c56540e07,633dcc96945815db2ec0647dede53b68,1615,330,2800,3108,1185,2778
2e00b18ddf545eb29cb44c7c56540e07,b26f0f482fb1e8684d29d0822a0ab448,1629,0,2800,2889,1171,2889
fd65856220342ced02a0b029a98a391b,c24f33dee8af63cbb6457154ae235e23,0,564,874,3518,874,2954
fd65856220342ced02a0b029a98a391b,fe1beaf15c72549b13037e2f8d21fdc6,1740,379,2800,3518,1060,3139
fd65856220342ced02a0b029a98a391b,ed9d957c37e67be2f895cfc95ec63dab,0,0,1007,3518,1007,3518
e233b75f7dc52e0ea37c88ad1c4df17d,312c111ef010a30094f75c4cd420207f,1859,539,2800,2759,941,2220
fd65856220342ced02a0b029a98a391b,70e11eb1bc2ded129a619660a8c16e49,1676,0,2800,3518,1124,3518
e233b75f7dc52e0ea37c88ad1c4df17d,8c799782afb5ab3a1a9cd5236dbddb98,0,410,1051,2732,1051,2322
e233b75f7dc52e0ea37c88ad1c4df17d,513827c4acb54754770e9282ab02bbc5,1710,0,2800,3319,1090,3319
e233b75f7dc52e0ea37c88ad1c4df17d,a869427ece4cb34d43825be65705929b,0,0,1090,2585,1090,2585
cb31fcf0225ccf5c424de00047e33dd7,2789ca0f795b47f8615536ff20a6eb4e,1784,0,2800,3002,1016,3002
cb31fcf0225ccf5c424de00047e33dd7,3097f4345335196f9598409fb3d77dcd,2052,430,2800,2605,748,2175
cb31fcf0225ccf5c424de00047e33dd7,753d3581c36527c467fe1d57f5af996e,0,0,1037,3167,1037,3167
cb31fcf0225ccf5c424de00047e33dd7,4f25684b84717822b7afe4d56e0431e0,0,1102,776,3051,776,1949
1decfb12f89c1d7ee3b73c160040fd9c,cab28b336d8941bf8d4a3f40a9eff938,1515,745,2800,3518,1285,2773
1decfb12f89c1d7ee3b73c160040fd9c,5ddba93941a3891e47a8d8e288b182c6,0,395,1432,2993,1432,2598
1decfb12f89c1d7ee3b73c160040fd9c,61a795721b5c884042fc9dceead65b78,0,0,1350,3518,1350,3518
c68dd8375e470646fff7f4c234f54f65,f623fe6882590de488935fce61eb078f,0,629,1004,2630,1004,2001
1decfb12f89c1d7ee3b73c160040fd9c,46a7e35ba1a80805487b7ba1c72c32dd,1413,0,2800,3518,1387,3518
c68dd8375e470646fff7f4c234f54f65,6999a8744138e84224793ecdf17ae77c,1843,590,2800,3518,957,2928
c68dd8375e470646fff7f4c234f54f65,1a58b59eb68b55e53bc99a01c1aab652,0,0,973,2689,973,2689
c68dd8375e470646fff7f4c234f54f65,b34cd389649820949d3448ac13abb346,1908,0,2800,2768,892,2768
1d3101ae8a21ca94e8f7b50a4eef95e5,aba23204ef01ba406cb1f3e6c4100617,1958,0,2800,2583,842,2583
1d3101ae8a21ca94e8f7b50a4eef95e5,9274903604cdea35cd1e4cb460a510ae,1803,0,2800,3263,997,3263
1d3101ae8a21ca94e8f7b50a4eef95e5,ce346fb2692ce4969f53370c5bd25ccb,0,753,837,2687,837,1934
1d3101ae8a21ca94e8f7b50a4eef95e5,ad47841e36484861f2deb7624dde15f3,0,0,830,2722,830,2722
6c8f98211e2ef7ca9bb4e064f24e3072,2e70f61f0b8e7122cdeff49475cc544f,0,0,1197,2812,1197,2812
38a8f054f2c99b73dae0f0098b258696,8712497c14e17d4c1cf56d038cfea714,0,0,943,2715,943,2715
38a8f054f2c99b73dae0f0098b258696,a89f0d4580da0829413c071e13d1bf0d,0,423,979,2488,979,2065
6c8f98211e2ef7ca9bb4e064f24e3072,0298ec4d3be4a903130090de61bcedc2,0,0,1330,2812,1330,2812
38a8f054f2c99b73dae0f0098b258696,9c5321adb8f1d584c3db14439343703a,1902,0,2800,2626,898,2626
38a8f054f2c99b73dae0f0098b258696,1b2ed347d2fc28393c2cbb84bb32fec0,1927,608,2800,2625,873,2017
6c8f98211e2ef7ca9bb4e064f24e3072,2e9914821792448e8c0b953343b50944,588,0,2012,2609,1424,2609
6c8f98211e2ef7ca9bb4e064f24e3072,569302726ba235e2a44361f29e3dd1f7,582,0,2012,2604,1430,2604
7734e172f63f98234ca0d039a28aa9e1,7fcc9f6bd874d39f02506c3b09172cf9,1802,0,2800,2747,998,2747
7734e172f63f98234ca0d039a28aa9e1,b62b0485320eb600449ef8e039ccf134,1898,386,2800,2668,902,2282
7734e172f63f98234ca0d039a28aa9e1,74988a9f4e489012be829625d21c33e6,0,0,935,2508,935,2508
7734e172f63f98234ca0d039a28aa9e1,ab3e2dd14d6f57bcea85d36600e53d11,0,617,917,3518,917,2901
35eb15c7c9522cfb54e75dcbb73f1e55,2fc787f72bfa6b6c0bbc0a85413c8a9f,1948,129,2800,2563,852,2434
35eb15c7c9522cfb54e75dcbb73f1e55,cc68ea142fc1f2a4a4fb0d436b900d32,1869,0,2800,3159,931,3159
35eb15c7c9522cfb54e75dcbb73f1e55,4bb130da8001c7fd4826703f4294e646,0,684,964,3518,964,2834
35eb15c7c9522cfb54e75dcbb73f1e55,025e8bf895b273d9925a88c0f295bd09,0,0,1082,3518,1082,3518
532d340148f26bc7dd4085a29f8b26a3,12c944ae2e8bdee3f02af62347e61fa0,1963,570,2800,2675,837,2105
532d340148f26bc7dd4085a29f8b26a3,8ca1c36f7428b7fe234ddabd62c0ca9a,0,357,946,2493,946,2136
532d340148f26bc7dd4085a29f8b26a3,143158a5108b6081cd48b894fb074eb7,0,0,956,3518,956,3518
532d340148f26bc7dd4085a29f8b26a3,76cb719129647d4529f8d4a488b90165,1858,0,2800,3518,942,3518
7601df4248813355333c423749850e48,6ca7c6ee557e8229a19faa3c214c1545,0,693,1092,2748,1092,2055
7601df4248813355333c423749850e48,ed7e29d483f968c6c0755c2ab62869a3,1794,0,2800,3518,1006,3518
7601df4248813355333c423749850e48,fa4492176f7acfd915bd0cf88b841a4e,0,0,1074,3518,1074,3518
7601df4248813355333c423749850e48,036dc6ef0858b4bb338315b408e6fa28,1761,796,2800,2778,1039,1982
af0f59caf158894e8778dd6ada4c9cac,0f2cd86c32145db04092a9efd85974f4,0,0,731,2064,731,2064
af0f59caf158894e8778dd6ada4c9cac,b753b99bbe1ab85c385bb397e70cbea1,2350,690,2800,2287,450,1597
af0f59caf158894e8778dd6ada4c9cac,4e45651a8c893c27452a78d1bcb4e303,2133,0,2800,2408,667,2408
af0f59caf158894e8778dd6ada4c9cac,89c6ee0dc7d13037bd363366300ac141,0,1384,389,2867,389,1483
58bc01d254a2f96997ba3c6210c77b7c,5c702e7b9e4f618f163662703e4d9def,1849,752,2800,3518,951,2766
58bc01d254a2f96997ba3c6210c77b7c,1c81e2c8557db781b153c596072f066f,1892,0,2800,3518,908,3518
58bc01d254a2f96997ba3c6210c77b7c,3054a443d002644df0aee0f0339c6f86,0,702,876,2779,876,2077
58bc01d254a2f96997ba3c6210c77b7c,fd0ca65ce3e9db3ce1e7f2c8e028015e,0,0,884,2627,884,2627
c03e3c534959d2157bfefb76c5665ece,0c07b47fb60f55c3e257073038ccecb7,1954,812,2800,3518,846,2706
c03e3c534959d2157bfefb76c5665ece,473d3598408e48ca6c8457d76b7477aa,0,0,888,2678,888,2678
c03e3c534959d2157bfefb76c5665ece,9732d197a8744df9554987d9f0b4d281,0,488,830,2592,830,2104
c03e3c534959d2157bfefb76c5665ece,c9ceec2d5539f63fe067d8cb9562b2fc,1965,0,2800,2553,835,2553
c3af0a475602a02fb0ca5c067fc21e64,182416817adf847620e100ac6d850704,1606,355,2800,2869,1194,2514
c3af0a475602a02fb0ca5c067fc21e64,9c51bdb87440d02484e854b791299cd1,0,538,1132,2822,1132,2284
62bbbac09c30b75a0e5d3b2ee2f5f20d,6f82d5d3dd52838b2617822d9074c94f,0,0,774,3518,774,3518
62bbbac09c30b75a0e5d3b2ee2f5f20d,67677640c5f55f21a8fb819b1c474875,0,490,757,2434,757,1944
62bbbac09c30b75a0e5d3b2ee2f5f20d,ae73954cb38de73f283c78ce7ede843d,2081,707,2800,2621,719,1914
e728b8791952436211babd8f7334ac85,7d8b8ecdc5f4bb7e8be19832f5bbf410,2153,790,2800,2472,647,1682
c3af0a475602a02fb0ca5c067fc21e64,f1235b2f821c62c9c1268ed24b2ce111,1617,0,2800,2644,1183,2644
2106ffff12c0ac44ca641b273843e831,7e56c56ca48a92492cd479f7f3dc0a0c,0,906,831,2696,831,1790
2106ffff12c0ac44ca641b273843e831,5c2361efe2315f28bcdf9f22cac75408,2131,536,2800,2180,669,1644
c3af0a475602a02fb0ca5c067fc21e64,608d822f2a6c8930f5468e2b80fe3522,0,0,1179,3518,1179,3518
e728b8791952436211babd8f7334ac85,b0241fc53a70d4db0f8bc055afd3e253,1979,0,2800,2748,821,2748
e728b8791952436211babd8f7334ac85,7524207d3013ad83622bbd0f77dfb132,0,0,785,3518,785,3518
62bbbac09c30b75a0e5d3b2ee2f5f20d,d340ee4423c00a625fc87e494f7dedb5,2006,0,2800,2687,794,2687
f776ee1fee464466658ad40c60c386be,5c6dbafd3989764dcaf3347fe4ee4ca7,1847,0,2800,2484,953,2484
2106ffff12c0ac44ca641b273843e831,8ab9020d60aef27b87cc966de789817e,1996,0,2800,2390,804,2390
f776ee1fee464466658ad40c60c386be,5eede4af6214b11d95036dd17ac74b74,1827,365,2800,2451,973,2086
f776ee1fee464466658ad40c60c386be,8286bdae24911e2b4f01276cf36002f3,0,0,992,2446,992,2446
2106ffff12c0ac44ca641b273843e831,2aa06d9e67963028d2bd2edca814c4b2,0,0,881,3013,881,3013
e728b8791952436211babd8f7334ac85,ba322371a93f02c9570040357f83ff51,0,764,691,2657,691,1893
03528b89d8de7d0ceebfe40e50efa52b,d52684482190797ab3a6b84ea3b1d038,2137,746,2800,2832,663,2086
f776ee1fee464466658ad40c60c386be,539118a5e98442ee3e797d21bbe091f0,0,472,883,2454,883,1982
03528b89d8de7d0ceebfe40e50efa52b,b461d712e7227bf1557c5587d78864c7,0,0,878,2766,878,2766
2367222f179f8e739145c5bca65cea19,7a257950011c7e44735b8e2e30dc2f49,0,0,1328,2832,1328,2832
03528b89d8de7d0ceebfe40e50efa52b,90041a4ea34b404c4374ff578b0f7c08,1981,0,2800,3310,819,3310
03528b89d8de7d0ceebfe40e50efa52b,3e680b13bae7f7ade308ab1e98a2b31d,0,434,642,2614,642,2180
2367222f179f8e739145c5bca65cea19,ae6a553d020a2b28eca130146bf5d497,0,382,1179,3518,1179,3136
2367222f179f8e739145c5bca65cea19,4e5887f5533099229f5960bd31a8bb40,1652,0,2800,2751,1148,2751
8a45984f17df63340f2e06caa7819a99,9eb893a46978225cc0ebfe1c4d1e066c,1610,339,2800,3518,1190,3179
2367222f179f8e739145c5bca65cea19,0f61d5d79a4e3ffc693ba79aec7e035f,1783,590,2800,2951,1017,2361
b1926b57e1e58a0a03d83b556d4da4da,c1e69deb58983b211026e858df664816,2103,925,2800,2674,697,1749
b1926b57e1e58a0a03d83b556d4da4da,df633599c1be58ec74bd8f772301d4c5,0,0,711,2771,711,2771
b1926b57e1e58a0a03d83b556d4da4da,d4f4b0f9863755a3451088a90ad792ed,0,585,684,2515,684,1930
5faad512a82667a455000e1e8f8cba95,f050dcdc038d1a6f773b67aafc509d92,0,220,767,2390,767,2170
5faad512a82667a455000e1e8f8cba95,15f09d666430f9ff72831fc7dd7b44d1,0,0,850,2812,850,2812
5faad512a82667a455000e1e8f8cba95,55c73449523b366e024d62d8eaf37a7b,1231,152,2012,2351,781,2199
5faad512a82667a455000e1e8f8cba95,f3f94e63c9afd723bcc77613ad768657,1206,0,2012,2587,806,2587
06beb4ccba7ec48a3d3e78f3ad073a8a,17be60d78e944532ecdf4444573d8e04,0,875,733,2764,733,1889
b1926b57e1e58a0a03d83b556d4da4da,903045e8b747fedbdd259aa39f7297cf,2079,0,2800,2827,721,2827
06beb4ccba7ec48a3d3e78f3ad073a8a,a077b7f14d68ac1a2409a4d5e4865218,0,0,844,2588,844,2588
06beb4ccba7ec48a3d3e78f3ad073a8a,a51a351f24f1a096ee0bd817b0553b81,1885,0,2800,2294,915,2294
06beb4ccba7ec48a3d3e78f3ad073a8a,57d9ff73065d3a1708a11b38c2f953fd,2011,500,2800,2484,789,1984
2f347544ccc26dcc36764a455905e67f,22f33902408181a2979c255fa2cff932,1716,0,2800,2652,1084,2652
8a45984f17df63340f2e06caa7819a99,682f6001de7bf38cd3cb91e2734bf726,0,442,1363,3023,1363,2581
2f347544ccc26dcc36764a455905e67f,eaabd544ef99b7e3efad8d018dc6d783,0,0,1061,2786,1061,2786
2f347544ccc26dcc36764a455905e67f,e19bbca0ac7a444093e8ff72c1d83164,1734,5,2800,2325,1066,2320
2f347544ccc26dcc36764a455905e67f,013aae7f70bfaf34e621b6a922e2f7a4,0,356,1135,2700,1135,2344
8a45984f17df63340f2e06caa7819a99,bc894f00994a8c09dbc1f22e4cab394f,0,0,1328,3518,1328,3518
8a45984f17df63340f2e06caa7819a99,3c93adc926409501c5d4465969bc709f,1569,0,2800,3518,1231,3518
fc49393e8f2dddc07df0113104a20afe,67133e8d3ebc13f7ffc3077bc8210c1c,0,716,892,2834,892,2118
fc49393e8f2dddc07df0113104a20afe,bf8257fb763c3d9777de70b12ce68505,0,0,885,3518,885,3518
78fc452c680a852b188e6ad53def5b08,105f723b487a68f3731e2927bedd0f09,0,0,842,2567,842,2567
78fc452c680a852b188e6ad53def5b08,a71344fe5c00132f2ccf8a03157f8142,1884,0,2800,2774,916,2774
1432507350c86b096d8da2ddf0792bba,4d83ae748952f99f7d70fc750b266689,1687,387,2800,2471,1113,2084
e6b5b2ca5c32828c41806d4acf06ee08,61f7a36e7e9b3bd5cc033e7a4fdf5f0f,0,0,828,3518,828,3518
1432507350c86b096d8da2ddf0792bba,1e4072efeb294644e8f18a6b9000569f,1609,0,2800,2588,1191,2588
e6b5b2ca5c32828c41806d4acf06ee08,2debc0aa3d4004143b6a368bc2996a5f,1946,0,2800,3518,854,3518
1432507350c86b096d8da2ddf0792bba,b29d5811dbfdb6deb412223c3ce903f7,0,0,1120,2770,1120,2770
78fc452c680a852b188e6ad53def5b08,14948e05387fef0de5c1a2b3f7cb5e86,1842,871,2800,2748,958,1877
e6b5b2ca5c32828c41806d4acf06ee08,065de62374a0b8155cc753ddf5962f74,2011,701,2800,3518,789,2817
d7a996f78459d8c78792259558179661,efb4bb3582d9e034a42c34b6e7f8088c,2000,211,2800,2406,800,2195
e6b5b2ca5c32828c41806d4acf06ee08,3be2103171fba800a51d77ca4bf19966,0,419,843,2658,843,2239
d7a996f78459d8c78792259558179661,0bab86acf95934f378a3e20d1aae8fa8,1953,0,2800,3518,847,3518
1432507350c86b096d8da2ddf0792bba,2dc5cf9940a2164b5183d9a0a939ea06,0,495,1022,2551,1022,2056
d7a996f78459d8c78792259558179661,b03d658acff5a1afc3e5145d2f9590ef,0,0,865,2877,865,2877
fc49393e8f2dddc07df0113104a20afe,69d386ac5ef81aafde4ebbd4f2709d29,1845,0,2800,3297,955,3297
fc49393e8f2dddc07df0113104a20afe,6c94dd929badc33fdef12910b9fb40a5,1918,590,2800,2831,882,2241
d7a996f78459d8c78792259558179661,8a7f4329b0ccd44a554f3c8560950f54,0,273,758,2410,758,2137
78fc452c680a852b188e6ad53def5b08,a44be3c10f7261772108ee91c76c3765,0,877,869,2761,869,1884
818ee79c94ef2ca95fef1e04b1ca4557,3ccb3de9732743b94027c3f407be024b,0,0,807,3203,807,3203
2e11995dc3502ce656461738dbf4227d,3539530b9c6f836f6b4382dcd1fc268b,0,0,1282,3312,1282,3312
2e11995dc3502ce656461738dbf4227d,0a2944b9d271f192c970ac6e04aed877,1749,748,2800,2778,1051,2030
818ee79c94ef2ca95fef1e04b1ca4557,0784895356dd8e1e6ddcf536ff3d086f,0,412,761,2403,761,1991
2e11995dc3502ce656461738dbf4227d,f46a5ce497a70817c781743ff16b5f26,1614,0,2800,3341,1186,3341
8a98c4c6862be864705ac264f2326ebe,3e62fca5331246dedba087ccd97e9a5c,1668,0,2800,2876,1132,2876
818ee79c94ef2ca95fef1e04b1ca4557,cf4e8bd7864d68720cf740d398e569ea,2061,761,2800,2739,739,1978
8a98c4c6862be864705ac264f2326ebe,a4f4bf4990b587e6cbbef11db436999e,0,156,1047,3515,1047,3359
8a98c4c6862be864705ac264f2326ebe,be543574bc711e0833e2a3dc03ab90ed,0,0,1178,3316,1178,3316
8a98c4c6862be864705ac264f2326ebe,dae3153a9e2e010432aa6d9261995be4,1855,470,2800,3020,945,2550
1ff4cbdb56194258c9819b973966158e,ba0579ba8ae95bf6b87ed0b5939c24bc,0,580,865,2634,865,2054
247203e901f75aa834ddb9dc61945309,73be362b990314df829aab91f65386dd,0,199,924,2652,924,2453
658a95dff239d23c9c50abcf85fbdbd0,dc7d2b657ea629a271b8a23fe26157e7,0,590,839,2756,839,2166
1ff4cbdb56194258c9819b973966158e,e298da6ca3632e60a6e173384a72a73b,1920,599,2800,2622,880,2023
658a95dff239d23c9c50abcf85fbdbd0,93ef361ceae8ee1fa474ad6f4593f8c9,1880,0,2800,3518,920,3518
41fe20e285dd9cd56f4249c51b0be0e2,c0cf9dfb7fe846389bbc8305c84bb06d,0,344,963,2812,963,2468
658a95dff239d23c9c50abcf85fbdbd0,a6fe77fba7629df4b99f95c6f74395d9,1998,368,2800,3518,802,3150
1ff4cbdb56194258c9819b973966158e,72a33ac904844470236205dbfdc7194f,1809,0,2800,2356,991,2356
1ff4cbdb56194258c9819b973966158e,cff300f0a835f051a960e6b017068074,0,0,898,3518,898,3518
247203e901f75aa834ddb9dc61945309,b973d38ab37b7185590c2a8536c0673a,1826,0,2800,3006,974,3006
2e11995dc3502ce656461738dbf4227d,4317b8bc081006c551bdecbf280af033,0,552,1272,2691,1272,2139
247203e901f75aa834ddb9dc61945309,061ffe1efe42d2421bb913b5f0cd6d0a,0,0,959,2607,959,2607
41fe20e285dd9cd56f4249c51b0be0e2,e7d3202544c0a3c830cd78e711468e58,0,0,1001,2812,1001,2812
818ee79c94ef2ca95fef1e04b1ca4557,cedb2be9c1743473f205bd4cd39f526e,2015,0,2800,3161,785,3161
247203e901f75aa834ddb9dc61945309,32fc33c5ef29154b21fc47a22c86f668,1907,248,2800,3518,893,3270
658a95dff239d23c9c50abcf85fbdbd0,d677f6b839e8b2eae0428b8d837f0435,0,0,1034,3518,1034,3518
41fe20e285dd9cd56f4249c51b0be0e2,2b138a75ba1ac37270ef1e0c651ff6a7,1119,250,2012,2812,893,2562
41fe20e285dd9cd56f4249c51b0be0e2,704ec5892763968c2934b345c7b015ab,1060,0,2012,2812,952,2812
cb1ad5af145aa7895afca9e29c8669d0,90d49fc35e4af32c45f3e2aa92b3683d,1456,192,2800,3518,1344,3326
f16980e8b518373d4748c94ad31207ce,39cb4f2f4a12fdd6645b8118c07f2d1b,0,0,915,3518,915,3518
cb1ad5af145aa7895afca9e29c8669d0,418e1831651e690b19b374fcc67e54a7,0,0,1325,3518,1325,3518
cb1ad5af145aa7895afca9e29c8669d0,8114a6b00f19e9d43c688bdf93fd0206,0,0,1596,2811,1596,2811
f16980e8b518373d4748c94ad31207ce,aaf180356247eebe6ede4eee979c47f2,1915,0,2800,3518,885,3518
cb1ad5af145aa7895afca9e29c8669d0,e0bc7370571df6352e5813486f1be192,1306,0,2800,3518,1494,3518
68c9aa129fc6b36692493accf6577dae,944d1f7460665b847a9341dad07356a9,1998,0,2800,2204,802,2204
68c9aa129fc6b36692493accf6577dae,f4038677394301563a9d49ae14b7c36a,2131,540,2800,2359,669,1819
68c9aa129fc6b36692493accf6577dae,4b1e47252823c8f580ac4b9e6c2429ce,0,441,813,2382,813,1941
f16980e8b518373d4748c94ad31207ce,510552a160e46b33a48b8c523568827b,2015,494,2800,2907,785,2413
68c9aa129fc6b36692493accf6577dae,11b953e33bdaee7933f8d1db574942af,0,0,775,2338,775,2338
f16980e8b518373d4748c94ad31207ce,81fcd122b8a7343d97c1166aa94f9c43,0,179,791,2595,791,2416
229b0c72152c8c7c6cd902876046c795,2c81c6a937ed286b270bd1a4a68df70d,2092,701,2800,2613,708,1912
229b0c72152c8c7c6cd902876046c795,98c284b15e84dfbf7745693107bddd14,1969,0,2800,2449,831,2449
229b0c72152c8c7c6cd902876046c795,b045e8b4cbcacce80adb90ee8a9f885a,0,598,924,2557,924,1959
02a81caa1a8100ee14b51ef08d5ee0e8,9d9b8d1cc57878de4e26a13e425ebfdb,0,0,943,2812,943,2812
12629217b29bb9c93138c8545c2456e6,692172ad8764be71dcde712517fe4673,0,0,948,2858,948,2858
229b0c72152c8c7c6cd902876046c795,19a6781fc486dee6ba4c6d3d5457db71,0,0,816,3028,816,3028
02a81caa1a8100ee14b51ef08d5ee0e8,1fb97cd12cb2924da2ffbebd7a16ba00,1119,412,2012,2812,893,2400
12629217b29bb9c93138c8545c2456e6,a2655bb60dd57594089ea8a4486834ef,1863,750,2800,2987,937,2237
02a81caa1a8100ee14b51ef08d5ee0e8,df6b424d9b4d6d7f86396c1c19420e3e,1015,0,2012,2812,997,2812
12629217b29bb9c93138c8545c2456e6,06258901f97e4ee3bcbb0c8480652da0,0,730,870,2801,870,2071
12629217b29bb9c93138c8545c2456e6,d45ff45c334f0ef4e802e1c7571826fd,1813,0,2800,2632,987,2632
02a81caa1a8100ee14b51ef08d5ee0e8,9d167c24780aabffdf7a167f3e99406c,0,224,861,2812,861,2588
85997ccb21376556b67d4940a85c8a29,e4058439c8aa7a7d9a6d6efafb8aeef8,2047,314,2800,2420,753,2106
85997ccb21376556b67d4940a85c8a29,3dfc0d0d0497ae4f6049b2c5d9b14f6e,0,0,913,3518,913,3518
85997ccb21376556b67d4940a85c8a29,d16839e2aa28acb9c69562c75a8b579c,1952,0,2800,3518,848,3518
5ab15813d24f10a53abc2edf65481d44,a7b8dca46bde0c058de4648753d44f42,1796,506,2800,2737,1004,2231
85997ccb21376556b67d4940a85c8a29,cf3cfec02487cb7cbf7e21907f154cb8,0,492,915,2638,915,2146
5ab15813d24f10a53abc2edf65481d44,f216922a2310755f11827abee091054f,0,695,947,3518,947,2823
81f497428782439239e2e8e8a9cae8ba,4375e67e8d93844d1f0b6ceaa9890f24,0,0,753,2583,753,2583
5ab15813d24f10a53abc2edf65481d44,a04ec71e55c14aa8287008711a6eeca0,0,0,1126,3518,1126,3518
fdea88bdcf9feff80fe4f7afb54bca33,00529453fc6f6ab4d2dc61b0ac5e09be,1927,623,2800,2739,873,2116
5ab15813d24f10a53abc2edf65481d44,6486b490ee8c761999cfe9542f30ae6b,1645,0,2800,3518,1155,3518
81f497428782439239e2e8e8a9cae8ba,39cab5b21887781ff20e901f58433523,0,645,838,2713,838,2068
81f497428782439239e2e8e8a9cae8ba,7ede181c681a0516852de8aad6db9064,2012,721,2800,2798,788,2077
bd79b68adc641396e5eb6f8ad78a3da8,3f1be14423671d88fd8ce47c23145b82,0,389,881,2408,881,2019
bd79b68adc641396e5eb6f8ad78a3da8,dc61ac8b10f0c58251cd49d3dedc790a,1928,595,2800,2527,872,1932
fdea88bdcf9feff80fe4f7afb54bca33,b3569760ed5e0866a7efd6643444f3eb,1796,0,2800,2807,1004,2807
fdea88bdcf9feff80fe4f7afb54bca33,b83a0f72fec60a03e442ad05db5a32c3,0,596,900,2639,900,2043
81f497428782439239e2e8e8a9cae8ba,cd6aad2a34a02b778ee5e05c13571e38,1990,0,2800,3518,810,3518
bd79b68adc641396e5eb6f8ad78a3da8,da5779286ea464481fb2a16e990b927b,0,0,864,2425,864,2425
7930b5f70a96e4b3147e992acb054f84,f823e8063abb30dbd8a8afb2be9fa5c4,0,701,931,2627,931,1926
fdea88bdcf9feff80fe4f7afb54bca33,cd76ebd824ad8385ec976a97eec8a3c0,0,0,898,2610,898,2610
7930b5f70a96e4b3147e992acb054f84,bb8713e5123f6c09c16aca25c51845b5,0,0,969,2539,969,2539
7930b5f70a96e4b3147e992acb054f84,3314ca13395196a0be4b40e53845d34c,1818,0,2800,2589,982,2589
bd79b68adc641396e5eb6f8ad78a3da8,6761e54f34b0be326294f95a01b4a248,1940,0,2800,2335,860,2335
7c3f108bd2ace00dfcdc25f3b43749e8,e1c2b173584d7072925738c6d17adf37,0,0,920,2681,920,2681
7c3f108bd2ace00dfcdc25f3b43749e8,de01402e90f48c53f7a2fb9cf78ba3ee,1856,335,2800,2622,944,2287
7930b5f70a96e4b3147e992acb054f84,fc16d04f7b1ec4c406e707d2e331cd68,1806,617,2800,2681,994,2064
69fce1bee9d2056fa4f35c693a38e28a,ec9293f995d5b7e0581b721a06e19513,2081,0,2800,2367,719,2367
52c8b2df104430695f4abdc50ee7b95f,56a46cb6de92250d11f723f4d06d8847,979,0,2012,2585,1033,2585
69fce1bee9d2056fa4f35c693a38e28a,df1a94aad76bd2e7beadcf00dfc715bb,0,448,733,2425,733,1977
69fce1bee9d2056fa4f35c693a38e28a,7a4e9a89a8f5b8639b60a3da4cd65660,2137,582,2800,2564,663,1982
69fce1bee9d2056fa4f35c693a38e28a,895919f94d2054826bc04c14f45f080c,0,0,796,2414,796,2414
7c3f108bd2ace00dfcdc25f3b43749e8,1a3d5b0065dde934c7c7ba85b0ad0a0a,1835,0,2800,2809,965,2809
52c8b2df104430695f4abdc50ee7b95f,024df489163da4804002e1b77d7160d1,0,0,921,2465,921,2465
52c8b2df104430695f4abdc50ee7b95f,9d98128b2e44c7d6c0c4a62fd16bbccc,1009,0,2012,2812,1003,2812
7c3f108bd2ace00dfcdc25f3b43749e8,b0897da4c3370dc955a48f39659947c3,0,530,826,2741,826,2211
52c8b2df104430695f4abdc50ee7b95f,89b727b1dc89a78bfe49b0cdd3386db1,0,208,946,2331,946,2123
0c6bc92e0b041f5015b28f67e11f5c0d,d64b9e481ba1038e7de6f7b861aca055,0,46,837,2557,837,2511
9d78b88cf551051c550a33ba37fcdb88,d22498fa22226cef994b49183bf386b5,0,0,1112,3014,1112,3014
9d78b88cf551051c550a33ba37fcdb88,33a8cc26779bff81d9377d3b40c04216,0,0,1188,2635,1188,2635
627e385e25f0ae94755b35efbebd4ac2,f4183a81eec71c199a228eb110534898,0,722,973,2828,973,2106
0c6bc92e0b041f5015b28f67e11f5c0d,4c008e3befe383defcf63409bfca0ed5,1992,246,2800,2407,808,2161
0c6bc92e0b041f5015b28f67e11f5c0d,31ff96fe275d3565be4706599f8205f4,1930,0,2800,2311,870,2311
9d78b88cf551051c550a33ba37fcdb88,a5af5d12fa65b542e55fed0f8e202db5,1565,795,2800,3452,1235,2657
9d78b88cf551051c550a33ba37fcdb88,38b496ba7236af907e388f8846852e10,1645,0,2800,3281,1155,3281
627e385e25f0ae94755b35efbebd4ac2,3830f3afeb737806316ba3fa24c5483e,1806,0,2800,3518,994,3518
3c3e7f40c0ea7049397f03bd58f6d6d8,9812e385972961ab9c171a107b97da40,679,0,2012,2767,1333,2767
3c3e7f40c0ea7049397f03bd58f6d6d8,05e2e68b25c49fa3d09e96d9020026fb,702,166,2012,2502,1310,2336
627e385e25f0ae94755b35efbebd4ac2,9d6144ef885f9cf9ef5ced5f2558737b,0,0,978,3518,978,3518
3c3e7f40c0ea7049397f03bd58f6d6d8,79383c2d43ca3a7adf9cfcb0b9b2ddcc,0,0,1285,2812,1285,2812
0c6bc92e0b041f5015b28f67e11f5c0d,562bdb5fc2f8f3d3baa207f8316ec7ec,0,0,901,2300,901,2300
627e385e25f0ae94755b35efbebd4ac2,73c4e9b35c9b0a0a6871660ca65776f6,1863,547,2800,2646,937,2099
3c3e7f40c0ea7049397f03bd58f6d6d8,ebd3fa78ee22e89fbc87166636ae6584,0,200,1254,2812,1254,2612
c626a17d9f6aa2a128d94d064819e60d,642e3c4fc9781baacd965a5d6b5d6f1f,1912,157,2800,2451,888,2294
8c5545f2c77838dc45b41b9dcdc2894d,09656460d5ca7ee0310f8489652f5e06,0,0,983,2744,983,2744
abc502fbadaea92e9df87adb66a94198,3e1eb77a15f6bb5abec5edb8eab4a552,0,721,624,2527,624,1806
c626a17d9f6aa2a128d94d064819e60d,fa3e5b53155b0f9583e61b523a210555,0,371,1046,2582,1046,2211
abc502fbadaea92e9df87adb66a94198,3d73d5cf8e5c3806024ce4731a45a17f,2049,0,2800,2355,751,2355
8c5545f2c77838dc45b41b9dcdc2894d,709d5f85a80795552a9cc795e832f4fc,1632,0,2800,3518,1168,3518
c626a17d9f6aa2a128d94d064819e60d,cd5c37be92d2bdf71d92ec4247be2493,0,0,1102,2640,1102,2640
abc502fbadaea92e9df87adb66a94198,ec3362fd8676819511cd35653f8b9047,0,0,711,3518,711,3518
abc502fbadaea92e9df87adb66a94198,2d4b4c4ae48712a4666868dadd3d2245,2141,633,2800,2476,659,1843
c626a17d9f6aa2a128d94d064819e60d,fb70bcb1b4be4e6942a47e775b497aec,1869,0,2800,3518,931,3518
72ef4670e0a1dee1ec6e1319f1960b9e,fd8b4625550c8112e53e0507263f6ae4,1766,184,2800,2534,1034,2350
72ef4670e0a1dee1ec6e1319f1960b9e,90164684379e60fbe8cd2d517d383851,1669,0,2800,3518,1131,3518
72ef4670e0a1dee1ec6e1319f1960b9e,92b5f772522ab42f6f2ff0ba8b9b5f2d,0,0,1109,3182,1109,3182
72ef4670e0a1dee1ec6e1319f1960b9e,cdeda4664f859aef031a904a8f3a691f,0,609,1005,2809,1005,2200
8c5545f2c77838dc45b41b9dcdc2894d,aac0f64f949b7ea3028b0e1fcf2da52c,1739,0,2800,2803,1061,2803
b853a491d4e2ad03a803238c84f87f43,53020ef559103c7603138564f4a68727,1855,0,2800,3047,945,3047
b853a491d4e2ad03a803238c84f87f43,aeb5a3ba71c49f8af6390f92d6a0d120,0,385,1003,2570,1003,2185
b853a491d4e2ad03a803238c84f87f43,a2c0f340b724bd96097cdbefab430b83,0,0,1018,2784,1018,2784
31c93d344d0c6a2d9fe5336fe9797881,e584baaff798425b74b2f255c6eaf02e,1789,390,2670,2498,881,2108
31c93d344d0c6a2d9fe5336fe9797881,6f79e94433bad7b196adf3f8d1705421,0,439,945,2540,945,2101
31c93d344d0c6a2d9fe5336fe9797881,27e0f42b020e06aafeb8284510da5151,0,0,1031,3341,1031,3341
915039d1fa0f6fff99eb2bf2dd81ba8c,1c130b307118282dbf2d09acbefb2664,1852,0,2800,3518,948,3518
31c93d344d0c6a2d9fe5336fe9797881,0f0009a94c664c2b67ae78fd675f323c,1802,0,2702,3358,900,3358
915039d1fa0f6fff99eb2bf2dd81ba8c,4bb70cc256628a4fc5651c65f95b884e,1947,246,2800,2442,853,2196
915039d1fa0f6fff99eb2bf2dd81ba8c,5389c52d73e498fe2660328072760c45,0,553,829,2636,829,2083
6f88ae175267c32ffb1dd3de963d4a1e,7ba69a04df81e90727903454556ece4c,0,86,1001,2413,1001,2327
a5de93787d41b8baeaa270930f122364,23c9740b5e1d988ce1437cbf3aba5001,1834,442,2800,2576,966,2134
a5de93787d41b8baeaa270930f122364,3afb5acee17e25fc262f3293adb017cb,0,586,957,2648,957,2062
a5de93787d41b8baeaa270930f122364,e43e4cdd4a0163f9d32922247e6cdbda,1919,0,2800,2444,881,2444
a5de93787d41b8baeaa270930f122364,d6517ee3d2c26e4ff8d870eb09edf7fe,0,0,901,2470,901,2470
6f88ae175267c32ffb1dd3de963d4a1e,a2ff4c73ee1d131c4c71828a27484f8c,0,0,943,2374,943,2374
6f88ae175267c32ffb1dd3de963d4a1e,b5de1db4478978a21ba6ecf7d4c5a387,1044,243,2012,2585,968,2342
6f88ae175267c32ffb1dd3de963d4a1e,8a7aa8ab717cf967a15b414689063fbb,1100,0,2012,2225,912,2225
5329c529064d2603fcba6f6e53badd98,8a2d8f0a40af9cfa5212f78aabc8c8d0,1977,0,2800,3518,823,3518
5329c529064d2603fcba6f6e53badd98,c31ef49b32f03f311f282add5e1af1a5,0,0,868,3518,868,3518
5329c529064d2603fcba6f6e53badd98,96c5d766aa861c06e598159ee3c30910,0,517,683,2506,683,1989
b853a491d4e2ad03a803238c84f87f43,2f45440a1c31c04bf4363ba168665b2d,1862,395,2800,2423,938,2028
716ba66b9cf0cb182ea0d85309019e48,e9ee15d6592da390749b0644526c7767,0,170,878,2237,878,2067
716ba66b9cf0cb182ea0d85309019e48,1b21d30e65b1d6978c8460fb1dbe108e,0,0,930,2812,930,2812
716ba66b9cf0cb182ea0d85309019e48,d22242f45935a8a3ec31f6cf53346731,1161,0,2012,2363,851,2363
5329c529064d2603fcba6f6e53badd98,e3afd9d8fabc1be3091c0663508c3a69,2128,520,2800,2376,672,1856
716ba66b9cf0cb182ea0d85309019e48,a62a4b212e7b84ab9d9c9a41a770fc4b,1109,0,2012,2812,903,2812
8c5545f2c77838dc45b41b9dcdc2894d,ee861b53169a96c89c4399f4f5486f3d,0,313,1027,2752,1027,2439
915039d1fa0f6fff99eb2bf2dd81ba8c,a8b172a49791cf336e46de765ffa8dab,0,0,828,2731,828,2731
42cb0488b44ba85069dc8fb6bbe989da,4b0a96c03b87056e23bc38688fe98770,0,911,1091,3045,1091,2134
42cb0488b44ba85069dc8fb6bbe989da,86b1a65421916fe17e13648c3fdc8c52,0,0,987,3347,987,3347
42cb0488b44ba85069dc8fb6bbe989da,f5dbe23d67a58c756059843784a0dca9,1802,0,2800,3518,998,3518
42cb0488b44ba85069dc8fb6bbe989da,fcef6d55d66335022e645917e26cc296,1809,597,2800,2756,991,2159
0cb5898e6d241172cd789e61d3fb0b3e,748cf8ef04c976e2f782e58df8588f32,1692,0,2800,3518,1108,3518
0cb5898e6d241172cd789e61d3fb0b3e,ecc8355c6b8b193ebf1d5ce9b8209c19,0,361,966,3518,966,3157
0cb5898e6d241172cd789e61d3fb0b3e,bd6a1aeb2f79cbd33b4456fb8bd7e59b,1775,235,2800,3518,1025,3283
0cb5898e6d241172cd789e61d3fb0b3e,96a95996bdfa6abf278bf13d29c6925f,0,0,1030,3518,1030,3518
3901e6e5905c4f6223f91d979d62abb6,fe3ca8c2a1621fe0daa865d9f67fb411,2038,526,2800,2516,762,1990
3901e6e5905c4f6223f91d979d62abb6,56dd40e6658e7f621f32f4ac944f585c,0,597,850,2551,850,1954
3901e6e5905c4f6223f91d979d62abb6,fcdc26a7afc0ced46c9225a243551d56,0,0,827,2469,827,2469
3901e6e5905c4f6223f91d979d62abb6,0595b28b318a75c3d5a35b5100a86fca,1967,0,2800,2564,833,2564
3560465a0103a8f2f3f233dd9828f4c4,7ced5b043f6c513cd301dac9cc3b6963,0,0,648,3518,648,3518
3560465a0103a8f2f3f233dd9828f4c4,77b609ea7cc467545a610ad81fda7764,0,934,600,2634,600,1700
3560465a0103a8f2f3f233dd9828f4c4,a877607d3b9179dcb440c801d4aa61fb,2261,0,2800,3518,539,3518
05e8f92c0f31065b4dff19448b46ef7c,25b5ad2f8f41d68e1af7402eee614a98,2110,0,2800,2471,690,2471
05e8f92c0f31065b4dff19448b46ef7c,1526ea6765c8d7f2414b349fca2f928f,0,0,696,3518,696,3518
05e8f92c0f31065b4dff19448b46ef7c,21a4252820c1263bf8cd640ea0d9a6cb,2010,688,2800,2587,790,1899
05e8f92c0f31065b4dff19448b46ef7c,fb3ee98f3a1e794994a741087e2e132b,0,739,817,2593,817,1854
8a9e18f16e9a70b1b294049d5493c8dc,16888bc7e036f6be83ac078c6636554a,0,0,724,2713,724,2713
06442aebc06bd6609f458d219dca90b3,19704dfad3bd4ceed53a912eb94ac13e,2010,653,2800,2553,790,1900
06442aebc06bd6609f458d219dca90b3,24f84fe5abab29234d4df7fcfd023e38,1983,0,2800,2431,817,2431
8a9e18f16e9a70b1b294049d5493c8dc,1170f34c14e666495b7f33b29bd2c16f,1443,0,2012,2266,569,2266
06442aebc06bd6609f458d219dca90b3,a4e7c1238d11767118a41b69be512fae,0,681,743,2587,743,1906
8a9e18f16e9a70b1b294049d5493c8dc,9fa9346ace80f16f25ae7e40335640b9,0,0,966,2666,966,2666
3560465a0103a8f2f3f233dd9828f4c4,59eb3deb63a398babaff6cf117b9a3ea,2243,844,2800,2532,557,1688
c37a433bcaacd344775af66d571c7471,641f23e628e650dcb8f718c232fd8b62,0,0,988,2364,988,2364
c37a433bcaacd344775af66d571c7471,f836fcb03b1d909e085bfac7eb6da79c,1798,0,2800,2367,1002,2367
c37a433bcaacd344775af66d571c7471,f5d613c1b0dc32c200ea0085d0878851,1723,398,2800,2373,1077,1975
06442aebc06bd6609f458d219dca90b3,832b6ebcf8ece6f6201358dde1f11085,0,0,788,2500,788,2500
c37a433bcaacd344775af66d571c7471,7147d78a9fef08b6eba38c0cae4d822f,0,777,1047,2647,1047,1870
14c0f604ddec78d80ce425d03b3275dc,2900db9ac376d59a04853e08c5dab128,0,361,1367,2619,1367,2258
5b6fac924da1a22521e27376375397da,6a7e5b03901c66154e7926fbfc188c68,0,0,998,3444,998,3444
14c0f604ddec78d80ce425d03b3275dc,d6711df3faba153c59c861cb775d08d2,0,0,1396,2812,1396,2812
14c0f604ddec78d80ce425d03b3275dc,f2a4a5d4c1b20cbf9357c557922b10e2,570,0,2012,2785,1442,2785
14c0f604ddec78d80ce425d03b3275dc,3704a380142a5cbf99c8f78112c138a1,612,78,2012,2514,1400,2436
5b6fac924da1a22521e27376375397da,ff584f2e9d2ec2cb32b55204b0b2e030,0,538,845,2709,845,2171
8a9e18f16e9a70b1b294049d5493c8dc,b72840c6f3d32b488c8310cb2887dc2e,1075,0,2012,2812,937,2812
5b6fac924da1a22521e27376375397da,b76416cf2bd5594dd57ff415ebc6917a,1820,0,2800,2690,980,2690
5b6fac924da1a22521e27376375397da,f36a0968201278fb74316eb64abaaab6,1925,356,2800,2550,875,2194
f5fa2381d5ec6064dfe14a52830246f5,2266b65f5f5a179aeb8d727b358fe8a0,1844,336,2800,2667,956,2331
f5fa2381d5ec6064dfe14a52830246f5,16c06d79ac623948e15ce1c273b62f46,0,322,1154,3518,1154,3196
f5fa2381d5ec6064dfe14a52830246f5,ca2dff96a1fcd82e7182cd2e87421b01,0,0,1194,3518,1194,3518
cf5ee0e40dce3c0f65d40a222cb61e5f,e64b2e73e7ff1ee643fab51d51a6523c,1883,854,2800,3518,917,2664
cf5ee0e40dce3c0f65d40a222cb61e5f,46a0e09cf99d473fefa62efacf4db033,0,0,903,3518,903,3518
cf5ee0e40dce3c0f65d40a222cb61e5f,260a8f6b554c527b72865969f48d6ba8,0,312,828,2367,828,2055
cf5ee0e40dce3c0f65d40a222cb61e5f,5761e401c07559233928488946def2b7,1921,0,2800,3170,879,3170
0e724925c58d762192f1520471ca16e1,9c143665a2afe016d52615e723228dc8,2048,658,2800,2823,752,2165
0e724925c58d762192f1520471ca16e1,2797edd6f2d7df17a5d48567db8bd942,0,574,764,2624,764,2050
0e724925c58d762192f1520471ca16e1,2456add1546a1580a96e1a976372cb7c,0,0,829,3518,829,3518
f5fa2381d5ec6064dfe14a52830246f5,7170f34af33db170e20be81ae85cb0fc,1671,0,2800,2697,1129,2697
2859c82fe6fca7af9538e6f0e18f027e,8cdbc8f73a25c4b9db46f9efb0b1b568,0,0,854,3518,854,3518
0e724925c58d762192f1520471ca16e1,7009b2522f79bc2dd81f2a311bce7914,2004,0,2800,3518,796,3518
2859c82fe6fca7af9538e6f0e18f027e,f4c3077ee80d7efff11821b8c7444903,1894,0,2800,2131,906,2131
2859c82fe6fca7af9538e6f0e18f027e,2b1bcde491ae475d2e1b635ca5eab92d,1988,542,2800,2334,812,1792
2859c82fe6fca7af9538e6f0e18f027e,89b8580352a516dd26f9e83447e621a1,0,729,765,2470,765,1741
ddb45d8f34c980e3bcf07ff518af7eec,9bad258d375553ab4eea1a9b9fa34017,2013,0,2800,2713,787,2713
ddb45d8f34c980e3bcf07ff518af7eec,9aa1dd42e3dc702ccb57f74b81655f82,0,367,827,2388,827,2021
ddb45d8f34c980e3bcf07ff518af7eec,448e45650483d7bed78988cc2b0bd4bd,1965,364,2800,2510,835,2146
ddb45d8f34c980e3bcf07ff518af7eec,5e351aa2fb3fbc81737afaeca0abc4cb,0,0,845,2587,845,2587
263b2419b79679288df30a00e077bbb0,de0be4962a1b5fab2fb7f7863b334cbe,0,0,1985,3099,1985,3099
5d603a1605de79e05c9e9999aeb54e7d,148997d1fd1cdbf4dd04f790632ed169,0,297,633,2380,633,2083
5d603a1605de79e05c9e9999aeb54e7d,597ee2b14675ee0d9e1ab2db5d46006a,0,0,719,2792,719,2792
263b2419b79679288df30a00e077bbb0,3ec2faa9648ddf042abcde384c2e28ea,0,300,1702,3084,1702,2784
5d603a1605de79e05c9e9999aeb54e7d,a722d7561932515a884bc678a77181f0,2159,804,2800,2591,641,1787
263b2419b79679288df30a00e077bbb0,93c76853acaba50207cfa1f0c28e82d4,859,0,2800,3455,1941,3455
5d603a1605de79e05c9e9999aeb54e7d,2674091a22efce4b2ba85778fb5ce269,2104,0,2800,3518,696,3518
263b2419b79679288df30a00e077bbb0,048555fc8bf15f6d021f595ca07aead0,1085,553,2800,3389,1715,2836
0df2eb3e0c688b852524b408dba13287,62181d327c7f496427d3353d7caa5bf2,1729,0,2800,2700,1071,2700
5a6d91022ec5b69b67f61087d551dafb,be1161bb5454c8cb9a2df3d015cffb83,0,440,1159,2626,1159,2186
0df2eb3e0c688b852524b408dba13287,12f39dca4a977425a5b9ad522f909faf,1908,621,2800,3518,892,2897
0df2eb3e0c688b852524b408dba13287,99ce1123523e4f705be52dde1055829b,0,498,939,3518,939,3020
0df2eb3e0c688b852524b408dba13287,2c94e7804c39f5061fb0fcbb828a5170,0,0,1039,3518,1039,3518
5a6d91022ec5b69b67f61087d551dafb,391d38c0bbed3f29a0a89e06bf8b35ba,1861,526,2800,2655,939,2129
5a6d91022ec5b69b67f61087d551dafb,c5febaedf9f5bbd304b4aa62374e870a,1797,0,2800,3518,1003,3518
5a6d91022ec5b69b67f61087d551dafb,9190cc18dfec5e0d9d43baa8b7fab208,0,0,1170,3518,1170,3518
fb9eaaccc0289e747818672cf3fa4f7b,f4282e1509c4fab304403a7a7de99e84,0,0,898,2942,898,2942
fb9eaaccc0289e747818672cf3fa4f7b,94ed709a1f2ce9a0f6e763f28b282bc9,1877,637,2800,2583,923,1946
fb9eaaccc0289e747818672cf3fa4f7b,b2edbbd0b9ae0f6bf7adb562c3304e47,0,951,913,2865,913,1914
fb9eaaccc0289e747818672cf3fa4f7b,cf018d6f2d4f815181adb2d22ba0f8ae,1882,0,2800,3518,918,3518
17659a68a1d991d89fbf041a70b93d5f,1f6c6ec76557530fbd0e9954f7e313e1,1526,0,2800,2782,1274,2782
17659a68a1d991d89fbf041a70b93d5f,1624b62f993c7c1c0e29e3877596a7a4,1614,270,2800,2799,1186,2529
17659a68a1d991d89fbf041a70b93d5f,4ac06e0712fa2103ea20c842a84ad3da,0,621,1305,3139,1305,2518
7317f24e54f9eb8a7b17faa5426ff634,0ebbb779ea60a3198a8c568add2c7c07,1645,233,2800,3518,1155,3285
17659a68a1d991d89fbf041a70b93d5f,24382d2eb6596d70b11154a965427f93,0,0,1316,2732,1316,2732
e4e6bf9418bdac79bd05bade38ce0e72,bbd0f79d3743abf160e39597f994b37e,0,804,942,3518,942,2714
f3165e5aa72f2daa5972fc6ae946cbcc,9016e6274383087a934a5281cce3a983,1781,0,2800,3518,1019,3518
7317f24e54f9eb8a7b17faa5426ff634,215aac242b249ef36f6599501f3e126b,1651,0,2800,3518,1149,3518
f3165e5aa72f2daa5972fc6ae946cbcc,2c5459917752007432f74cdd560ce1bd,0,519,902,3518,902,2999
7317f24e54f9eb8a7b17faa5426ff634,1d18b8e115bfdd206a68d9ac407d4022,0,0,1147,3514,1147,3514
e4e6bf9418bdac79bd05bade38ce0e72,546e3ba539bdc9d1206ed9f809793bcf,0,0,1050,3518,1050,3518
6547f1d0085533f13532a5da21749a02,1d8632289bfa46c57ca5077f491b6ff5,1914,649,2800,2383,886,1734
7317f24e54f9eb8a7b17faa5426ff634,28e7c5b8ab6fd0b0fbb626b2c4d159e2,0,336,1132,2800,1132,2464
e4e6bf9418bdac79bd05bade38ce0e72,c48634759b2e7f0cbb556819b57a3bc8,1842,0,2800,2499,958,2499
f3165e5aa72f2daa5972fc6ae946cbcc,637f688d0e9b9e75ab6ca5f0c9d6fad8,0,0,1047,3518,1047,3518
f3165e5aa72f2daa5972fc6ae946cbcc,3d22f6960803586f0d3916e2b69f2b86,1900,406,2800,3518,900,3112
6547f1d0085533f13532a5da21749a02,10da70dffb11d5957257cd23890994a0,0,0,933,2521,933,2521
e4e6bf9418bdac79bd05bade38ce0e72,d8a81480f2f58986769e478935eb2b40,1985,538,2800,2665,815,2127
6547f1d0085533f13532a5da21749a02,a11b4e1ffc06f5165e38ea5eedc148b4,0,483,886,2347,886,1864
e4868cd69efc2906f64687394a52d08a,f8832342346a88d0c0088cf043516ab3,792,0,2012,2812,1220,2812
d5ff475b96447b3c60216652d7f49f23,fba880e523b6da1235a628257bd25696,0,466,1067,2791,1067,2325
d5ff475b96447b3c60216652d7f49f23,8203498ca0fe91e16654c66a319bea4a,1899,566,2800,2774,901,2208
6547f1d0085533f13532a5da21749a02,d5120f969587632f79e5f34d4d745019,1928,0,2800,2387,872,2387
d5ff475b96447b3c60216652d7f49f23,83c039f69fcecdddd9813c5fbb5fcaa3,1895,0,2800,3518,905,3518
e4868cd69efc2906f64687394a52d08a,5ab7e8e1ece5aefa451b830344d8ca7c,0,0,1309,2747,1309,2747
e4868cd69efc2906f64687394a52d08a,e61606166dae809a1ac4191813b62258,0,384,1408,2740,1408,2356
d5ff475b96447b3c60216652d7f49f23,ca34f37384a34a77399e6b2bfaffa6dd,0,0,1126,3518,1126,3518
e4868cd69efc2906f64687394a52d08a,634a665e9c29ee6d12b082df2e767870,716,0,2012,2751,1296,2751
c1be4e4070c48c5e12817fe721da7de8,a8ed4a408d09ba9c6c9d04372bb75186,0,340,1165,2558,1165,2218
c1be4e4070c48c5e12817fe721da7de8,e0adf061e796a3ddf9d087626b85a348,1625,0,2800,3278,1175,3278
c1be4e4070c48c5e12817fe721da7de8,8ad869edfe3694ad14e7eb724f741638,1540,6,2800,2258,1260,2252
d06d1dcd3e83ce206ba413103f996319,99d0bc48962eba2f6ba6489840cbcae4,0,0,1009,3518,1009,3518
c1be4e4070c48c5e12817fe721da7de8,033c3a8952ce3b546b0caf954b1a554f,0,0,1081,3518,1081,3518
f89cac963500486c984b05746e41b05e,3d7f67eaef5b97a5b8e73ef731f37be5,0,348,791,2230,791,1882
f89cac963500486c984b05746e41b05e,119c1a31911c038ab5e3ccacd16672a7,1164,442,2012,2318,848,1876
f89cac963500486c984b05746e41b05e,6f1e2fa62d1e9ad44d4978f2aea4b78e,1153,0,2012,2386,859,2386
f89cac963500486c984b05746e41b05e,b705c8e1b87ab1602cf44a1c3d8be3cd,0,0,830,2247,830,2247
d06d1dcd3e83ce206ba413103f996319,9edf7793eb2d8981f2635dcb59f7568c,1898,604,2800,3518,902,2914
d06d1dcd3e83ce206ba413103f996319,f50d531553d2958b575c4f5bb7141b17,1742,0,2800,3518,1058,3518
d06d1dcd3e83ce206ba413103f996319,780848d602ef99422605b685de05af7d,0,403,953,2699,953,2296
ab20b47e7f289f71ea1a867275799179,dd41325ace3cc2aeb4cfbe2ec01bb31e,0,436,1145,2689,1145,2253
ab20b47e7f289f71ea1a867275799179,b9c7fe5f20bbc7ec8f4d9788e896b562,1676,469,2800,2660,1124,2191
ab20b47e7f289f71ea1a867275799179,2686f52684a57c0c40fef10fea084479,0,0,1178,2642,1178,2642
67ddaf7c5b05778b2cff7d9ef63fc464,fb18c8ce78df36a1ac831cb92518a30d,0,3,703,2453,703,2450
ab20b47e7f289f71ea1a867275799179,08684b2b3a5914021f8f49334eb28e6c,1803,0,2800,2654,997,2654
67ddaf7c5b05778b2cff7d9ef63fc464,538d228bc5109489b53dce02c93c7822,2039,0,2800,3518,761,3518
67ddaf7c5b05778b2cff7d9ef63fc464,18745c57c6bb42d85aba4917037c0805,0,0,784,3518,784,3518
4a70ff4f20fa72a6943948ff05711ddd,3b74f649d59c926306b3010b842b16f4,0,185,990,2505,990,2320
67ddaf7c5b05778b2cff7d9ef63fc464,c3eaf2665095c10d2fd58069e40412b9,2157,576,2800,3518,643,2942
4a70ff4f20fa72a6943948ff05711ddd,e9452a876b44934e054a21ddce2f2a91,0,0,1004,2831,1004,2831
4a70ff4f20fa72a6943948ff05711ddd,7d1ef16add2078608b529209d9d34299,1801,0,2800,2725,999,2725
4a70ff4f20fa72a6943948ff05711ddd,89c3dd3095a646213c280c180094d87f,1756,498,2800,3127,1044,2629
fb6a80caea4f811816a7129f3496b1ea,b80ade4c2441a78388bc86d7cb25898e,1913,0,2800,3518,887,3518
fb6a80caea4f811816a7129f3496b1ea,06ac8adc59f0c382153d574d8bcf12e1,0,0,871,3413,871,3413
fb6a80caea4f811816a7129f3496b1ea,beb09ac44253164d81d03d50894d42c0,2052,367,2800,2317,748,1950
737af45ff51fb11a7faa09700e567939,09b79f45139840290049138ecaf3f9a2,1159,222,2012,2666,853,2444
fb6a80caea4f811816a7129f3496b1ea,c8264d88e317bc91a302bd595d1bda66,0,805,740,2846,740,2041
737af45ff51fb11a7faa09700e567939,b749651897fa78f0f46967591ae6e630,0,193,956,2618,956,2425
737af45ff51fb11a7faa09700e567939,4d796325099047b8fff6c0805d8bb281,981,0,2012,2812,1031,2812
737af45ff51fb11a7faa09700e567939,2595917d8ae44642c4413d63bcd15ea6,0,0,1104,2812,1104,2812
4db04558bbf5a998f527d487d3f46f25,4e42e29b3960bfcfca944ba02996f87f,1763,556,2800,2704,1037,2148
4db04558bbf5a998f527d487d3f46f25,6999c618f82d54f4a2c20499d3865b27,0,641,1128,2912,1128,2271
4db04558bbf5a998f527d487d3f46f25,2fec583fd92661347a83244be638551f,0,0,1139,3518,1139,3518
4db04558bbf5a998f527d487d3f46f25,84d4e4852886307057249132eea72a53,1775,0,2800,2349,1025,2349
dfc09a7b5defb61f9ef1358097d52fd3,309154380c16ae957af3ca46fc4ca9d9,1762,610,2800,2685,1038,2075
dfc09a7b5defb61f9ef1358097d52fd3,2114901756e771a39862636ebdf97a30,0,0,1067,2427,1067,2427
81f6fea45c1e2477dcf6bab1ce3d374a,1c192ca94eda8b5de2af110b3df7c40b,1127,0,2012,2576,885,2576
81f6fea45c1e2477dcf6bab1ce3d374a,d9e35add136f2618e08719c60b314721,0,76,952,2293,952,2217
dfc09a7b5defb61f9ef1358097d52fd3,0dd2532d0f4b776dcbb9e6e1175c14aa,0,597,1056,2776,1056,2179
81f6fea45c1e2477dcf6bab1ce3d374a,1ffb0b45edfc6bb406f2b6c52396ada1,1094,0,2012,2668,918,2668
67d8be503ecbdaafc477bea418a8f0bb,22a6fc9bb6a7208d59dd8d39d1bfe5ae,0,0,962,2585,962,2585
dfc09a7b5defb61f9ef1358097d52fd3,678c021aa3251c6170bebd1b7766cdad,1762,0,2800,3518,1038,3518
67d8be503ecbdaafc477bea418a8f0bb,c92289ef789625eaa9f7d5658de8b8d3,0,724,907,2778,907,2054
81f6fea45c1e2477dcf6bab1ce3d374a,f3b744a647f657d7ccc0cfe4146328e5,0,0,1011,2795,1011,2795
67d8be503ecbdaafc477bea418a8f0bb,e314461b0ca135d4fe0386b6437102d6,1778,0,2800,2712,1022,2712
67d8be503ecbdaafc477bea418a8f0bb,84de77d235b1886e8f50b4e9f32ed32b,1868,271,2800,2678,932,2407
ba74107e4a802f778fbdc35c5fa14a2b,6426e5afe9cf150bd5a0de8437e32856,2171,0,2800,2298,629,2298
ba74107e4a802f778fbdc35c5fa14a2b,432104b9379b8bf968addb397c4cd9bb,0,0,488,2323,488,2323
ba74107e4a802f778fbdc35c5fa14a2b,375181ea0b10936e4a96e1fa25831d60,2279,833,2800,2250,521,1417
e2ff277944ec08fdd6256fc48422bb54,69e46ab81d9edb4921701a66d79247fa,0,1191,653,3128,653,1937
e2ff277944ec08fdd6256fc48422bb54,d1892d8e948b170c04730290d717c94c,2127,338,2800,2417,673,2079
e2ff277944ec08fdd6256fc48422bb54,6a390b9b032331e48534ec0dc0de816d,1847,0,2800,2749,953,2749
e2ff277944ec08fdd6256fc48422bb54,da2f032ebd645aa5801701ad1994d43e,0,0,1039,2878,1039,2878
ba74107e4a802f778fbdc35c5fa14a2b,6c4a0cf45b3ccb0cffc41cf1620ca907,0,985,502,2402,502,1417
bbe97d67cc7f0d28bf9860a864af684a,ebb437593a3fc80277296638f0607f5b,0,0,1375,3311,1375,3311
bbe97d67cc7f0d28bf9860a864af684a,9188a01b6b648cee39fb70702a860141,1436,362,2800,2733,1364,2371
bbe97d67cc7f0d28bf9860a864af684a,ac457734e7933536ac242f25570cc608,1467,0,2800,3518,1333,3518
ba35b6786b649e447fd4b0c39350b8da,2bbd9c0a4a6d29e644294ca5e8448f9e,0,661,686,2784,686,2123
861f71a43abd44233ef4e6b524e68268,d8e39b8ab1815ac534a39b50281d8ac2,1709,446,2800,2869,1091,2423
861f71a43abd44233ef4e6b524e68268,fd66c14f3440babbecea9baca9d51b2c,1656,0,2800,3518,1144,3518
ba35b6786b649e447fd4b0c39350b8da,3ff90cf60c17051d4b574997f1363db8,2004,0,2800,3518,796,3518
ba35b6786b649e447fd4b0c39350b8da,050c2f6caf47f439d62e1fc8942396f6,2186,369,2800,2558,614,2189
861f71a43abd44233ef4e6b524e68268,97f3dcadd1738c3ac583b0e2d019003c,0,704,1091,3518,1091,2814
ce28db9acd8db5f15f61067da5fc3484,182676cca04fc2f3b4ca806060ba5111,1862,0,2800,3185,938,3185
861f71a43abd44233ef4e6b524e68268,d33df08ffe8654f625e2701e4570f71a,0,0,1134,3106,1134,3106
b16ec92bad7c4353d631db466186af9b,caed2af8109453a1d21b14f2d6a5cfd8,2039,518,2800,2488,761,1970
ce28db9acd8db5f15f61067da5fc3484,2c4ab1b40f73b250ff542abdf630c510,0,0,889,3518,889,3518
ba35b6786b649e447fd4b0c39350b8da,4bbb07fbc7e8de6356c81701d597d80e,0,0,897,3518,897,3518
9f9146a9ef719f78e970dbd1a8c9f616,f20bcae5a99dccf08dd4a17932f65652,788,0,2012,2626,1224,2626
ce28db9acd8db5f15f61067da5fc3484,50cf60d7ea719f3420b8d6769c4e9480,1781,0,2800,2557,1019,2557
ce28db9acd8db5f15f61067da5fc3484,80548594e3a904baba089523f9056dd9,0,265,1010,2457,1010,2192
b16ec92bad7c4353d631db466186af9b,b360498b63e20954420d4586af8bad5e,0,0,896,2276,896,2276
9f9146a9ef719f78e970dbd1a8c9f616,cf71df9fa5c067018239f662c2a66f44,1032,183,2012,2372,980,2189
b16ec92bad7c4353d631db466186af9b,d650dbf2032c79cbde38b9ce768245f2,0,568,782,2481,782,1913
9f9146a9ef719f78e970dbd1a8c9f616,9bc9c271f6b355ef72668aef201103c8,0,333,1097,2389,1097,2056
b16ec92bad7c4353d631db466186af9b,65aed0cce58bfa41fbb3425db19725c5,1880,0,2800,3518,920,3518
9f9146a9ef719f78e970dbd1a8c9f616,1ac7f01213dcd2267b5c54dae7b84730,0,0,921,2651,921,2651
c832c97b156e4b42fd9f9ca63a584c18,a01f2f0aba6ef1181963278ffbdad4f3,0,0,924,3518,924,3518
c832c97b156e4b42fd9f9ca63a584c18,486595584c3b79144e2c9b06daf3b6c0,1944,545,2800,2628,856,2083
c832c97b156e4b42fd9f9ca63a584c18,545de7ebe8e068ca64969bcaf6a36014,0,448,895,2573,895,2125
c832c97b156e4b42fd9f9ca63a584c18,f9f6bba5777f8a7533ba23f489e5ad73,1898,0,2800,2802,902,2802
bc3793e2fab6bcce292b7c59f145d779,ba33148301f91fc460c9133b240d4198,1912,623,2800,2538,888,1915
bbe97d67cc7f0d28bf9860a864af684a,4835a79d7e25eebd20104e7147cbcfb4,0,0,1324,2524,1324,2524
7857fe75c96af57722f130546e7b2fe3,5fe9427b85e2bc6227e877cbbaf66ddd,2028,687,2800,2821,772,2134
bc3793e2fab6bcce292b7c59f145d779,53fa52833d7a670711a9e63124f8d917,1833,0,2800,2464,967,2464
bc3793e2fab6bcce292b7c59f145d779,8230306741a4150ef275b2ed712a0f0c,0,380,928,2441,928,2061
da0270ed47407bc946fbe4a51e373220,2f720d1873b33c897f799799f64f5988,1813,221,2800,2485,987,2264
da0270ed47407bc946fbe4a51e373220,6e0735c70af38d3713c3ff45d12f404c,0,0,1009,3173,1009,3173
7857fe75c96af57722f130546e7b2fe3,4a448a3f1838dae50605660620460d51,0,0,1061,2544,1061,2544
94f282a20030cfe17fbc4999f790bfc8,43ae66341e4e8dfcc313d5a446bf7179,1926,0,2800,2813,874,2813
bd4a5bacc4a53667f8dcfb1bc28f7370,5f3bc5ed1dc684185fd49b0e5cf2f732,0,0,979,2544,979,2544
da0270ed47407bc946fbe4a51e373220,db8a45ce31b6bf37fd7df0fbbf2f1a2f,0,275,952,2511,952,2236
7857fe75c96af57722f130546e7b2fe3,e019660c73c942622416473840103230,0,326,843,2389,843,2063
5d49fd40f8a4b9820c8543d59a451a9d,9bfa1519a94e2fc7cce705f3fc15f826,0,0,910,2646,910,2646
da0270ed47407bc946fbe4a51e373220,fff97c8c39c83aff37e3c747aaca8a09,1878,0,2800,3167,922,3167
94f282a20030cfe17fbc4999f790bfc8,ce6e789426196264a58c70c6556b286e,0,501,673,2652,673,2151
bd4a5bacc4a53667f8dcfb1bc28f7370,820acb0dc2977c5ec771c6843f4b83b5,2027,664,2800,3265,773,2601
5d49fd40f8a4b9820c8543d59a451a9d,3b9e99ad1aeb8225871e8c65c495af44,933,0,2012,2210,1079,2210
bd4a5bacc4a53667f8dcfb1bc28f7370,4938947eced3f5ef14626fdd8658004b,2106,0,2800,2929,694,2929
94f282a20030cfe17fbc4999f790bfc8,5df59bbd26c4d41d3ab61cec085fc39c,2036,478,2800,3518,764,3040
5d49fd40f8a4b9820c8543d59a451a9d,b1c4b97cd59602aa678f4dcff703291c,0,484,788,2507,788,2023
7857fe75c96af57722f130546e7b2fe3,62b6a32cc577f5b94b025cbe38f7a0f3,1799,0,2800,2817,1001,2817
bc3793e2fab6bcce292b7c59f145d779,75f1a93847e6f03841e293caa92eb184,0,0,953,2416,953,2416
bd4a5bacc4a53667f8dcfb1bc28f7370,106b5424e9a4b6bf2b819047a424a0fa,0,720,990,2872,990,2152
94f282a20030cfe17fbc4999f790bfc8,fdc1a2de81ac57b169520a3fa9c623d3,0,0,906,3518,906,3518
5d49fd40f8a4b9820c8543d59a451a9d,fd4cfa7d88088a8a07df9225d9388f58,991,0,2012,2743,1021,2743
5daa7f91a089d754d6e2f45d358d1574,52324198d8611eb74bd1f44556ff59c1,1867,375,2800,2660,933,2285
5daa7f91a089d754d6e2f45d358d1574,03ddea921f1223e22c0008c3a9d61a09,0,0,1020,3518,1020,3518
5daa7f91a089d754d6e2f45d358d1574,7da4964869470ff2cd0c06c32288c11a,1893,0,2800,3518,907,3518
5daa7f91a089d754d6e2f45d358d1574,c3d0ce8b0547c5c197549d8f0ffe60f5,0,314,845,3518,845,3204
fcfdac68cdf5c9515a810d8adf71e2cc,ef6de186b088a97f92bdfe0713924215,2039,0,2812,2341,773,2341
fcfdac68cdf5c9515a810d8adf71e2cc,dedfb81e153d26380398a5fae3e9faad,0,890,680,2673,680,1783
9557785614bae503eb35a192c4bf0d62,36cf7d9632155904e3169fd29312a4ed,1828,509,2736,2735,908,2226
9557785614bae503eb35a192c4bf0d62,1a3d80071791c63203186f4a515c06e5,0,277,1036,2486,1036,2209
9557785614bae503eb35a192c4bf0d62,85a5a3ee1c5b830d8afb8cc0152d2d9f,1273,0,2808,2592,1535,2592
9557785614bae503eb35a192c4bf0d62,9fd2ead55efb7d3486a28d70498ae009,0,0,1001,2748,1001,2748
fcfdac68cdf5c9515a810d8adf71e2cc,8f4e013b4dbc8e5cdc1f56a8212ff5d2,2096,911,2812,2693,716,1782
5fb09bd6f7b5d06f086217635fb8e86d,e421b0a0090eb5a392a44b701ae111fb,919,0,2012,2812,1093,2812
5fb09bd6f7b5d06f086217635fb8e86d,851212efa703731088d840133e255821,935,0,2012,2331,1077,2331
5fb09bd6f7b5d06f086217635fb8e86d,9ce360b6645d560639ea19e377824154,0,89,1104,2812,1104,2723
5fb09bd6f7b5d06f086217635fb8e86d,0222102185e2b857abe225d1eb5491a2,0,0,1068,2812,1068,2812
fcfdac68cdf5c9515a810d8adf71e2cc,9ca728553d6b22dbce7e5af4eb380424,0,0,752,2657,752,2657
5d99bedc43c3225261b270fa4bc5181c,33cfef605778cd250f653662ab876afb,0,0,793,2869,793,2869
5d99bedc43c3225261b270fa4bc5181c,30f68cef96811abd1e2735a201ae6c42,2109,352,2800,2178,691,1826
882af3d53e9a3852d4be5c8639eb3d6f,24ca7256b1737a8b9ee496c01d922c42,1886,758,2742,3580,856,2822
5d99bedc43c3225261b270fa4bc5181c,101d8971e3bade4941eb1661055dd78f,2035,0,2800,2482,765,2482
5d99bedc43c3225261b270fa4bc5181c,1776d1586b4c7d8cc13c98309c5327df,0,521,699,2359,699,1838
882af3d53e9a3852d4be5c8639eb3d6f,519281d5cd2734060cd88b37262993cf,1746,0,2772,3580,1026,3580
70162a8b880b839ec9b92780ac886476,44eae96e2ecf5da346bb8a0ede0ad70b,1938,14,2800,2652,862,2638
70162a8b880b839ec9b92780ac886476,a40b4893656f14bb941552cbb2afaa8f,0,86,854,2737,854,2651
882af3d53e9a3852d4be5c8639eb3d6f,9460d9c5df9db059200681f814af21a4,0,0,981,3580,981,3580
70162a8b880b839ec9b92780ac886476,48fe3f2b13e49913b3bfcc3bc85eacb5,1881,0,2800,3518,919,3518
510fa59527f6befa990091c1a4d29295,137a504b144a678276048cebabab5572,0,0,862,3058,862,3058
70162a8b880b839ec9b92780ac886476,be479e0ec652db4eb126d99229009507,0,0,910,3518,910,3518
510fa59527f6befa990091c1a4d29295,bc1e5aad919dd386639c03a416c1ff12,1869,537,2800,2720,931,2183
510fa59527f6befa990091c1a4d29295,40422c6921d6abd828cc5bb8dadee9a3,0,643,863,2702,863,2059
510fa59527f6befa990091c1a4d29295,9732a10e89b2c7e359c2df4210e663c6,1918,0,2800,2475,882,2475
7047eb7f28a47d9f5fee20a6b1e10954,ca10dfd7972b80c35a62f41c7d8005b6,1897,766,2812,2864,915,2098
7047eb7f28a47d9f5fee20a6b1e10954,cef78bc38a146cacf45b3538abc4b7e1,0,408,863,2591,863,2183
7047eb7f28a47d9f5fee20a6b1e10954,1fa586cd078894845bf4a1648232cde7,0,0,925,2839,925,2839
d90bbc67c79e9aac98f848e33d61f10a,609c1a1836fc1cbc227728156418720a,1899,0,2800,2953,901,2953
7e61be7d2b55d3a364139f70bcd6254c,abb1272d81cba3a5e3e856aeec00ddcb,0,684,997,2904,997,2220
d90bbc67c79e9aac98f848e33d61f10a,6cbca4d4abae29e07e04c8a9dce77411,1896,638,2800,2775,904,2137
d90bbc67c79e9aac98f848e33d61f10a,452d6df3a8579810afc9a46966f12c5e,0,0,992,3119,992,3119
7047eb7f28a47d9f5fee20a6b1e10954,f1d488daeb47f427b3d136389bedafa6,1815,0,2812,3116,997,3116
d90bbc67c79e9aac98f848e33d61f10a,ca871ca40d05ec9db8f19143020838ed,0,0,935,2546,935,2546
7e61be7d2b55d3a364139f70bcd6254c,a33b32a9600a2f88f59abaa61c143478,1691,0,2800,2932,1109,2932
13429cc3bc880f9b40b45acbf9b1a2fb,132095e759b34fba0adcba4205e1b513,1460,0,2812,3580,1352,3580
13429cc3bc880f9b40b45acbf9b1a2fb,1e4bc73c2bc89ee64dcab857f0e09517,0,702,1098,2908,1098,2206
328bf1d18179df3ed1966f826df29e5f,71e0d3cf5fd0cc62af98dfd7cee47f3b,2010,0,2800,2590,790,2590
328bf1d18179df3ed1966f826df29e5f,1c6c26e65e6769f82fa945f1b564f01e,2053,607,2800,2515,747,1908
13429cc3bc880f9b40b45acbf9b1a2fb,07f5863348560d0507bba86c8bba0586,1660,291,2812,3580,1152,3289
328bf1d18179df3ed1966f826df29e5f,11c55b82a0c6ceebf5984208ec343b4d,0,0,811,2646,811,2646
328bf1d18179df3ed1966f826df29e5f,123b1009ba5b19b0f96f6d5d6804d98a,0,0,764,2530,764,2530
882af3d53e9a3852d4be5c8639eb3d6f,0697ea5a1a87000b9a15d28afc079077,0,330,898,2533,898,2203
7e61be7d2b55d3a364139f70bcd6254c,0d2929c048a64bee67b0b893c293da99,0,0,1071,3008,1071,3008
13429cc3bc880f9b40b45acbf9b1a2fb,e56ba46780d9cca70de619598275e379,0,0,1293,3580,1293,3580
2e0ee4b5749e2c80a8b19ef0614dbd9f,7f773fe66e8f3ee7259239e502015b5f,0,674,1139,2661,1139,1987
8899d8d3b87dc95e17b42f0584e23f98,6fc569a635adab163b8cc69bc33a4da1,2128,543,2800,2419,672,1876
2e0ee4b5749e2c80a8b19ef0614dbd9f,ac89465ee3af2bba9269272173e11ac8,1808,489,2800,2392,992,1903
2e0ee4b5749e2c80a8b19ef0614dbd9f,d1ff46941d847c03ec47035f62b5b4e5,1834,0,2800,2533,966,2533
11ca8bb6dafea0b92bdb73b4e115cac5,88a256bdedeb46ff345beadaa134c3f3,0,0,1062,3353,1062,3353
b53efd6521b21cfc7c2df96ab4bf57e4,397042971337a55e857bb8849008e28c,1876,0,2800,2981,924,2981
8899d8d3b87dc95e17b42f0584e23f98,67483a104f9effa754827b7def569bb7,0,725,697,2533,697,1808
8899d8d3b87dc95e17b42f0584e23f98,063d53b6325ddfdbb7062b4a972186d1,1975,0,2800,3518,825,3518
7e61be7d2b55d3a364139f70bcd6254c,b5bb09e1bd6a10858a82ff134f8aabdb,1734,598,2800,2829,1066,2231
2e0ee4b5749e2c80a8b19ef0614dbd9f,a651e68d2eac12b62a39fb3433f52159,0,0,1028,2509,1028,2509
9bab34fb6637f3921df32b4a215385ed,93a3ef1f3879f5589af3e7a23547d426,0,0,958,2623,958,2623
11ca8bb6dafea0b92bdb73b4e115cac5,36f0228304c61b634aa56eea2c861f75,0,603,1052,2689,1052,2086
9bab34fb6637f3921df32b4a215385ed,cae99f03d6140de07f07aefb4cd56894,0,310,914,2399,914,2089
11ca8bb6dafea0b92bdb73b4e115cac5,bdffa960bf1b6f0cbf38ca0b28ff757b,1785,0,2800,3518,1015,3518
11ca8bb6dafea0b92bdb73b4e115cac5,3207291c209d2d5fcd520126145ff20a,1841,649,2800,2692,959,2043
aee2a7657dd4584aa5d023b3c6fe09fe,d520a8a910da0faf1a5f72d4c326f7a4,1849,294,2800,2617,951,2323
9bab34fb6637f3921df32b4a215385ed,e9d302a222e7fcd41b2657f85b0a950b,2009,0,2800,2591,791,2591
9bab34fb6637f3921df32b4a215385ed,36076ce0b274996694d09afd5bba22bd,1997,26,2800,2277,803,2251
19e2b18952b56b920c0641a64a9447a7,ce56110a18466f4ea4deb890fa3e2bd0,0,0,1075,2812,1075,2812
b53efd6521b21cfc7c2df96ab4bf57e4,fffad3a46fb2225e541f531226b7b647,0,593,826,2773,826,2180
b53efd6521b21cfc7c2df96ab4bf57e4,65c283bb498796dbf414f651469e7736,0,0,955,2830,955,2830
aee2a7657dd4584aa5d023b3c6fe09fe,f578e4b020ca85956e893cf76165587d,0,0,902,2504,902,2504
19e2b18952b56b920c0641a64a9447a7,6313ea5038cf690da3c0cf4b99e303f0,1052,0,2012,2812,960,2812
19e2b18952b56b920c0641a64a9447a7,4f99ce6a02d7b97248c6a17d281f8a1a,1041,442,2012,2644,971,2202
19e2b18952b56b920c0641a64a9447a7,292c4e00b356659ff1d6a6812ccf03a9,0,188,997,2380,997,2192
aee2a7657dd4584aa5d023b3c6fe09fe,6a0dbf6d9ccb0a5360b6d5cfd76d83d6,0,424,968,2585,968,2161
b53efd6521b21cfc7c2df96ab4bf57e4,d440608822e334d65cbaee09ac2d0cb4,1906,249,2800,2655,894,2406
8899d8d3b87dc95e17b42f0584e23f98,492756a81ae68b0920be4199e125cca6,0,0,744,3518,744,3518
aee2a7657dd4584aa5d023b3c6fe09fe,a169f96bdfac5638639830f61fa4309b,1837,0,2800,2692,963,2692
6d6ffc7cc64dee96d61bc80cd23428ce,cbfe77568cdbf998512a864a33841380,2078,429,2800,2403,722,1974
6d6ffc7cc64dee96d61bc80cd23428ce,7367607d38a7ed983e77c8e4dc50f410,1937,0,2800,3518,863,3518
6d6ffc7cc64dee96d61bc80cd23428ce,7a3055cf99e2e8f7a488910b4eaa0347,0,0,832,3315,832,3315
6d6ffc7cc64dee96d61bc80cd23428ce,e1de48e56f9b82fa62816d3dafc438f8,0,413,669,2439,669,2026
8e813cb1b72bc452ce5cb94e6d8ba2ed,f6ddd455e1543debbade07eae7396271,1648,0,2800,3518,1152,3518
3ac71cf287f547a9e68a30a5620b7eb9,cbd12b2a2dab82f0762d906c917e8909,1324,0,2800,3509,1476,3509
8e813cb1b72bc452ce5cb94e6d8ba2ed,14dc02acde79cc6abfb7aa5025d7ee2d,0,579,905,3518,905,2939
3ac71cf287f547a9e68a30a5620b7eb9,291bbdc94c6f7cdd670af76404319dd0,0,279,1498,2877,1498,2598
8e813cb1b72bc452ce5cb94e6d8ba2ed,990e2a6ac78974c641a2d88eac8682ae,1814,381,2800,3463,986,3082
3ac71cf287f547a9e68a30a5620b7eb9,6afc6ec86e57fc23769b413b6921ce77,1357,158,2800,2569,1443,2411
802fce0565abf124219bcbe1b4b1c3a4,1f13d5eda021d440714418d4673ae8cd,1378,524,2012,2260,634,1736
c2e63b084c3955f4a7a806d6d9c2b169,236fc503d3b3b9019925b55f3412cf95,1699,0,2800,3518,1101,3518
c2e63b084c3955f4a7a806d6d9c2b169,cd6c9ab9907359197849db46b00b9a45,1788,557,2800,2630,1012,2073
3ac71cf287f547a9e68a30a5620b7eb9,c06ca4d835d6d3e485dd2b5d7e61bacd,0,0,1461,3518,1461,3518
802fce0565abf124219bcbe1b4b1c3a4,5128338b19e00bfedbf785c3b2ec574d,1181,0,2012,2812,831,2812
c2e63b084c3955f4a7a806d6d9c2b169,28dd2a9bcdd90db61f0123954c752b3d,0,605,981,2789,981,2184
8e813cb1b72bc452ce5cb94e6d8ba2ed,b7ce5fa6a3bec50c37300134465ce330,0,0,984,3518,984,3518
c2e63b084c3955f4a7a806d6d9c2b169,8145ea230d2766f6c6efb80b891c816b,0,0,992,3518,992,3518
802fce0565abf124219bcbe1b4b1c3a4,164c508eaa0c792cf565f0bcd55fe5b7,0,0,718,2596,718,2596
018b587a999c3a861c5536547f1d3ecb,1b666a5802b83ef557172c313f9a9097,977,0,2012,2587,1035,2587
018b587a999c3a861c5536547f1d3ecb,28e2e1e64145bb07150027e74e3a1fd5,0,0,1199,2644,1199,2644
802fce0565abf124219bcbe1b4b1c3a4,4a6ac06433766b0d76d10d89f4cd4c85,0,762,627,2590,627,1828
018b587a999c3a861c5536547f1d3ecb,17c748761a527f6a5a69137a9d6968c1,0,227,1157,2576,1157,2349
018b587a999c3a861c5536547f1d3ecb,e1541f80863ca9937c6ce90a8510e473,948,97,2012,2812,1064,2715
5fe33011c5ab6895264ed00c3356afe4,b40d6f8ef30740b0d6a9bffce50eba05,0,0,913,3518,913,3518
5fe33011c5ab6895264ed00c3356afe4,2e01ae654d5e24fb668c9b1843a08548,2029,786,2800,2851,771,2065
5fe33011c5ab6895264ed00c3356afe4,6256aa5a99ee5a9cbc8453b1526b515a,0,532,783,2793,783,2261
5fe33011c5ab6895264ed00c3356afe4,954fdf5e13c08a0e38d2700b5963cf0d,1863,0,2800,3518,937,3518
75df369020dfec63262df17496882be4,691ee01ee733add8886cfbaac399f516,1783,0,2800,2613,1017,2613
75df369020dfec63262df17496882be4,8734b09ebb2fb2b28e553237bd5a7074,0,0,992,2540,992,2540
75df369020dfec63262df17496882be4,e3122aa92a38d7ec5c6f4c3c5a7c57d2,1754,508,2800,2597,1046,2089
75df369020dfec63262df17496882be4,e38002fcb59bdbe4d065eb2659026d35,0,510,1161,2683,1161,2173
b622b289622087b930fbfea9baaf3ba8,8b0d4450af1f507ce6ad1c69d8c39947,0,0,840,3048,840,3048
92c364ed59f7ed2d980ac1b53deaf346,889f56c952a1291135dc7d1040ee8504,0,0,988,2457,988,2457
b622b289622087b930fbfea9baaf3ba8,eea3df194619312492ffcb042f482f3b,1979,0,2800,3518,821,3518
92c364ed59f7ed2d980ac1b53deaf346,f80df711f9de75d129fe9d0966563e4b,0,378,1040,2584,1040,2206
b622b289622087b930fbfea9baaf3ba8,96b07ec39cef3e102ce9951221808a91,1963,828,2800,2613,837,1785
92c364ed59f7ed2d980ac1b53deaf346,4d9b0e533aac03054722a0129a07ce83,826,0,2012,2617,1186,2617
92c364ed59f7ed2d980ac1b53deaf346,5c771a27004c6ac4728c1902d15326e3,821,351,2012,2586,1191,2235
16f6c892b53e8f60d89da454c5a3b042,d7425e33a653e97f91b7b28cd0d20b47,0,0,1091,2902,1091,2902
16f6c892b53e8f60d89da454c5a3b042,536404d9db2828d0a4bd2be1369a52bc,1751,0,2800,3518,1049,3518
a74e47a8c853628f18df400d68612e3b,6655a0074d1c379b3cb55e62f7ce7627,0,0,804,2664,804,2664
16f6c892b53e8f60d89da454c5a3b042,7cead2123a7908b898bfd280d1684eb6,1662,265,2800,2468,1138,2203
16f6c892b53e8f60d89da454c5a3b042,b28fa70344612adf632d53664729d9aa,0,266,1131,2438,1131,2172
a74e47a8c853628f18df400d68612e3b,2f008aee25bf014527d352f78f750a35,0,131,628,2812,628,2681
a74e47a8c853628f18df400d68612e3b,66411abf03c6394395432695bdcc5e43,1152,0,2012,2402,860,2402
a74e47a8c853628f18df400d68612e3b,075fffadaa5e4f08b1cad3ae6c1448dd,1313,46,2012,2398,699,2352
c8f52fabe1337c0d01877e7515836d1b,91bade7e1e9259fe18d8d55833f50b93,0,558,959,2704,959,2146
c8f52fabe1337c0d01877e7515836d1b,23b53afcc526cb68793f89aa9d7e5273,1669,0,2800,2842,1131,2842
c8f52fabe1337c0d01877e7515836d1b,4d3deb44a888f6ec0f4c87786710d778,1749,360,2800,2497,1051,2137
1bced818b729bb45a262a587db251674,23074a22d967fc9b6161a695f64d3fcd,2000,0,2800,2445,800,2445
c8f52fabe1337c0d01877e7515836d1b,8c35cbb62057bf724a4e647e2f845575,0,0,947,2843,947,2843
1bced818b729bb45a262a587db251674,2f9a9468e908a35fb3c29fba6ecce60c,0,582,748,2703,748,2121
1bced818b729bb45a262a587db251674,528fa96731ba3a3c3a2a59a73caa50ee,2001,577,2800,2657,799,2080
1bced818b729bb45a262a587db251674,db5555c72e3beee37ea81cf1a5324855,0,0,768,2476,768,2476
c260a3951548a62f8489214e62da410b,d5bc46f0b64ed3d36293c490dcb69f13,0,885,914,2992,914,2107
c260a3951548a62f8489214e62da410b,634acc09f2783243b2c49654ebbeac9a,1873,487,2800,2530,927,2043
46ab23ec866810a4212c33db471153a2,98eb0445d9d24e3eaddd9e244441ca1d,1534,427,2800,3113,1266,2686
46ab23ec866810a4212c33db471153a2,f77d8ce84d8f319c963e7c52761835c1,0,0,1190,2902,1190,2902
9c6428f1558d0d0665e45a45560d9687,c6060151bbac65f67fd6ab245209147f,1243,0,2012,2633,769,2633
c260a3951548a62f8489214e62da410b,a43e544968809aeb4f60d1aee6c63298,1809,0,2800,2565,991,2565
b622b289622087b930fbfea9baaf3ba8,498c9a80c82c087df8a2b1412fb3118b,0,593,779,2498,779,1905
c260a3951548a62f8489214e62da410b,da811ac63f42dd9c7359072b5e7226d5,0,0,994,2494,994,2494
46ab23ec866810a4212c33db471153a2,52750d0cf16931d9f09530901041a345,1488,0,2800,3518,1312,3518
2398e7cb0c53ecf7522e35e519a91c2d,468fbc5c61d29d804497297e9da5d590,1864,259,2800,2619,936,2360
2398e7cb0c53ecf7522e35e519a91c2d,664408673c37251891cb79c4630015e9,0,0,1012,2676,1012,2676
46ab23ec866810a4212c33db471153a2,a4b746f0c603c1c657e0591f774b47dd,0,503,1228,2892,1228,2389
2398e7cb0c53ecf7522e35e519a91c2d,29a84178c3372c12bd9fc6842e7de004,1756,0,2800,2707,1044,2707
9c6428f1558d0d0665e45a45560d9687,7c96fa21f0d16c9e16c8fb7e6f1490d3,1369,336,2012,2258,643,1922
9c6428f1558d0d0665e45a45560d9687,17fdae16cbb6e62b26d81bfba0a83102,0,0,833,2501,833,2501
9c6428f1558d0d0665e45a45560d9687,0d99dd407674654c1f584e5c377e6ff7,0,366,652,2391,652,2025
2398e7cb0c53ecf7522e35e519a91c2d,13fc906730298264bbe58a00436bb1b4,0,478,917,2622,917,2144
86eb40706da4bc2e7c7c321c51dea320,d8f8f580701b07b37c5fbeb7a581ff61,1574,99,2800,3518,1226,3419
3b350da299f8b1de6d0a17bc62bcf131,edade9beec63e107c61991d46742a42a,2131,815,2800,3518,669,2703
0e4bdec6648b20ee162140c2609420ea,921082d17e57e32d818db2a4a0f1cb01,0,137,813,2152,813,2015
3b350da299f8b1de6d0a17bc62bcf131,9ca1eb497f8af00f094e100a36431930,0,843,886,2866,886,2023
3b350da299f8b1de6d0a17bc62bcf131,6dd71634ff340f7593cc6e396068d7ac,0,0,911,3088,911,3088
0e4bdec6648b20ee162140c2609420ea,2d2347e19a0c9eedac955535d601c36a,0,0,966,2812,966,2812
3b350da299f8b1de6d0a17bc62bcf131,8f9f8cb6ed18cd6a473636278f3b7dbb,2000,0,2800,2755,800,2755
0e4bdec6648b20ee162140c2609420ea,16b49dafc99ad4f6d398e72f9842c045,1036,0,2012,2105,976,2105
0e4bdec6648b20ee162140c2609420ea,a9e77f787628dcabb14cf473c42219a4,1073,0,2012,2738,939,2738
1f85b3aa70098ca6512a70eb5b64253e,8b8a5fc22981d783644c15594185f295,0,0,1331,2452,1331,2452
86eb40706da4bc2e7c7c321c51dea320,a4bef44aeec921d28564b06eb6e9c069,0,0,1144,2629,1144,2629
1f85b3aa70098ca6512a70eb5b64253e,63a33261216a0e89e41e92fe6e97c511,1446,0,2800,2588,1354,2588
1f85b3aa70098ca6512a70eb5b64253e,1d15e5c98d1e27d9fe80aac31d573d9b,0,100,1391,3518,1391,3418
1f85b3aa70098ca6512a70eb5b64253e,58c140bdb10a027a0474dc9863376a11,1389,59,2800,2642,1411,2583
86eb40706da4bc2e7c7c321c51dea320,564fab339ff4eb83c0ccea2c9a971d8d,0,284,1210,3518,1210,3234
ff30ae71b5e1a4de6c12219316b7db4f,73edf100ad593f95fe731ab1dd46c79a,1307,477,2012,2245,705,1768
ff30ae71b5e1a4de6c12219316b7db4f,369d834fc03f806cf03e9c2d7b876c85,1168,0,2012,2812,844,2812
ff30ae71b5e1a4de6c12219316b7db4f,2c8e0358937f6516f0394d40a919ace8,0,682,679,2463,679,1781
ff30ae71b5e1a4de6c12219316b7db4f,8dd1988d89a16d1fd852aa43acca21af,0,0,797,2508,797,2508
529faa2602cfc37ecc076a1205e25ac2,c40044e8a8e6d961c241e8aad8fef2a8,0,463,593,2812,593,2349
86eb40706da4bc2e7c7c321c51dea320,b83d14f63aae9537fa92762f7c323662,1715,0,2800,2594,1085,2594
529faa2602cfc37ecc076a1205e25ac2,ee2eb694302a4d960f6b90772f590033,1365,405,2012,2484,647,2079
529faa2602cfc37ecc076a1205e25ac2,2ce9bfd5dcdc404f706801188129db6a,1197,0,2012,2812,815,2812
529faa2602cfc37ecc076a1205e25ac2,31618e83805ce60c136a67ecfb2a0982,0,0,832,2812,832,2812
f2adfd714b2940d37d99d0039aae191f,60cbb399ddb75ffaa5ba954074d374dd,0,0,1035,2812,1035,2812
f2adfd714b2940d37d99d0039aae191f,cfa09c68735d9d3c203a94ddbdb6914b,1061,0,2012,2812,951,2812
f2adfd714b2940d37d99d0039aae191f,fc0d29c2d9a72510ba85433d1dff23ca,1052,297,2012,2812,960,2515
f2adfd714b2940d37d99d0039aae191f,b182f8a0488abed904a90ae750829959,0,0,1091,2812,1091,2812
e40395270b091c226dc73cc9c6c2afe2,07aef1389177ff428c1f78ef882e704f,0,535,997,2484,997,1949
e40395270b091c226dc73cc9c6c2afe2,d4f53fa0caf2d34395916ab3e1630cd9,0,0,1167,3518,1167,3518
e40395270b091c226dc73cc9c6c2afe2,5a9572178c6428555d825e1ff0005c82,1710,0,2800,2718,1090,2718
e40395270b091c226dc73cc9c6c2afe2,f9502162b9acab7f8c99f59ed9a5e4e6,1750,546,2800,2577,1050,2031
3bf1744623b761a698fcac1b214b5831,8af6fc45bdd5f09d1d6cd72df3d31ebc,0,320,894,3238,894,2918
3bf1744623b761a698fcac1b214b5831,b9b56afbf6cfc1f5f89e1481f2c4a07e,1749,0,2800,3181,1051,3181
3bf1744623b761a698fcac1b214b5831,a23e6c7087bf9f78207628b0f9faf8dc,1836,484,2800,3404,964,2920
3bf1744623b761a698fcac1b214b5831,1475af381c6c1cab77ca7dc2dc2d5899,0,0,918,3518,918,3518
6df82a6f79312d3cd74ffa5c5122ab2f,0f40cfc60045ad556b15ea6c7c7d37dd,1926,0,2800,3518,874,3518
6df82a6f79312d3cd74ffa5c5122ab2f,0db093a35cca466e17abdad0e7ba53d7,0,514,626,2567,626,2053
6df82a6f79312d3cd74ffa5c5122ab2f,3e729a30436a228341dea9e62a628ae9,2111,585,2800,2554,689,1969
6df82a6f79312d3cd74ffa5c5122ab2f,6355a5376026950515a7c280b8000c38,0,0,807,3518,807,3518
9ef438775be2a39eff0b049178e41c7c,c7e177f940729cec0952dc73a32c30ac,2101,0,2800,2485,699,2485
9ef438775be2a39eff0b049178e41c7c,ef197260dc32d740e8fee39c0333dac6,0,0,789,2817,789,2817
9ef438775be2a39eff0b049178e41c7c,d897b1ed14c31dd749fa73bae8ca8fa2,0,571,625,2220,625,1649
9ef438775be2a39eff0b049178e41c7c,5dcf158cb4b724d9e5653402ff9553c0,2149,635,2800,2311,651,1676
428fe4b4ca07c9aadf2f14c4701c8e94,fc74afdeaca1a81ad5bb45a83a9f983a,0,652,840,3518,840,2866
3183091b7f33ac0f38c32246571df05c,dd7cbe9c3e4c7048dee9da3c0c3fb76b,0,0,869,2428,869,2428
428fe4b4ca07c9aadf2f14c4701c8e94,bfc0c111e344a461123973bdedac1150,1822,0,2800,3507,978,3507
428fe4b4ca07c9aadf2f14c4701c8e94,dc3767ae87dd0595917c6207a3b45b26,1953,651,2800,3518,847,2867
428fe4b4ca07c9aadf2f14c4701c8e94,d5b99ea2e98de466b9316e3a09c3c1e9,0,0,887,3222,887,3222
3183091b7f33ac0f38c32246571df05c,c6c24ac22b0c2143766158cdc1067ae6,1188,0,2012,2812,824,2812
3183091b7f33ac0f38c32246571df05c,57e4398b7276650b6f86ff384c91f36d,0,269,698,2557,698,2288
3183091b7f33ac0f38c32246571df05c,6b346f3ba243c3a6bd405dd160312526,1395,0,2012,2181,617,2181
3534e4c688e0323434fb98e799089756,f8af02dcc7c24bdd2686d49134acc8c0,0,0,890,3518,890,3518
3534e4c688e0323434fb98e799089756,0dab90af78cd3cca90367f2ba01598a3,1968,120,2800,2610,832,2490
e3f493eb7824fc6885ad1befe4fa5100,4ca54a8d6206923dbc71c44abb89a368,0,769,569,2378,569,1609
e3f493eb7824fc6885ad1befe4fa5100,bf11a08b312b232f9dc8f2f5a316b4a3,0,0,759,2134,759,2134
e3f493eb7824fc6885ad1befe4fa5100,3bd1af71653e117e5e98293d596b965b,1380,394,2012,2024,632,1630
3534e4c688e0323434fb98e799089756,2d0dc19dfbae248161beb975554983bc,1881,0,2800,3518,919,3518
e3f493eb7824fc6885ad1befe4fa5100,5eb45203356cc13333d0ec10ca39bf62,1260,0,2012,2579,752,2579
3534e4c688e0323434fb98e799089756,8fa08eb20952bc2718902b4a33bdf99a,0,272,865,3518,865,3246
ce3a076258fc2d6a58c2e148a5b96103,58c41eda893f1ddc2b42b8a905b5b6a1,2094,333,2800,2272,706,1939
ce3a076258fc2d6a58c2e148a5b96103,5925cc9b3acedfc21582d0924bb4c8c1,0,0,887,3518,887,3518
ce3a076258fc2d6a58c2e148a5b96103,3937f0916fcf53be262e5e27685e9544,0,789,772,2871,772,2082
ce3a076258fc2d6a58c2e148a5b96103,6cdb8fa042105b3b99a5690494f0e1d6,1943,0,2800,3518,857,3518
5e50c065fe7a10f83fb8d2f6aac160de,2a1f9088b8feeb23c0a7fe477ec2c77e,0,0,1051,2353,1051,2353
5e50c065fe7a10f83fb8d2f6aac160de,c3afe1de31412136b46fd58e8891c9bc,1600,19,2800,2347,1200,2328
f0b8d3e81c6bf4972e72b82a15d7af23,f33afd4da1422c6e1ac1fb14d93e28ca,0,416,1208,2711,1208,2295
5e50c065fe7a10f83fb8d2f6aac160de,91dd6f08d336104cb9f030a82b1c921c,1639,0,2800,2525,1161,2525
5e50c065fe7a10f83fb8d2f6aac160de,474c074a6295c2e3ba311cf80df81e7b,0,543,1087,2542,1087,1999
f0b8d3e81c6bf4972e72b82a15d7af23,50edc729d0e2c26ab577264148ecc975,720,0,2012,2622,1292,2622
f0b8d3e81c6bf4972e72b82a15d7af23,acc04f13a8caa8ad1c407636aa413d0a,866,210,2012,2482,1146,2272
f0b8d3e81c6bf4972e72b82a15d7af23,9aa7b5fb7f8a59f3ab7274f6215538ad,0,0,1326,2687,1326,2687
a438bcbe8cb36b6e7e1935507761ffd6,9ca30ad5451807ac4ddec58746f6104c,0,0,749,2381,749,2381
a438bcbe8cb36b6e7e1935507761ffd6,920c6f34bf0e3cdd1e2c976054099728,1246,0,2012,2783,766,2783
a438bcbe8cb36b6e7e1935507761ffd6,d18fa93592a22510e1bdf93b6720ae8e,0,559,624,2265,624,1706
a438bcbe8cb36b6e7e1935507761ffd6,e6839138a2641903a4833c380e18a564,1335,0,2012,2275,677,2275
74516d10ead0c6ae48dd247bab74ee02,0528e89707550f54d3677dd55b11e698,589,0,2012,2744,1423,2744
74516d10ead0c6ae48dd247bab74ee02,5ec47acab5554204d0aee3fe201e63f9,0,0,1518,2748,1518,2748
74516d10ead0c6ae48dd247bab74ee02,17863d144762fb31418c8a324059243f,0,41,1474,2812,1474,2771
0f0551f4edb5494b0d8765c23fe421ae,bef2aebeeee11a80478eb621fa6666d8,2025,353,2800,2504,775,2151
0f0551f4edb5494b0d8765c23fe421ae,8fd5b97bbd645d4d8aa8173a6d2b224e,0,526,942,2782,942,2256
74516d10ead0c6ae48dd247bab74ee02,ab006b085205fb2991d7545cff00c137,658,108,2012,2812,1354,2704
18d099de1df0b4d01e393a77ca3262e8,91ec0a37487dd10a8dedbf4a3199463f,0,0,804,2430,804,2430
18d099de1df0b4d01e393a77ca3262e8,1b10ee46dd83d7c4d3ef1062f79ecad5,0,0,926,2812,926,2812
18d099de1df0b4d01e393a77ca3262e8,f329db139740011dda70fbc56f0a8370,1235,156,2012,2228,777,2072
0f0551f4edb5494b0d8765c23fe421ae,ba36492a8c1e245af08614e4c6a02ff7,0,0,1045,2874,1045,2874
18d099de1df0b4d01e393a77ca3262e8,e6ca69254458a018805fbeaaff2dfb79,1089,0,2012,2812,923,2812
0f0551f4edb5494b0d8765c23fe421ae,a37e508fc994c1c7a846ec23edfb400f,1773,0,2800,2746,1027,2746
4f001c6d2a1d48a86d88e1a2552a5528,531110b7878895b2adf0ade5dbb89b26,1887,0,2800,3181,913,3181
4f001c6d2a1d48a86d88e1a2552a5528,96677ea54f6330c9c4648b00525243ba,0,0,999,2761,999,2761
4f001c6d2a1d48a86d88e1a2552a5528,542a1d3ac945b8e79bac72dd07b6bc9e,0,114,981,2576,981,2462
4f001c6d2a1d48a86d88e1a2552a5528,6fda4a625b2c612d2a1db43d79394784,1914,342,2800,3518,886,3176
092cefbdd53b53df67ebd6a805bddea0,e164d89a39f7e6707c8483dbf8964bb6,2000,0,2800,3518,800,3518
092cefbdd53b53df67ebd6a805bddea0,2fa1047f13dca2c793e3f6d722ddef11,0,723,728,2493,728,1770
092cefbdd53b53df67ebd6a805bddea0,fa490318fbeadce7d651a3c7a234830c,2048,558,2800,2285,752,1727
092cefbdd53b53df67ebd6a805bddea0,c56c49c706d3ccce5ba96378d2aea5be,0,0,752,3518,752,3518
ef4fd53bb99a92819b1dff9327fd9bc9,920e584539fad733a542a8e869c107d0,1911,121,2800,2532,889,2411
ef4fd53bb99a92819b1dff9327fd9bc9,f57a3ccf77a3a1b88e67b4d33e4a0f3d,1817,0,2800,3518,983,3518
ef4fd53bb99a92819b1dff9327fd9bc9,d74ee136aaa3e18831a10feab80134c9,0,0,901,3282,901,3282
ef4fd53bb99a92819b1dff9327fd9bc9,eee9be7b1ffe101f53bb2d088a531f7e,0,129,793,2706,793,2577
548c16502e9c38108397de097e46f6a3,af57d89c8df09cb64152bc4155b129fb,0,498,777,3518,777,3020
548c16502e9c38108397de097e46f6a3,654f678a2655da66e595f31ed897eb43,2020,809,2800,3518,780,2709
548c16502e9c38108397de097e46f6a3,817c0512761c605a2c11b8ec3d03ab2a,0,0,825,2544,825,2544
548c16502e9c38108397de097e46f6a3,4bbabcda4b7490b15eb5f671336d5bb0,1953,0,2800,3518,847,3518
fd99522daafb323a5ff865e04b19d316,3f9a54efdf19d11a90d3e83d1ae4202f,0,0,1361,2869,1361,2869
fd99522daafb323a5ff865e04b19d316,7b5e3f73bab744a7fa6df78dee4a4326,1360,281,2800,2746,1440,2465
9fde0a75dc4915615383dba80d7ac034,850d9e1df2a7613e4b420fa7c2e20a01,0,710,981,3032,981,2322
9fde0a75dc4915615383dba80d7ac034,9c7029a3095659f9df1f448d599f2e52,0,0,1064,3580,1064,3580
9fde0a75dc4915615383dba80d7ac034,bc319510626db09fc80de6693655e9b6,1850,568,2730,3580,880,3012
d0accde54989134aceb8778395212576,2e861ffb2167d0d9086ca940f28f3c4f,1903,403,2800,2965,897,2562
d0accde54989134aceb8778395212576,993f9900514c5fe26d2825d1df3e1d4d,1856,0,2800,3024,944,3024
fd99522daafb323a5ff865e04b19d316,585a93d67d057302b25a2543cd6d220e,0,309,1374,2810,1374,2501
9fde0a75dc4915615383dba80d7ac034,3a71e660bbd3b3ad1dbc9b4285b9193e,1757,0,2772,2874,1015,2874
d0accde54989134aceb8778395212576,841757b4dbf62e6a09c3199b7f27f27f,0,0,979,3509,979,3509
d0accde54989134aceb8778395212576,03411e5d4d10b79ba7afd6361dcd4f95,0,561,871,2989,871,2428
fd99522daafb323a5ff865e04b19d316,6e5c1c5657c40d8365f79f704b7bcaf2,1284,0,2800,2923,1516,2923
c53e2c93d290d217803500267edad906,8575b8f4f411afdeb672a7466f06f843,0,0,1012,2736,1012,2736
c53e2c93d290d217803500267edad906,ca13a4909b0a95d4ba8a2030156f726d,1789,619,2800,2917,1011,2298
c53e2c93d290d217803500267edad906,1c35cb30f776b18ab35a12deae0845b9,1771,0,2800,2882,1029,2882
c53e2c93d290d217803500267edad906,c0835bef54ce7343b1bcfd5ff7c8e383,0,432,991,2754,991,2322
b7158270c5f4a83634900de8a6ca3637,8e441c0f745552802d1709b8f6353313,0,0,2012,2812,2012,2812
b7158270c5f4a83634900de8a6ca3637,541862493e2607de883c1890a9148279,0,0,2012,2812,2012,2812
b7158270c5f4a83634900de8a6ca3637,eb9be97eacc06ef43963e6f0639c8444,117,0,2012,2812,1895,2812
1ce73d8a46f5132a69690e0620e4f017,6f163e17cc5c72b1fa8b40ba917caee9,0,732,906,2809,906,2077
1ce73d8a46f5132a69690e0620e4f017,524ff9e47fdcdddb9e127c48f034d2fc,1949,0,2812,2736,863,2736
f2d4c332b5c039bcb07e87090e0ce9ce,c660acad5350810548c86b82d39f6b39,0,283,955,2414,955,2131
f2d4c332b5c039bcb07e87090e0ce9ce,537c6b1f19d4c7c6f441c1b71de902ad,0,0,983,2591,983,2591
1ce73d8a46f5132a69690e0620e4f017,cf75355476e6ac410312cbc1865b1011,1883,781,2812,2857,929,2076
f2d4c332b5c039bcb07e87090e0ce9ce,3407bee98645abc876bc8f8518fc6937,1153,322,2012,2372,859,2050
1ce73d8a46f5132a69690e0620e4f017,901e31ea5345d0d42a243d881391e786,0,0,960,2603,960,2603
f2d4c332b5c039bcb07e87090e0ce9ce,5b371acc5c73caaf23e69dfd570adf2b,1028,0,2012,2462,984,2462
443af8de1a0d47fe93e88ee1e4dfac8e,54cdbb11f9da7660575eef584b9ce520,2113,0,2800,3518,687,3518
443af8de1a0d47fe93e88ee1e4dfac8e,98d9121596f36834a1de8441d0aab483,2064,158,2800,2295,736,2137
443af8de1a0d47fe93e88ee1e4dfac8e,46ac3d3cac9c8b2c5883d92a7e380128,0,538,702,2575,702,2037
443af8de1a0d47fe93e88ee1e4dfac8e,8cd7efa8d18db3211b3368a448d58ac8,0,0,670,2390,670,2390
eb388e18ea77aa6038eb3eda846dca65,fb71634a1f48fa27227e98a2b8b01764,1901,0,2800,2752,899,2752
eb388e18ea77aa6038eb3eda846dca65,53cc8ee1fabf6708844e3aa1eda0ceee,0,0,852,2616,852,2616
eb388e18ea77aa6038eb3eda846dca65,5749b880d07afc4919fcd8fa961eaba1,0,0,902,2647,902,2647
eb388e18ea77aa6038eb3eda846dca65,7a94fc03fbf8eb38ec07a3b02bc9e3ed,1888,466,2800,3263,912,2797
b7158270c5f4a83634900de8a6ca3637,d2800d64c9d93ea5fd1a74cf60fc86d8,0,0,1993,2812,1993,2812
908606aaa328b434e0a6c5f3f0f1b9e1,964fa7a696c488b6df082b0aa343caa4,1113,0,2012,2812,899,2812
908606aaa328b434e0a6c5f3f0f1b9e1,a0b5da12b382b562912242dd97891917,1098,0,2012,2812,914,2812
908606aaa328b434e0a6c5f3f0f1b9e1,f382b240996a1520d7be9dfc680361fb,0,0,1018,2657,1018,2657
6c4e86701d8d1ba62b3b42931c91bf6e,a2c9c6dda0e507b15c790362ba6a2533,0,860,1021,2938,1021,2078
6c4e86701d8d1ba62b3b42931c91bf6e,bafe9a28e86aef751ddf4bd69f612dae,1806,349,2800,2543,994,2194
6c4e86701d8d1ba62b3b42931c91bf6e,fe575ad7fee825ea428a0a254018184a,1864,0,2800,2662,936,2662
6c4e86701d8d1ba62b3b42931c91bf6e,ad40cb59e83ae186feda1b714a07524c,0,0,1993,2957,1993,2957
2c585209909b89117b751264aa2be915,3fa8684051153545da202da19182f4f2,0,217,1208,2598,1208,2381
2c585209909b89117b751264aa2be915,0daab4906adc5009ab5f15db5cb8c7f5,1399,0,2800,2471,1401,2471
a8a8295f6e9911720b48c173f54a0b2c,0052e86bc9f1518d0ac744f7addcb809,0,419,1441,2724,1441,2305
2c585209909b89117b751264aa2be915,1ac552a5782896ca9d69dabd5d156327,0,0,1395,3518,1395,3518
2c585209909b89117b751264aa2be915,c86883165a2d58c379be9c828cad8481,1560,244,2800,2649,1240,2405
908606aaa328b434e0a6c5f3f0f1b9e1,1c90e167a01dd1d3d56de267fe6e8f49,0,227,1015,2812,1015,2585
a8a8295f6e9911720b48c173f54a0b2c,c6ac1af080b4de25f1c425d2ed692c32,1526,0,2800,3518,1274,3518
a8a8295f6e9911720b48c173f54a0b2c,f925748f045ebb6d5fed0e8a5aa18561,1502,272,2800,2657,1298,2385
39ade935d0e96cc09f220fe0781dfcab,f77be1e8f0c1faa8bac644812c230cbf,1872,0,2800,2329,928,2329
544b47ac8afc3bd0370c2b0ca0a7a9fa,71d4a135884ed2be1a5cced07577d6a7,1708,0,2800,2596,1092,2596
544b47ac8afc3bd0370c2b0ca0a7a9fa,ea3b364ccf993b001b65cefce7d529d1,0,509,859,2690,859,2181
544b47ac8afc3bd0370c2b0ca0a7a9fa,d9570041e11682812b4e28653268077a,0,0,1040,3518,1040,3518
a8a8295f6e9911720b48c173f54a0b2c,27d53877d8966a16755b215c8a27ac3a,0,0,1506,3328,1506,3328
544b47ac8afc3bd0370c2b0ca0a7a9fa,62d495ba23d9e9b537f9ed6c4a9441d7,1843,368,2800,2605,957,2237
e165de82e91293d6993918776874821d,fa62bfb18ecd5fe37a4cc21b957a4eed,1795,0,2800,3415,1005,3415
39ade935d0e96cc09f220fe0781dfcab,8a78da8d4b20ab214b29837612c6cd83,1722,471,2800,2627,1078,2156
e165de82e91293d6993918776874821d,cce71a28493a6a7501becd919b728b58,0,0,1031,3518,1031,3518
ec8079ef8c8e825138ecad2507393727,092daddfab23c3096b43225d01d34d36,0,0,915,2359,915,2359
ec8079ef8c8e825138ecad2507393727,dd398388816c40f5d8a3a5f1ab3b7a04,1017,0,2012,2490,995,2490
39ade935d0e96cc09f220fe0781dfcab,d6f2a52f57fc3b75617fcc0c8a96fbff,0,0,883,2516,883,2516
ec8079ef8c8e825138ecad2507393727,0e79825d66f003c7f8aecd7f9c2b823e,0,131,798,2270,798,2139
ec8079ef8c8e825138ecad2507393727,4abab3f721b06406cb0b1488cba5ba09,1083,0,2012,2491,929,2491
e165de82e91293d6993918776874821d,3b450588df74ff5b6159474d9c9dbdf1,0,514,915,2708,915,2194
e165de82e91293d6993918776874821d,223646dfc19e2605828b0262bc68a4db,1843,503,2800,3518,957,3015
39ade935d0e96cc09f220fe0781dfcab,f1daaa80a7ebf6dff747059dd9817a4a,0,488,1015,2669,1015,2181
00dfcde5aaf6cd0aab3c3a0435632b3f,12c6268d034c1b0112aacd2b4ecb1080,0,625,988,2808,988,2183
00dfcde5aaf6cd0aab3c3a0435632b3f,0b0241e1676978a4e5717cb6406f48d1,1810,157,2800,2479,990,2322
00dfcde5aaf6cd0aab3c3a0435632b3f,5a9722cd3728e212505d0636d212a1e4,1778,0,2800,2550,1022,2550
a134e13c3f14315704d88827232d665a,a1b7e72098dd6ac38d94be634ccc9131,1682,398,2800,3518,1118,3120
00dfcde5aaf6cd0aab3c3a0435632b3f,8a07d099fdc4ffd84cbda873b72f461d,0,0,1002,2522,1002,2522
a134e13c3f14315704d88827232d665a,70982f34084b9930f4ff8af15016d35f,0,0,1207,3156,1207,3156
a134e13c3f14315704d88827232d665a,df2880e0cbf74321ca0387aee00dccc0,0,0,1156,2904,1156,2904
a134e13c3f14315704d88827232d665a,32424aebd21680ab765cb43aea25b0b3,1627,0,2800,3184,1173,3184
267017781a384b0a5f0f04db5506a4ce,cb998a0c566b28e8be77a49ffb5782e4,2062,0,2800,3312,738,3312
267017781a384b0a5f0f04db5506a4ce,b457d3e8df97b6c0174ba4d5d33b5b23,0,0,726,2768,726,2768
267017781a384b0a5f0f04db5506a4ce,e4e96892852a0d4d817a170c2098b1c5,0,554,745,2736,745,2182
267017781a384b0a5f0f04db5506a4ce,e26b5666392a345158c2c4c2d388741f,2037,545,2800,3440,763,2895
906d8bf2c3351dcbb1816518a0f6bf3c,919be87d5e3825a6c6005f85393a7316,0,0,795,2736,795,2736
906d8bf2c3351dcbb1816518a0f6bf3c,6988ff313c694dbcaf0570929f8034c4,1976,647,2800,2540,824,1893
f49ec897603d92cbeb5b484353ff5096,885fd058a44f9d9281cb65dfa9192f34,0,0,694,3414,694,3414
f49ec897603d92cbeb5b484353ff5096,3022d7427cbb1fc01243022a9765eee8,0,368,685,2277,685,1909
f49ec897603d92cbeb5b484353ff5096,439180af87e583d30414cfb42b9f596f,2167,291,2800,2401,633,2110
404ddf80543d2d71c5a314f547b72d9a,aefbcda95e792d6217c89c284a4e1f00,1008,0,2012,2603,1004,2603
f49ec897603d92cbeb5b484353ff5096,d02b5efd983657ecbd8d5ced313d2698,2091,0,2800,2379,709,2379
404ddf80543d2d71c5a314f547b72d9a,65c854a13abe9fb2dbd3e1622f8943d1,0,0,981,2812,981,2812
404ddf80543d2d71c5a314f547b72d9a,87b28aa861561c5f796204f5f5cbf2d5,925,0,2012,2812,1087,2812
404ddf80543d2d71c5a314f547b72d9a,75e95a8d096d8cb4ce4b2240c08fdf97,0,77,1017,2812,1017,2735
2cfcd3602d50c43ca62e83fadb30afc7,9eb8fadd639bed879a5d14df2fc79b48,1682,0,2800,3518,1118,3518
2cfcd3602d50c43ca62e83fadb30afc7,b2dd6163bce5b3ed844ec8b7c1616ed4,1800,470,2800,2554,1000,2084
2cfcd3602d50c43ca62e83fadb30afc7,eea3c0f97810e30122dbf25b94b3b8e1,0,0,1262,3518,1262,3518
2cfcd3602d50c43ca62e83fadb30afc7,6b894d5efe71c245f116ac52417f7c33,0,538,1015,2741,1015,2203
28eb668601ac25349e36c8cdd040b41b,92dd8c4ba0e043d6201ff2aaa41d595a,1906,0,2800,2633,894,2633
28eb668601ac25349e36c8cdd040b41b,b1796339582de698af4fcbffe72642bd,0,0,970,2833,970,2833
28eb668601ac25349e36c8cdd040b41b,c33cabd280f1bf05f95cb1408452c1bb,1981,225,2800,2468,819,2243
28eb668601ac25349e36c8cdd040b41b,9e81152169d2561bc7ff19e9bd79aa78,0,342,868,2533,868,2191
906d8bf2c3351dcbb1816518a0f6bf3c,ad19b51ffc12e3810ffba8169a8f34cd,0,309,845,2385,845,2076
e29ade31fe04d80d2df48f2b4036eb13,4a2d6a80a6c323f57ad6500584c5fb54,0,0,1016,2706,1016,2706
e29ade31fe04d80d2df48f2b4036eb13,314ea6f2027e38740fcc65e8f6e7b3ee,0,0,1055,2397,1055,2397
906d8bf2c3351dcbb1816518a0f6bf3c,629fe812716c24a852eca6a916cc112d,1969,0,2800,3518,831,3518
e29ade31fe04d80d2df48f2b4036eb13,7e6cb572d994e7ad686a1aa55d5ce12f,1064,0,2012,2381,948,2381
e29ade31fe04d80d2df48f2b4036eb13,d5f843a7b1994ce7e865389f8355a49d,1102,0,2012,2763,910,2763
d82d6c5649e553f1f974f43c17d292e2,aa21d6a56077d3aec43500906e73c6fb,0,628,868,2944,868,2316
d82d6c5649e553f1f974f43c17d292e2,f2b446c1755656fc975a2aba61115670,0,0,987,3119,987,3119
d82d6c5649e553f1f974f43c17d292e2,55a767d59b64a81240f67335093b3cec,1926,0,2800,2991,874,2991
d82d6c5649e553f1f974f43c17d292e2,61c878f7c77b3033e17c49ba0fd48ce3,1929,0,2800,2957,871,2957
73be6c9dcf69967c751e30cbe5c8fd55,0d0c76cf04069b224806e8d8d3a9351b,0,692,1082,3580,1082,2888
73be6c9dcf69967c751e30cbe5c8fd55,8a85f3f9f4079f891341052f79aa01aa,1680,0,2812,2938,1132,2938
73be6c9dcf69967c751e30cbe5c8fd55,d55fe35cb1cac106c8b5f05967642991,0,0,1079,2963,1079,2963
73be6c9dcf69967c751e30cbe5c8fd55,7b5eebaadc1d22bc3cb716f1f0f93bc9,1686,284,2812,2529,1126,2245
df0c7befd215a91c8d6ed17e8b2e0291,edb17c209c4cc74fab25421d6972fbba,0,0,880,3518,880,3518
df0c7befd215a91c8d6ed17e8b2e0291,1a92c34db7cb4fa38c225b1cd30ce98c,0,510,834,3413,834,2903
df0c7befd215a91c8d6ed17e8b2e0291,30ea9fbe78cd41d7ef97136b64dd7ce8,1887,0,2800,3518,913,3518
df0c7befd215a91c8d6ed17e8b2e0291,679dba4a2ac87280d20929fd91304137,2087,349,2800,3282,713,2933
048a16c6b91c7da2f940c0e4881afc5a,142535f0e65372fe32e714969a1efb0a,1965,692,2800,3518,835,2826
048a16c6b91c7da2f940c0e4881afc5a,9234c9b427de75c7a8319810bc13d789,1853,0,2800,3518,947,3518
048a16c6b91c7da2f940c0e4881afc5a,e7975756bc6ba7979305693e770dca75,0,669,967,2955,967,2286
048a16c6b91c7da2f940c0e4881afc5a,a80240130ace6d7456e9f8eb0014a399,0,0,1036,3518,1036,3518
bc4bd0143a2a84362bce8490266598bf,2fde2f5e77749d459d1967ec81ad946e,1303,0,2800,2863,1497,2863
7acd5cf7e9ed22ffa868521c5df257ce,a6d01ff7f0bac21c50db7baf5df382ce,1992,122,2800,3518,808,3396
bc4bd0143a2a84362bce8490266598bf,650d58a7fd6da29e28ad1e1c5b085cf7,0,685,1423,3518,1423,2833
bc4bd0143a2a84362bce8490266598bf,b3853dc75204ef618e095f2899f4af76,1303,323,2800,2602,1497,2279
7acd5cf7e9ed22ffa868521c5df257ce,ea14c3a4c2f64d528a92396ffad6f673,1877,0,2800,3168,923,3168
7acd5cf7e9ed22ffa868521c5df257ce,4b6a0f0d8cc1865dbef8352321801283,0,0,867,2858,867,2858
01dc12907d44f53b979e3d1b0fb00d60,df89dd6e8d2a3903c8da79ab591db08e,1728,471,2800,2599,1072,2128
01dc12907d44f53b979e3d1b0fb00d60,2a58d97a6ea265618838352b3f7325f9,1763,0,2800,2614,1037,2614
7acd5cf7e9ed22ffa868521c5df257ce,56c68a2f5588f65e6f8f5354ba48c893,0,0,907,3518,907,3518
01dc12907d44f53b979e3d1b0fb00d60,890018cb52bdc41e824b3855d2024c55,0,751,1062,3518,1062,2767
01dc12907d44f53b979e3d1b0fb00d60,566430d42653c70107e338b769876a06,0,0,1075,3518,1075,3518
01dd49731329cbe81a9876b583b92f30,7e926509f0c78f79a89d78bdc98d33a4,0,0,1140,2775,1140,2775
01dd49731329cbe81a9876b583b92f30,8571e19c01c2a737afb8baf1453b7f2e,1652,0,2800,2691,1148,2691
01dd49731329cbe81a9876b583b92f30,ee4b069d64636bdadb8cc32a081e93a1,1785,143,2800,2682,1015,2539
01dd49731329cbe81a9876b583b92f30,9f439d9116cfae477ec99c22b86b6af3,0,62,1048,3488,1048,3426
963b17a27ef76a28e69046e8cd69d336,e143b6aa39f10528e6004fd40a70175d,0,0,808,3518,808,3518
3752f93ac7960ebafb0ca142e162daa8,229eac26dfe4d59c1fb726cab301635c,0,655,791,2546,791,1891
3752f93ac7960ebafb0ca142e162daa8,c9cce071e90e2451aa02d5b88dadb211,2021,710,2800,2515,779,1805
b9a94c8d69c1c7c5433cbe035fafaf50,cd32e7249b6a2b2ef3d1a488c9388b38,1175,481,2012,2299,837,1818
3752f93ac7960ebafb0ca142e162daa8,7943608fe153948b7fa43cb255f48386,1950,0,2800,3518,850,3518
3752f93ac7960ebafb0ca142e162daa8,60af0a40efd115edd6ce353ee6e3742a,0,0,831,2655,831,2655
1749223c9b8005f17587fe51a62c6af7,73fbae50deb1c56f437a9e0ffbcfe83d,1974,0,2800,3184,826,3184
1749223c9b8005f17587fe51a62c6af7,ff545784db5739a99ada9c6912a7ba7a,0,0,806,2771,806,2771
1749223c9b8005f17587fe51a62c6af7,289d136a3b6625565ecd64637968f0ea,0,706,707,3518,707,2812
1749223c9b8005f17587fe51a62c6af7,b7d9bfff242190b8793b2a412ae1d68e,1975,298,2800,2407,825,2109
b9a94c8d69c1c7c5433cbe035fafaf50,a0fdff91676e8e3cee89af8a2d0eea82,0,428,780,2186,780,1758
b9a94c8d69c1c7c5433cbe035fafaf50,e97550e9877faea678557c5e3d52438b,0,0,800,2381,800,2381
963b17a27ef76a28e69046e8cd69d336,269e98f5e3f8aa102bc2c0cb867f3385,2187,268,2800,2291,613,2023
bc4bd0143a2a84362bce8490266598bf,4cd301531ff7b7aa0dd36da9fe0320ed,0,0,1320,2788,1320,2788
963b17a27ef76a28e69046e8cd69d336,4e3f3fc39072faebc3d063abea035cef,0,399,608,2844,608,2445
533dd951778951156ec365ad78ac29b0,0b890826434018b3a101fa25789067e0,2017,730,2800,2714,783,1984
963b17a27ef76a28e69046e8cd69d336,54e16769b0e30e36d194410926c799e1,2017,0,2800,2936,783,2936
533dd951778951156ec365ad78ac29b0,f2609f5c7726dc3c867031e1d77e2ee9,1871,0,2800,3334,929,3334
533dd951778951156ec365ad78ac29b0,94114c9530f8a5acfda73aa611e69046,0,924,746,2867,746,1943
b9a94c8d69c1c7c5433cbe035fafaf50,45471cbb4e03feaf00cc030d9ebbf205,1120,0,2012,2457,892,2457
a1bf95b262b8e5134b8d19ec0191aa2c,48f3c7bf08384b3f5e47c8cc2ee0bfc2,2030,0,2800,2268,770,2268
533dd951778951156ec365ad78ac29b0,d36156e3aa30ef3896379cb09865809c,0,0,894,2521,894,2521
a1bf95b262b8e5134b8d19ec0191aa2c,6b2ed946ebfc538a6c6fb99c38e369e4,0,0,831,2905,831,2905
a1bf95b262b8e5134b8d19ec0191aa2c,8258a66c56c12dc1dc79a0bce9170d1c,1971,619,2800,2557,829,1938
a1bf95b262b8e5134b8d19ec0191aa2c,fea9a73b0958b051f31710917595415f,0,731,823,2740,823,2009
5994d36a57013537b3813a7944ac1c29,201c45eb805fb16fc374ed7b7b66f3b6,1807,794,2702,2804,895,2010
5994d36a57013537b3813a7944ac1c29,a0b44e638944fbb6f381bfeb2436a954,1595,0,2670,2600,1075,2600
5994d36a57013537b3813a7944ac1c29,5c412e127b4d1aa9dc3e58ba65558889,0,0,1096,2534,1096,2534
5994d36a57013537b3813a7944ac1c29,16ae68b5ae70d26a60c4f70f6ea82a49,0,859,993,2897,993,2038
fb4a509714b88808565fd32b9ee06102,610b68de4ebf7337120b7a385deffaf4,0,0,955,3518,955,3518
fb4a509714b88808565fd32b9ee06102,b0353840a8addbdb718c193362b169fa,0,0,850,2664,850,2664
fb4a509714b88808565fd32b9ee06102,719aa258649b0efa68c0270fcb8bc865,1785,0,2800,3518,1015,3518
fb4a509714b88808565fd32b9ee06102,bfe5c0f48e4fb59864c7d63321788a83,1853,285,2800,2394,947,2109
dac4bf979e9c06fa7e2e1602fe15579d,5e725f24184c23372f0e091bc41438a7,1756,272,2800,3253,1044,2981
dac4bf979e9c06fa7e2e1602fe15579d,bc03fe2de4624a49690e7e7e40c5eba4,0,605,1104,3354,1104,2749
dac4bf979e9c06fa7e2e1602fe15579d,3af5cf620ac5d325f2f1ee1afe3a4fc9,1665,0,2800,3518,1135,3518
dac4bf979e9c06fa7e2e1602fe15579d,f60369bab33544ed073a3c5c39d614be,0,0,1065,2844,1065,2844
5aff6370372a57bd9652ae2a15b1169a,f8e7d26b75c72d6ae0b0b633e8fa9a9b,0,320,1117,2747,1117,2427
5aff6370372a57bd9652ae2a15b1169a,526264b3a902f7dada59ba6fd6aec758,0,0,1035,3417,1035,3417
06fb1049bdeb2245944ca2e85374a54a,d8bf67da8dff8ba8f98985b02bef3adb,0,0,1085,2812,1085,2812
06fb1049bdeb2245944ca2e85374a54a,734727de7cfbb724a561e18290b77d3c,1150,254,2012,2136,862,1882
5aff6370372a57bd9652ae2a15b1169a,9531ec941dab2d8fd6e8599348259ee2,1665,33,2800,3518,1135,3485
06fb1049bdeb2245944ca2e85374a54a,b4b3ccca39f49f2a4d9cf0f8e898a1a0,1019,0,2012,2812,993,2812
5aff6370372a57bd9652ae2a15b1169a,c254507e8d10834b96e02e82b24cbf83,1717,0,2800,3518,1083,3518
06fb1049bdeb2245944ca2e85374a54a,4e79ae8acd75c1999b39148c6809fa9c,0,198,1014,2157,1014,1959
0f9f6659d4b52e87a89d7b53e1cfd4db,85f9ee8107b2176093eb848515089128,1738,0,2800,2372,1062,2372
0f9f6659d4b52e87a89d7b53e1cfd4db,7fe24f9d87919bf0b42aec3fa0ff733e,0,439,1180,2521,1180,2082
0f9f6659d4b52e87a89d7b53e1cfd4db,10096392fe602640b5172aad64dcc12f,0,0,1027,2719,1027,2719
0f9f6659d4b52e87a89d7b53e1cfd4db,7ca8b70b1dfeef59682641db9a9c08df,1699,462,2800,2567,1101,2105
74bc1d93d0be756f3b01ba57f9ac4b05,3265b6e2170e4bbc2c572a96bbb99818,1661,0,2800,2809,1139,2809
03cdb1057e1e358723e5b22f908eb2c4,470aff1ecea82d3f41e7ebce2229fd62,0,0,1047,2433,1047,2433
03cdb1057e1e358723e5b22f908eb2c4,e97ceb2314a7cf87ab659b2a5c0f20be,1009,188,2012,2261,1003,2073
74bc1d93d0be756f3b01ba57f9ac4b05,1a39866804305ca7415082d81161fd9d,0,399,1225,2785,1225,2386
03cdb1057e1e358723e5b22f908eb2c4,67004f83801fb13616cfb781287bdc79,0,488,1065,2542,1065,2054
03cdb1057e1e358723e5b22f908eb2c4,46f12bb3e2d6de55298231365b382e72,1044,0,2012,2812,968,2812
74bc1d93d0be756f3b01ba57f9ac4b05,42f0da66d155e5544a0c9b02d1ceb85b,1646,438,2800,2697,1154,2259
74bc1d93d0be756f3b01ba57f9ac4b05,3d0613f6153a454ab88741e17128281f,0,0,1204,2837,1204,2837
62fffc9253e2e29b6774b4bdb386c777,4e78e9d0746f7ac2a7e80433fca84835,0,0,852,3518,852,3518
62fffc9253e2e29b6774b4bdb386c777,f3740a36f7852a5985a1f014afe137c0,2060,908,2800,3204,740,2296
79252c8402ef60bd355bf97d2b3924b6,0158b2c290d79b927d8d641d0d696965,1861,103,2800,2551,939,2448
62fffc9253e2e29b6774b4bdb386c777,816dad42c2d4dabdffe75f1103c8fd9e,0,670,722,2985,722,2315
62fffc9253e2e29b6774b4bdb386c777,939443aa79d7f9cd244cfd68823bf801,1958,0,2800,2912,842,2912
79252c8402ef60bd355bf97d2b3924b6,6637e0e065590924930fdd2dd8766608,0,0,1057,2623,1057,2623
79252c8402ef60bd355bf97d2b3924b6,d41f31d5595b44904a870bbb02a7ac47,0,101,982,2707,982,2606
79252c8402ef60bd355bf97d2b3924b6,e87f18a55cb0430d73b77ff9783f755d,1711,0,2800,2534,1089,2534
